1	[7, 8, 9, 10, 11, 12, 13]
2	[14, 15, 17, 18, 19, 21, 22, 24, 26, 27]
4	[28, 29, 30, 31, 32, 33, 34, 245, 246, 247, 248, 249, 250, 251, 287, 288, 289, 290, 291, 292, 293, 203, 204, 205, 206, 207, 208, 209]
8	[56, 57, 58, 59, 60, 61, 62, 4, 886, 954, 704, 844, 788, 562, 622, 878, 714, 976, 882, 627, 701, 713, 517, 529, 555, 917, 722, 716, 535, 515, 761, 752, 942, 609, 839, 874, 603, 231, 232, 233, 234, 235, 236, 237, 475, 476, 477, 478, 479, 480, 481, 482, 483, 484, 485]
9	[63, 64, 65, 66, 67, 68, 69, 577, 775, 727, 531, 521, 537, 851, 656, 876, 706, 619, 900, 817, 539, 735, 647, 863, 860, 873, 683, 987, 877, 527, 681, 821, 916, 797, 6, 772, 736, 922, 684, 895, 803, 866, 904, 705, 767]
14	[98, 99, 100, 101, 102, 103, 104, 224, 225, 226, 227, 228, 229, 230, 308, 309, 310, 311, 312, 313, 314, 315, 294, 295, 296, 297, 298, 299, 300]
15	[105, 106, 107, 108, 109, 110, 111]
16	[112, 113, 115, 116, 252, 253, 254, 255, 256, 257, 258, 259, 260, 261, 262, 263, 264, 265]
17	[119, 121, 123, 124, 125, 77, 78, 79, 80, 81, 83, 553, 626, 739, 753, 870, 966, 969, 984, 997]
21	[147, 148, 149, 150, 151, 152, 153]
22	[154, 155, 156, 157, 84, 85, 86, 87, 88, 89, 90, 980, 564, 890, 985, 536, 778, 926, 604, 963, 859, 528, 676]
24	[168, 169, 170, 171, 172, 173, 174, 182, 183, 184, 185, 186, 187, 188]
25	[175, 178, 127, 129]
28	[196, 197, 198, 202, 355, 352, 348, 350]
34	[238, 239, 240, 241, 242, 243, 244]
38	[269, 271, 71, 73, 194, 195, 189]
39	[273, 274, 275, 276, 277, 278, 279]
45	[316, 319, 321, 322]
46	[324, 327, 329, 330, 331]
47	[334, 335, 337, 338, 339]
49	[349, 351, 353, 354]
50	[356, 357, 358, 359, 360, 361, 362, 363]
51	[364, 365, 366, 367, 368, 369, 370, 371]
52	[372, 373, 374, 375, 376, 377, 378, 379, 91, 92, 94, 95]
53	[380, 381, 382, 383, 384, 385, 386, 387, 210, 211, 212, 213, 214, 215, 216]
54	[388, 389, 390, 391, 392, 393, 394, 395, 396]
55	[397, 398, 399, 400, 401, 402, 403, 404, 405]
57	[417, 421, 422, 423]
58	[424, 425, 426, 427, 428, 429, 430, 431, 432]
59	[433, 434, 435, 436, 437, 438, 439, 440, 441, 442, 49, 50, 51, 52, 53, 54, 55, 161, 162, 163, 164, 165, 166, 167]
60	[443, 444, 445, 446, 447, 448, 449, 450, 451, 452]
61	[453, 454, 458, 463, 340, 341, 342, 343, 344, 345, 346, 347]
64	[486, 487, 488, 489, 490, 491, 492, 493, 494, 495, 496, 497, 498, 35, 36, 37, 38, 39, 40, 41]
67	[864, 624, 903, 689, 935, 612, 551, 794, 712, 793]
69	[978, 816, 771, 950, 698]
70	[416, 420, 419, 418, 415]
71	[699, 638, 599, 567, 800, 692, 843, 823, 787, 898, 918]
72	[465, 466, 470, 474]
73	[118, 117, 114, 217, 218, 219, 220, 221, 222, 223, 190, 191, 192, 193, 406, 407, 408, 409, 410, 411, 412, 413, 414]
74	[503, 500, 501, 512, 508, 519]
76	[96, 97, 133, 134]
77	[1, 523, 643, 563, 674, 544, 888, 542, 630, 601, 814, 2, 707, 795, 623, 972, 806, 798, 694, 928, 846, 749, 652, 943, 700, 842, 557, 581, 971, 546, 541, 995, 937, 718, 617, 949, 522, 199, 200, 302, 307, 20, 464, 467, 468, 471, 472, 473]
78	[958, 583, 582, 526, 640, 741, 742, 862, 695, 602, 525, 642, 902, 763, 629, 615, 837, 804, 625, 720, 777, 883, 893, 636, 594, 507, 516, 520]
79	[320, 323, 317, 967, 565, 598, 812, 614]
80	[750, 758, 857, 923, 948, 558, 671, 743, 894, 747, 589, 281, 284]
82	[305, 25, 16, 23, 306, 304, 201, 301, 303]
83	[268, 266, 70, 272, 270, 74, 267, 76, 75, 72]
86	[159, 160, 158, 176, 181, 126, 131, 132, 128, 179, 130, 177, 180]
88	[781, 680, 944, 841, 769, 885, 957, 827, 721, 913, 975, 585, 682, 648, 998, 559, 571, 809, 960, 909, 905, 645, 740, 628, 836, 665, 532, 42, 43, 44, 45, 46, 47, 48]
89	[887, 953, 965, 677, 933, 925, 524, 757, 688, 655, 660]
91	[137, 881, 560, 756, 675, 556, 869, 871, 992, 644, 744, 994, 748, 939, 697, 785, 889, 906, 678, 726, 891, 554, 990, 964, 831, 657, 711, 608, 801, 908, 996, 610, 530, 140, 141, 142, 144, 145]
93	[867, 733, 911, 653, 838, 618, 947, 587]
94	[461, 456, 460, 459, 462, 457, 455]
95	[538, 734, 897, 690, 696, 828, 708, 970]
96	[896, 710, 738, 717, 139, 632, 988, 687, 830, 592, 760, 621]
97	[616, 811, 572, 899, 834, 961, 951, 952, 848, 852, 840, 646, 802, 584, 936, 820, 596, 679, 779, 810, 915, 991, 789, 861, 547, 586, 673, 607, 845, 833, 566, 907, 580, 780, 855, 919, 825, 579, 941, 729, 932, 533]
98	[93, 138, 135]
99	[853, 884, 634, 776, 946, 505, 593, 759, 723, 981, 983, 611, 518, 590, 703, 805, 766, 5, 730, 499, 751, 514, 754, 3, 506, 591, 989, 819]
100	[732, 318, 920, 549]
101	[631, 856, 979, 731, 664, 959, 669, 280, 999, 808, 620, 910, 865, 977, 661, 807, 662, 892, 765, 286, 576, 728, 962, 770, 605, 283, 672, 880, 719, 737, 659, 930, 285, 709, 637, 854, 790, 824, 693, 600, 545, 956, 993, 829, 773, 858, 633, 663, 725, 927, 574, 974, 597, 849, 879, 685, 691, 282]
102	[333, 336, 332]
103	[813, 573, 815, 613, 764, 635, 940, 540, 850, 783, 872, 835]
104	[912, 136, 901, 143, 666, 606, 924, 146]
105	[328, 325, 326]
106	[792, 774, 513, 668, 755, 745, 0, 768, 595, 651, 504, 832, 791, 715, 796, 868, 934, 509, 502, 510, 658, 822, 511, 561, 826, 762, 575, 569, 639, 550, 938, 973, 670, 931]
107	[818, 955, 654, 914, 782, 588, 548, 469, 746, 982]
108	[784, 543, 686, 568, 650, 786, 986, 641, 875, 847, 929, 945, 724, 921, 667, 570, 799, 578, 649, 968, 534, 702]
109	[122, 552, 82, 120]
