1	[7, 8, 9, 10, 11, 12, 13]
3	[21, 22, 23, 24, 25, 26, 27]
4	[28, 29, 30, 31, 32, 33, 34]
5	[35, 36, 37, 38, 39, 40, 41]
6	[42, 43, 44, 45, 46, 47, 48]
7	[49, 50, 51, 54, 252, 253, 255, 256, 257, 258, 3, 540, 549, 554, 560, 566, 567, 569, 570, 571, 582, 585, 587, 593, 595, 605, 616, 618, 619, 622, 623, 634, 635, 638, 640, 642, 645, 648, 650, 657, 658, 662, 663, 666, 671, 674, 677, 681, 686, 687, 692, 693, 694, 696, 697, 706, 709, 712, 718, 720, 726, 729, 730, 737, 741, 742, 748, 750, 751, 754, 755, 757, 763, 764, 774, 775, 781, 782, 784, 785, 795, 796, 800, 802, 804, 805, 806, 812, 822, 825, 827, 836, 838, 843, 849, 856, 857, 859, 868, 872, 878, 883, 885, 887, 900, 903, 906, 919, 920, 928, 930, 934, 946, 959, 968, 969, 970, 973, 979, 981, 989, 991, 992]
8	[56, 57, 60, 62]
9	[63, 64, 65, 66, 67, 68, 69]
10	[70, 71, 72, 73, 74, 75, 76]
11	[77, 78, 79, 80, 81, 82, 83]
12	[84, 85, 86, 87, 88, 89, 90]
13	[91, 92, 93, 94, 95, 96, 97]
14	[98, 99, 100, 101, 102, 103, 104]
15	[105, 106, 107, 108, 109, 110, 111]
17	[119, 120, 121, 122, 123, 124, 125]
18	[126, 127, 128, 129, 130, 131, 132, 383, 384, 385, 386, 387, 388, 389, 390]
19	[133, 134, 135, 136, 137, 138, 139]
20	[140, 141, 142, 143, 144, 145, 146]
21	[147, 148, 149, 150, 151, 152, 153, 168, 169, 170, 171, 172, 173, 174]
22	[154, 155, 156, 157, 158, 159, 160]
23	[161, 162, 163, 164, 165, 166, 167]
25	[175, 176, 177, 178, 179, 180, 181]
26	[182, 183, 184, 185, 186, 187, 188]
27	[189, 190, 191, 192, 193, 194, 195]
29	[204, 205, 207, 208]
30	[210, 211, 212, 213, 214, 215, 216]
31	[217, 218, 219, 220, 221, 222, 223]
32	[224, 225, 226, 227, 228, 229, 230]
33	[231, 232, 233, 234, 235, 236, 237]
34	[238, 239, 240, 241, 242, 243, 244]
35	[245, 246, 247, 248, 249, 250, 251]
37	[259, 261, 263, 264]
38	[266, 267, 268, 269, 270, 271, 272, 196, 197, 198, 199, 200, 201, 202]
39	[273, 274, 275, 276, 277, 278, 279]
40	[280, 281, 282, 283, 284, 285, 286]
41	[287, 288, 289, 290, 291, 292, 293]
42	[294, 295, 296, 297, 298, 299, 300, 14, 15, 16, 17, 18, 19, 20]
43	[301, 302, 303, 304, 305, 306, 307]
44	[308, 309, 310, 311, 312, 313, 314]
45	[315, 316, 317, 318, 319, 320, 321]
46	[322, 323, 324, 325, 326, 327, 328]
47	[329, 330, 331, 332, 333, 334, 335]
48	[336, 337, 338, 339, 340, 341, 342, 656, 541, 965, 581, 669, 564, 897, 577, 761, 625, 818, 952, 736, 661, 688, 931, 941, 787, 543, 552, 731, 870, 643, 833, 733, 769, 651, 865, 760, 610, 916, 704, 940, 858, 840, 993, 791, 617, 971, 933, 644, 558, 548, 935, 601, 0, 759, 690, 735, 626, 892, 624, 922, 583, 799, 779, 713, 963, 630, 790, 850, 708, 574, 829, 6, 909, 828, 728, 562, 834, 653, 568, 876, 942, 2, 665, 607, 813, 860, 557, 629, 777, 975, 841, 606, 996, 947, 902, 884, 937, 756, 752, 955, 596, 1, 918, 932, 768, 862, 986, 839, 948, 808, 766, 864, 594, 660, 739, 793, 589, 977, 816, 723, 978, 639, 964, 609, 873, 982, 598, 621, 699, 599]
49	[343, 344, 345, 346, 347, 348, 349, 350]
50	[352, 353, 355, 356]
51	[359, 360, 361, 362, 363, 364, 365, 366]
52	[367, 368, 369, 370, 371, 372, 373, 374]
53	[375, 376, 377, 378, 379, 380, 381, 382]
55	[391, 392, 393, 394, 395, 396, 397, 398]
56	[399, 400, 401, 402, 403, 404, 405, 406]
57	[407, 408, 409, 410, 411, 412, 413, 414, 415]
58	[416, 417, 418, 419, 420, 421, 422, 423, 424]
59	[425, 426, 427, 428, 429, 430, 431, 432, 433]
60	[434, 435, 436, 437, 438, 439, 440, 441, 442, 443]
61	[446, 448, 449, 453]
62	[454, 455, 456, 457, 458, 459, 460, 461, 462, 463, 464, 465, 466, 467, 112, 113, 114, 115, 116, 117, 118]
63	[468, 469, 470, 471, 472, 473, 474, 475, 476, 477, 478, 479, 480, 481, 482, 483, 484, 485, 486, 487, 488]
64	[489, 490, 491, 493, 495, 496, 497, 498, 499, 500, 501, 502, 503, 504, 505, 507, 508, 509]
65	[510, 511, 512, 513, 514, 515, 516, 517, 518, 519, 520, 521, 522, 523, 524, 525, 526, 527, 528, 529, 530, 531, 532, 533, 534, 535, 536, 537, 538, 539]
66	[613, 832, 966, 721, 725, 563, 705, 678, 985, 679, 810, 592, 707, 641, 958, 788, 925, 997, 620, 561, 5, 664, 907, 758]
67	[492, 494, 506]
68	[659, 572, 844, 988, 672, 987, 961, 743, 691, 927, 845, 602, 823, 667, 936, 998, 683, 994, 913, 789, 744, 889, 591, 879, 921, 722, 597, 801, 904, 951, 815, 727, 817, 874, 852, 880, 915, 835, 957, 811, 544, 628, 831, 778, 670, 886, 740, 905, 798, 673, 980, 939, 579, 636, 847, 753, 682, 772, 576, 926, 881, 676, 901, 555, 715, 762, 854, 999, 976, 719, 575, 809, 668, 967, 588, 938, 749, 603, 950, 746, 655, 773, 551, 738, 830, 972, 895, 771, 960, 866, 911, 867, 546, 908, 745, 896, 820, 700, 717, 776, 614, 956, 803, 580, 545, 949, 732, 898, 701, 608, 944, 631, 698, 649, 627, 984, 792, 724, 703, 890, 710, 734, 869, 565, 611, 604, 590, 767, 714, 695, 556, 600, 652, 875, 877, 894, 893, 716, 914, 633, 945, 923, 711, 917, 821, 783, 882, 848, 953, 863, 814, 689, 983, 888, 861, 990, 632, 586, 846, 684, 770, 929, 547, 807, 702, 680, 654, 912, 974, 647, 819, 871, 578, 899, 891, 962, 943, 824, 954, 995, 4, 646, 747]
69	[357, 351, 354, 358]
70	[265, 260, 262]
71	[61, 59, 58]
73	[851, 559, 55, 924, 553, 637, 780, 542, 797, 573, 675, 837, 550, 254, 765, 53, 853, 615, 612, 584, 842, 910, 786, 52, 685, 855, 794, 826]
74	[445, 444, 447, 451, 450, 452]
75	[206, 203, 209]
