1	[7, 8, 9, 10, 11, 12, 13]
2	[14, 15, 17, 18, 19, 21, 22, 24, 26, 27]
4	[28, 29, 30, 31, 32, 33, 34, 245, 246, 247, 248, 249, 250, 251]
8	[56, 57, 58, 59, 60, 61, 62, 4, 886, 954, 704, 844, 788, 562, 622, 878, 714, 976, 882, 627, 701, 713, 517, 529, 555, 917, 722, 716, 535, 515, 761, 752, 942, 609, 839, 874, 603]
9	[63, 64, 65, 66, 67, 68, 69, 577, 775, 727, 531, 521, 537, 851, 656, 876, 706, 619, 900, 817, 539, 735, 647, 863, 860, 873, 683, 987, 877, 527, 681, 821, 916, 797, 6, 772, 736, 922, 684, 895, 803, 866, 904, 705, 767]
12	[84, 85, 86, 87, 88, 89, 90, 980, 564, 890, 985, 536, 778, 926, 604, 963, 859, 528, 676]
13	[91, 92, 94, 95]
14	[98, 99, 100, 101, 102, 103, 104, 224, 225, 226, 227, 228, 229, 230, 308, 309, 310, 311, 312, 313, 314, 315, 294, 295, 296, 297, 298, 299, 300]
15	[105, 106, 107, 108, 109, 110, 111]
16	[112, 113, 115, 116]
17	[119, 120, 121, 122, 123, 124, 125, 77, 78, 79, 80, 81, 82, 83, 552, 553, 626, 739, 753, 870, 966, 969, 984, 997]
20	[140, 141, 142, 143, 144, 145, 146]
21	[147, 148, 149, 150, 151, 152, 153]
22	[154, 155, 156, 157]
24	[168, 169, 170, 171, 172, 173, 174, 182, 183, 184, 185, 186, 187, 188]
25	[175, 178, 127, 129]
28	[196, 197, 198, 202]
33	[231, 232, 233, 234, 235, 236, 237, 475, 476, 477, 478, 479, 480, 481, 482, 483, 484, 485]
34	[238, 239, 240, 241, 242, 243, 244]
36	[252, 253, 254, 255, 256, 257, 258, 259, 260, 261, 262, 263, 264, 265]
38	[269, 271, 71, 73]
39	[273, 274, 275, 276, 277, 278, 279]
41	[287, 288, 289, 290, 291, 292, 293, 203, 204, 205, 206, 207, 208, 209]
45	[316, 319, 321, 322]
46	[324, 325, 326, 327, 328, 329, 330, 331]
47	[332, 333, 334, 335, 336, 337, 338, 339]
48	[340, 341, 342, 343, 344, 345, 346, 347]
49	[349, 351, 353, 354]
50	[356, 357, 358, 359, 360, 361, 362, 363]
51	[364, 365, 366, 367, 368, 369, 370, 371]
52	[372, 373, 374, 375, 376, 377, 378, 379]
53	[380, 381, 382, 383, 384, 385, 386, 387, 210, 211, 212, 213, 214, 215, 216]
54	[388, 389, 390, 391, 392, 393, 394, 395, 396]
55	[397, 398, 399, 400, 401, 402, 403, 404, 405]
57	[417, 421, 422, 423]
58	[424, 425, 426, 427, 428, 429, 430, 431, 432]
59	[433, 434, 435, 436, 437, 438, 439, 440, 441, 442, 49, 50, 51, 52, 53, 54, 55, 161, 162, 163, 164, 165, 166, 167]
60	[443, 444, 445, 446, 447, 448, 449, 450, 451, 452]
61	[453, 454, 458, 463]
64	[486, 487, 488, 489, 490, 491, 492, 493, 494, 495, 496, 497, 498, 35, 36, 37, 38, 39, 40, 41]
67	[864, 624, 903, 689, 935, 612, 551, 794, 712, 793]
69	[978, 816, 771, 950, 698]
70	[416, 420, 419, 418, 415]
71	[813, 613, 815, 573, 699, 635, 638, 783, 599, 835, 567, 800, 940, 764, 692, 843, 823, 787, 872, 898, 540, 918, 850]
72	[465, 466, 470, 474]
73	[118, 117, 114, 217, 218, 219, 220, 221, 222, 223, 190, 191, 192, 193, 406, 407, 408, 409, 410, 411, 412, 413, 414]
74	[503, 500, 501, 512, 508, 519]
76	[96, 97, 133, 134]
77	[1, 523, 643, 563, 674, 544, 654, 888, 746, 542, 630, 601, 814, 2, 707, 795, 623, 972, 806, 548, 798, 694, 928, 846, 749, 652, 943, 955, 700, 842, 557, 581, 971, 588, 546, 541, 995, 818, 914, 937, 718, 617, 982, 782, 949, 522, 199, 200, 302, 307, 20, 464, 467, 468, 469, 471, 472, 473]
78	[958, 583, 792, 582, 526, 640, 561, 651, 741, 973, 762, 774, 931, 569, 938, 742, 745, 862, 695, 755, 868, 595, 668, 602, 525, 642, 902, 670, 658, 826, 934, 575, 763, 629, 615, 837, 804, 822, 832, 791, 625, 0, 720, 639, 777, 715, 550, 796, 883, 893, 636, 594, 768, 502, 504, 507, 509, 510, 511, 513, 516, 520]
79	[320, 323, 317, 967, 565, 598, 812, 614]
80	[663, 879, 962, 693, 669, 659, 959, 977, 731, 829, 824, 854, 930, 750, 576, 773, 728, 770, 600, 858, 691, 910, 758, 974, 709, 856, 857, 892, 880, 605, 664, 923, 807, 999, 685, 574, 993, 662, 948, 633, 672, 597, 790, 725, 737, 558, 631, 671, 808, 765, 719, 865, 637, 743, 545, 979, 927, 894, 620, 849, 747, 589, 956, 661, 280, 281, 282, 283, 284, 285, 286]
82	[305, 25, 16, 23, 306, 304, 201, 301, 303]
83	[268, 266, 70, 272, 270, 74, 267, 76, 75, 72]
84	[194, 195, 189]
86	[159, 160, 158]
87	[355, 352, 348, 350]
88	[781, 680, 944, 841, 769, 885, 957, 827, 721, 913, 975, 585, 682, 648, 998, 559, 571, 809, 960, 909, 905, 645, 740, 628, 836, 665, 532, 42, 43, 44, 45, 46, 47, 48]
89	[786, 887, 686, 945, 650, 953, 965, 649, 875, 677, 534, 641, 799, 570, 986, 578, 847, 933, 784, 925, 724, 921, 524, 757, 702, 568, 688, 929, 667, 655, 968, 660, 543]
91	[136, 137, 881, 560, 756, 675, 556, 901, 869, 871, 992, 912, 644, 744, 994, 748, 939, 697, 785, 889, 906, 678, 726, 924, 891, 554, 990, 964, 831, 657, 711, 606, 608, 801, 666, 908, 996, 610, 530]
92	[176, 181, 126, 131, 132, 128, 179, 130, 177, 180]
93	[867, 733, 911, 653, 838, 618, 947, 587]
94	[461, 456, 460, 459, 462, 457, 455]
95	[538, 734, 897, 690, 696, 828, 708, 970]
96	[896, 710, 738, 717, 139, 632, 988, 687, 830, 592, 760, 621]
97	[616, 811, 572, 899, 834, 961, 951, 952, 848, 852, 840, 646, 802, 584, 936, 820, 596, 679, 779, 810, 915, 991, 789, 861, 547, 586, 673, 607, 845, 833, 566, 907, 580, 780, 855, 919, 825, 579, 941, 729, 932, 533]
98	[93, 138, 135]
99	[853, 884, 634, 776, 946, 505, 593, 759, 723, 981, 983, 611, 518, 590, 703, 805, 766, 5, 730, 499, 751, 514, 754, 3, 506, 591, 989, 819]
100	[732, 318, 920, 549]
