12	[88, 448, 707, 641, 907, 679]
19	[135, 136, 148, 612, 806, 569, 437, 436, 60, 963, 465, 709, 461, 932, 779, 660, 928, 829, 935, 955, 355, 993, 558, 467, 574, 651, 609, 466, 892]
20	[142, 144, 656, 977, 548, 799, 583, 947, 194, 865, 975]
25	[175, 178, 285, 360, 361, 363, 364, 527, 531, 419, 874, 722, 515, 537, 420, 472, 513, 512, 510, 417, 535, 944, 422, 613, 966, 563, 705, 810, 592, 788, 997, 620, 561, 664, 940, 39, 736, 552, 952, 897, 965, 35, 766, 166, 669, 38, 163, 36, 862, 617, 933, 756, 986, 2, 164, 653, 629, 6, 630, 626, 752, 690, 665, 713, 167, 971, 916, 818, 761, 40, 165, 161, 606, 728, 699, 41, 838, 623, 383, 910, 855]
31	[217, 218, 221, 663, 334, 329, 659, 4, 789, 929, 894, 224, 227, 229, 230, 372, 373, 374, 918, 688, 220, 168, 284, 64, 359, 767, 280, 314, 171, 262, 68, 286, 177, 403, 288, 300, 309, 67, 223, 259, 100, 211, 311, 365, 591, 731, 152, 291, 265, 150, 260]
33	[231, 232, 234, 235, 236, 927, 711, 649, 604, 814, 995, 597, 111, 700, 335, 961, 734, 631, 848, 684, 740, 949, 998, 636, 691, 820, 579, 773, 655, 945, 8, 9, 11, 12, 70, 71, 73, 74, 75, 76, 316, 317, 319, 320, 321, 154, 155, 156, 157, 158, 159]
34	[238, 239, 240, 241, 242, 244, 98, 99, 101, 102, 103, 104, 399, 400, 404, 405, 406, 210, 212, 213, 214, 216, 65, 66, 566, 706, 208, 658, 885, 784, 692, 648, 622, 859, 737, 992, 174, 127, 147]
41	[287, 289, 290, 292, 293, 261, 264, 61, 59, 294, 20, 958, 92, 93, 816, 982, 193, 624, 790, 339, 273, 276, 278, 279, 119, 121, 29, 32, 33, 34, 807, 380, 936, 304, 654, 302, 759, 668, 893, 143, 895, 580, 943, 813, 596, 983, 672, 481, 635, 827, 124, 593, 120]
46	[325, 328, 430, 95, 96, 97, 297, 91, 18, 16, 550, 765, 126, 780, 55, 615]
74	[447, 450, 551, 852, 803, 896, 869, 960, 939, 957, 701, 950, 603]
77	[744, 890, 880, 614, 984, 792, 331, 333, 382, 876, 839, 811, 82, 281, 176, 180, 282, 362, 179, 366]
78	[482, 473, 416, 418, 421, 423, 424, 913, 533, 519, 522, 536, 528, 530, 80, 967, 724, 0, 445, 917, 454]
90	[369, 370, 368, 49, 666, 919, 412, 407, 204, 800, 812, 712, 825, 755, 748, 930, 642, 413, 671, 970, 981]
97	[581, 760, 739, 808, 195, 834, 941, 455, 112, 57, 356, 434, 441, 442, 598, 471, 486, 634, 868]
110	[878, 567, 477, 488, 480, 729, 959, 742, 560, 782, 934, 726, 694, 483, 969, 769, 468, 153]
117	[676, 972, 682, 117, 618, 680, 337, 347, 564, 987, 801, 877, 485, 444, 778, 543, 457, 256, 657, 901, 575, 912, 904, 349, 652, 753, 999, 938]
122	[151, 173, 149, 389, 303, 924, 837, 295, 428, 433, 851, 301, 426, 131, 427, 323, 324, 985, 19, 584, 94, 432, 573, 299, 425, 542, 385, 797, 741, 616, 132, 129, 675, 973, 718, 697, 968, 853, 130, 384, 645, 991, 388, 857, 386, 50, 795, 696, 415, 872, 258, 205, 786, 409, 826, 53, 794, 781, 257, 764, 52, 54, 842, 637, 255, 802, 254, 253, 549, 650, 619, 252, 693, 774, 585, 470, 677, 989, 484, 674, 476, 605, 822, 662]
131	[411, 883, 553, 207, 906, 23, 24, 25, 26]
132	[887, 754, 570, 900]
135	[747, 727, 452, 915, 600, 90, 22, 116, 460]
139	[251, 246, 249, 351, 245, 358, 565, 375, 702, 831, 733, 864, 884, 931, 594, 496, 497, 501, 850, 390, 866, 376]
147	[633, 980, 590, 206, 504, 500, 505, 493, 498, 499, 145, 141, 140, 146, 58, 340, 263, 751, 686, 401]
148	[63, 215, 402, 69, 243]
152	[10, 7, 160, 72, 283, 181, 219, 828]
153	[730, 222, 763]
157	[310, 313, 643, 342, 870]
158	[312, 308, 921, 277, 30, 125, 31, 122]
161	[138, 137, 172, 353, 463]
162	[45, 84, 458, 89]
165	[798, 898, 854, 13, 315, 237, 233, 318, 557, 610, 189, 860, 190, 42, 44, 47, 48, 113, 110, 105, 716, 106, 602, 588, 717, 547, 492, 494, 506, 511, 514, 517, 518, 520, 521, 524, 525, 526, 529, 532, 534, 538, 539, 578, 646, 772, 698, 988, 783, 627, 846, 572, 891, 576, 771, 628, 835, 819, 882, 107, 703, 451, 555, 670, 888, 108, 732, 667, 830, 863, 743, 953, 109, 632, 879, 647, 951, 923, 905, 608, 845, 990, 695, 847, 27, 43, 456, 330]
166	[169, 128, 327, 133, 134, 78, 821, 746, 962, 824, 776, 556, 823, 586, 817, 81, 954, 926, 738, 714, 79, 867, 844, 83, 762, 611, 976, 889, 881, 544, 77, 749, 994, 689, 182, 183, 184, 185, 186, 187, 188, 266, 267, 268, 269, 270, 271, 272, 196, 197, 198, 199, 200, 201, 202, 599, 607, 162, 638, 414, 720, 554, 836, 640, 775, 681, 979, 540, 785, 687, 849, 410, 408]
167	[274, 28, 275, 123, 804, 856]
168	[46, 516, 523, 21, 710, 956]
170	[546, 225, 332, 571, 673, 228, 37, 815, 942, 367, 770, 719, 341, 226, 908, 371, 809]
172	[704, 336, 3, 541, 435, 114, 750, 192, 708, 858, 723, 440, 439, 487, 115, 56, 469, 589, 443, 438, 562, 352, 478, 464, 922, 62]
173	[429, 326, 685, 17, 14, 322, 15, 431, 387]
174	[937, 768, 964, 601, 639, 793, 948, 305, 625, 902, 791, 306, 840, 1, 661, 833, 909, 338]
175	[735, 139, 758, 170]
176	[378, 508, 343, 393, 495, 644, 886, 344, 503, 118, 209, 357, 777, 715, 381, 462, 873, 568, 491, 996, 307, 978, 346, 875, 203, 348, 459, 577, 621, 899, 391, 394, 377, 787, 191, 350, 509, 502, 841, 395, 392, 247, 298, 354, 250, 296, 490, 489, 345, 559, 248, 507, 974, 396, 398, 914, 397, 946, 51, 475, 582, 843, 595, 587, 903, 474, 920, 796, 805, 479, 757, 683, 745, 545, 861, 911, 871, 379, 925, 86, 721, 87, 678, 446, 85, 453, 5, 832, 449, 725]
