2	[14, 15, 16, 17, 18, 19, 20]
5	[133, 135, 136, 183, 170]
10	[70, 71, 72, 73, 74, 75, 76, 938, 770, 223, 979]
13	[91, 92, 93, 94, 95, 96, 97]
14	[98, 99, 100, 104, 1, 706, 720, 724, 727, 750, 751, 762, 769, 771, 788, 791, 801, 803, 824, 844, 903, 909, 912, 923, 931, 935, 946, 949, 955, 963, 965, 998, 30, 49, 53, 445]
15	[106, 107, 108, 111, 245, 246, 247, 248, 249, 250, 251]
24	[169, 174, 396, 411, 186, 324, 224, 225, 228, 230]
33	[231, 232, 233, 234, 235, 236, 237]
40	[283, 284, 288, 289]
41	[290, 291, 292, 293, 294, 296, 514, 523, 525, 278, 279]
44	[320, 451, 744, 940]
46	[331, 334, 336, 337, 257, 255, 473, 79, 474, 82, 256, 483, 253, 252, 254]
48	[348, 349, 350, 351, 352, 353, 354, 355, 356]
50	[544, 85, 298, 301]
52	[384, 386, 388, 390, 601, 613, 586, 621, 629, 620]
57	[440, 442, 443, 446, 447, 790, 930, 856, 843, 832, 996, 775, 883]
58	[461, 359, 203, 932, 853, 865]
59	[469, 471, 476, 477, 478, 481, 482, 795, 717, 0, 101, 944, 973, 31, 855, 450, 759, 818, 975]
60	[485, 487, 488, 490, 491, 492, 496, 501, 502, 504, 64, 261, 259, 263, 262, 217, 218, 222, 572, 581, 559, 585, 564]
63	[554, 555, 561, 566, 579, 168, 37, 39, 139]
68	[740, 732, 761, 976, 984, 764, 950, 913, 62, 115, 116, 418, 423, 425, 434, 437, 282]
69	[195, 192, 193, 379, 382, 378, 380, 375, 105, 109, 110, 342, 346, 339, 176, 175, 344, 341]
70	[719, 5, 980, 964, 825, 887, 786, 941, 927, 806, 882, 870, 589, 603, 609, 611, 625, 636]
75	[974, 746, 785, 957, 874, 921]
76	[737, 977, 311, 312]
88	[387, 392, 385, 391, 389]
89	[177, 340, 343, 345, 347, 819, 701, 33, 702, 849, 318, 901, 880, 734, 314, 315, 995, 547, 535, 90, 540, 526, 88, 548, 86]
91	[553, 582, 578, 321, 317, 316, 319]
92	[904, 34, 51, 813, 885, 846, 794, 29, 990, 845, 850, 812, 962]
94	[807, 132, 238, 244]
95	[894, 942, 766, 2, 982, 713, 836]
96	[860, 821, 777, 804, 755, 793, 550, 38, 401, 562, 565, 134, 137, 182, 580, 583]
97	[847, 742, 898, 219]
98	[638, 639, 595, 628]
100	[862, 735, 817, 981, 828, 816, 966, 936, 858, 738, 820, 968, 705, 52, 939, 920, 102, 792, 989]
104	[623, 393, 599, 633, 617, 631, 598, 610, 260, 264, 265, 22, 23, 24, 25, 26, 27]
105	[800, 306, 308, 313, 81, 472, 468]
106	[560, 557, 558, 584, 570, 569]
107	[184, 66, 493, 503]
111	[660, 695, 694, 661, 650, 672, 747, 309, 307, 310, 721, 772, 911]
112	[722, 863, 999]
115	[545, 531, 152, 537, 87, 549, 150, 427, 420, 421, 419, 154, 155, 156, 157, 158, 159, 160, 266, 267, 268, 269, 270, 271, 272, 273, 42, 43, 44, 45, 46, 47, 48, 571, 35, 138, 567, 172, 568]
116	[945, 736, 933]
118	[848, 886, 808, 703, 925]
119	[884, 675, 662, 687, 681, 652, 673, 871, 686, 645]
120	[881, 714, 757, 7, 8, 10, 522, 513, 511, 519, 464, 462, 454, 204, 54, 363, 459, 743, 951, 362]
121	[328, 408, 325, 395, 173, 171, 326]
123	[304, 383, 648, 655, 678, 691]
125	[577, 556, 575, 527, 528, 532, 533, 542, 546, 84, 332, 335, 338, 330, 333, 417, 416, 426, 147, 148, 149, 151, 153, 467, 463, 465]
126	[602, 587, 588, 596, 594, 142, 606, 604]
127	[916, 826, 842, 837, 908, 943, 707, 745, 798, 953, 781, 805, 888]
128	[89, 543, 529, 368, 541, 536, 530, 534, 369, 538, 371, 366, 374, 367, 539]
129	[704, 899, 948, 864]
130	[512, 506, 274, 276, 505, 277, 210, 211, 212, 213, 214, 215, 216, 365, 455, 460, 358, 456]
131	[869, 711, 715, 857, 861, 752, 867, 875]
132	[452, 919, 723, 28, 758, 789, 851, 55, 50, 449, 716, 823, 993, 839, 776, 937, 895, 767, 896, 709, 733]
133	[196, 122, 407, 327, 400, 406, 240, 188, 402, 59, 399, 126, 119, 124, 120, 410, 128, 892, 199, 403, 415, 397, 409, 323, 404, 127, 198, 185, 202, 405, 726, 201, 394, 239, 329, 398, 241, 187, 130, 125, 129, 197, 243, 121, 412, 322, 242, 131, 200, 58, 123]
136	[799, 749, 756, 822, 961, 831]
138	[227, 226, 229, 178, 179, 180, 181, 41, 36, 40, 161, 162, 163, 164, 165, 166, 167]
139	[728, 954, 840]
140	[873, 987, 441, 902, 763, 810, 754, 753, 959, 444, 926, 448, 835]
142	[780, 748, 696, 653, 651, 654, 646, 670, 649, 685, 897, 676, 688, 677, 782, 729, 679, 693, 674, 658, 668]
144	[731, 784, 924, 877, 712, 811, 624, 773, 741, 615, 6, 879, 796]
145	[665, 699, 667, 657]
146	[65, 413, 414]
147	[475, 479, 480]
148	[838, 4, 928, 866, 778, 952, 969, 739, 833]
149	[991, 960, 967, 868, 910]
150	[876, 32, 708, 906, 889, 730]
153	[634, 605, 614, 616, 622, 635, 189, 593, 592, 619, 194, 627, 146, 190, 618, 640, 597, 191, 632, 630, 140, 607, 591, 600, 143, 608, 637, 141, 145, 144, 612, 626, 590]
154	[663, 760, 700, 683, 697, 659, 643, 830, 671, 689, 684, 690, 669, 642, 664, 680, 666, 852, 698, 692, 682, 641, 644]
155	[922, 947, 221, 779]
156	[429, 113, 914, 438, 918, 117, 118, 433, 725, 439, 878, 112, 956, 765, 424, 56, 114, 422, 985, 61, 900, 815, 915, 917, 983, 431, 436, 783, 797, 986, 286, 428, 802, 809, 285, 872, 972, 890, 435, 60, 287, 430, 432]
157	[509, 515, 209, 774, 3, 891, 787, 208, 520, 854, 768, 507, 458, 521, 13, 978, 718, 905, 958, 510, 970, 9, 11, 12, 57, 280, 207, 907, 994, 859, 524, 457, 206, 971, 893, 357, 518, 934, 466, 360, 508, 281, 103, 829, 275, 364, 814, 361, 517, 205, 997, 988]
158	[376, 377, 656, 300, 299, 381, 834, 647]
159	[372, 302, 370, 373, 303, 305]
160	[827, 929, 710, 453, 992]
161	[77, 258, 80, 78, 841, 470, 83]
162	[297, 516, 295]
163	[484, 486, 67, 69, 494, 497, 495, 21, 220, 68, 489, 63, 498, 499, 551, 574, 576, 500, 573, 563, 552]
