0	962
1	834
1	909
1	929
2	957
2	986
3	909
4	834
5	169
6	30
7	13
8	210
9	12
9	11
10	12
10	755
11	924
12	316
12	881
13	173
13	833
14	68
15	17
15	19
15	714
16	19
16	638
17	353
17	317
18	170
18	20
20	25
20	734
21	22
21	740
22	26
22	53
22	677
23	26
23	27
23	177
24	58
24	288
26	166
26	886
28	31
28	822
29	32
29	31
29	465
29	599
30	415
30	32
30	34
30	108
30	762
31	703
31	566
32	804
33	106
34	935
35	40
35	757
36	37
37	38
38	39
38	40
38	41
39	945
39	620
39	566
40	589
41	683
41	802
42	46
43	203
43	145
44	173
44	481
44	591
45	48
45	46
46	428
46	436
47	330
47	96
47	672
48	221
49	55
49	259
50	52
50	837
51	55
51	447
51	629
52	53
52	939
52	629
52	648
54	982
54	138
55	244
57	308
57	792
58	856
59	156
59	167
59	260
60	61
60	812
60	691
61	62
62	199
62	639
63	926
63	64
63	69
64	284
65	66
65	76
66	69
66	420
66	510
66	538
67	69
67	263
68	260
69	417
69	864
70	74
70	498
70	761
71	343
71	448
71	934
72	497
72	73
73	832
73	916
74	226
74	75
74	900
74	546
75	281
75	851
75	906
75	919
75	970
77	270
78	146
78	486
79	81
79	82
79	384
80	82
81	416
81	155
81	724
83	337
83	390
83	461
84	86
84	88
85	213
86	266
86	87
86	89
86	742
89	744
90	198
90	372
91	338
91	92
91	93
91	97
94	212
94	597
95	97
96	931
97	791
97	580
98	413
98	100
98	292
99	399
99	398
100	251
100	651
101	371
101	342
101	905
102	354
102	699
103	206
104	409
104	327
105	206
105	107
105	210
105	337
105	795
106	107
106	111
106	140
106	738
107	543
109	412
109	711
110	425
111	395
112	116
112	459
113	291
113	114
113	414
115	116
115	646
116	472
116	118
116	982
116	765
116	627
116	713
117	291
119	124
119	123
119	687
120	374
121	124
121	147
121	538
123	198
123	366
124	125
124	731
126	132
126	130
126	657
127	289
127	507
127	937
128	130
128	132
128	828
128	673
128	610
129	132
131	132
133	136
134	262
135	137
136	413
137	359
139	462
141	215
142	265
142	651
143	732
144	438
144	340
144	675
145	146
147	151
147	279
147	419
147	178
148	150
148	774
148	662
149	153
150	747
151	163
152	416
152	153
152	757
153	681
154	158
154	156
154	159
156	897
157	304
157	690
160	818
160	842
160	855
161	162
161	166
161	245
161	670
162	163
162	320
164	306
165	167
165	960
165	598
166	556
166	708
168	296
169	173
169	239
169	858
169	890
170	174
170	277
170	530
171	172
171	454
171	185
172	201
172	617
172	531
172	773
173	174
174	746
175	405
175	177
175	408
175	617
176	177
176	408
176	401
176	403
176	404
176	406
176	405
176	407
177	179
177	401
177	408
178	180
178	403
178	402
178	401
178	408
178	179
178	406
179	181
179	407
179	408
180	401
180	406
181	401
181	404
181	407
182	186
182	255
182	183
182	184
182	256
183	185
183	256
183	195
184	188
184	187
184	258
185	188
185	253
186	254
186	188
186	253
186	311
186	727
187	188
187	258
187	252
188	253
188	254
188	252
189	195
190	244
191	193
192	195
193	194
194	316
194	911
194	932
194	712
195	453
196	202
196	574
197	198
197	202
197	917
199	460
200	299
200	985
200	597
201	439
201	891
202	859
203	207
203	712
204	207
204	206
204	573
205	312
205	208
205	506
206	209
206	915
209	224
210	213
210	214
211	410
211	871
211	742
212	214
212	560
212	694
214	642
215	313
216	305
216	949
217	417
217	948
218	223
218	220
219	246
219	222
219	942
219	613
219	669
221	223
222	223
222	248
224	524
225	227
225	582
226	227
227	236
228	251
228	743
229	230
230	654
230	803
231	505
231	233
231	846
233	234
233	237
233	278
234	236
235	237
238	259
238	242
238	244
238	827
238	783
238	534
239	563
241	964
243	244
245	999
246	249
246	410
247	327
247	249
248	250
249	840
251	743
252	257
252	253
252	255
252	256
252	254
252	722
253	257
253	256
253	255
254	255
254	258
254	257
255	256
256	258
259	870
260	262
261	262
261	483
262	824
264	265
265	332
265	753
266	269
266	270
266	771
267	271
267	602
268	422
268	269
270	901
273	468
274	275
274	655
275	278
275	716
275	733
275	554
276	377
276	302
277	555
277	541
278	817
279	628
280	285
281	282
282	969
283	285
284	285
286	379
286	880
287	293
287	290
288	289
288	291
288	662
291	646
292	295
293	966
294	300
295	296
295	298
295	947
295	576
297	300
298	300
299	327
299	568
300	334
300	571
301	409
301	304
301	756
302	303
302	307
303	305
303	745
304	378
305	306
305	559
307	502
307	825
308	310
309	310
309	402
310	311
311	314
311	618
312	313
312	314
312	892
312	608
313	451
315	318
315	656
316	321
317	318
318	319
318	850
318	565
319	375
320	351
322	325
323	466
323	444
323	695
323	754
324	326
324	895
325	326
325	446
325	643
326	336
327	328
327	829
328	557
329	333
329	412
329	429
330	336
330	335
330	913
331	336
332	588
333	928
333	548
334	927
337	520
338	339
339	343
339	874
339	899
339	647
339	561
341	343
341	344
343	424
344	690
345	349
345	352
346	348
346	839
347	350
349	350
353	374
353	998
354	359
354	357
354	358
354	411
355	356
356	360
356	470
356	724
358	427
360	458
360	521
361	362
361	363
361	365
362	364
362	368
364	366
364	882
365	367
369	374
369	371
369	930
369	600
370	374
370	637
370	797
370	516
372	373
373	471
373	994
374	854
375	376
377	382
377	380
377	383
378	418
378	518
378	723
379	382
380	867
380	981
381	383
381	382
385	388
386	388
386	532
387	392
387	388
387	599
388	391
389	390
390	751
391	641
392	875
393	394
393	400
395	399
396	399
396	606
397	399
398	577
402	407
402	404
402	403
403	406
404	408
404	406
406	407
409	411
410	768
412	415
412	416
412	940
413	698
415	819
417	941
419	423
419	841
421	482
422	855
423	424
425	431
426	427
430	431
430	432
433	435
434	440
435	440
436	437
436	441
436	442
438	441
439	449
442	888
442	565
443	448
443	449
443	681
443	624
445	453
445	452
448	848
448	914
448	965
451	452
452	469
453	544
455	468
456	464
457	892
460	462
460	466
460	467
461	923
461	664
463	467
463	739
463	704
464	466
465	857
466	468
468	509
469	473
469	477
469	480
470	765
471	472
471	474
471	528
472	479
473	475
473	485
475	482
476	481
478	484
482	772
483	484
484	975
486	503
486	505
487	513
488	494
488	496
488	512
489	513
490	498
490	497
490	500
491	501
491	511
492	504
492	513
493	500
493	504
494	496
494	872
495	941
499	508
500	936
507	508
508	685
512	514
514	766
514	574
514	589
514	700
514	807
514	612
514	550
515	536
515	623
515	640
515	711
515	781
515	790
515	555
515	800
515	772
515	791
516	809
516	596
516	545
516	642
516	705
516	771
516	587
516	560
516	603
517	532
517	774
517	633
517	704
517	782
517	744
517	765
517	597
517	622
517	672
518	665
518	671
518	550
518	660
518	679
518	601
518	586
518	747
518	705
519	649
519	671
519	589
519	626
519	539
519	774
519	566
519	579
519	747
520	525
520	588
520	668
520	563
520	558
520	780
520	784
520	794
520	635
521	522
521	587
521	756
521	533
521	675
522	603
522	640
522	584
522	592
522	762
522	618
522	626
522	633
523	592
523	536
523	674
523	571
523	672
523	805
523	700
523	645
523	586
523	680
524	554
524	589
524	624
524	698
524	546
524	557
524	799
525	616
525	794
525	746
525	780
526	557
526	701
526	711
526	622
526	594
526	571
526	735
526	697
526	602
526	583
527	644
527	605
527	670
527	553
527	768
527	750
527	673
527	601
528	657
528	618
528	796
528	755
528	708
528	693
528	685
528	781
528	709
529	642
529	786
529	542
529	645
529	767
529	552
529	584
529	694
529	611
530	810
530	739
530	585
530	666
530	594
530	619
530	705
530	643
530	757
531	743
531	767
531	561
531	625
531	572
531	538
532	611
532	559
532	700
532	590
532	659
532	630
533	645
533	708
533	808
533	633
533	539
533	715
533	774
533	595
533	686
534	751
534	784
534	780
534	591
534	635
534	615
534	736
535	571
535	561
535	589
535	540
536	686
536	556
536	691
536	719
536	695
536	543
536	809
536	741
537	612
537	680
537	651
537	755
537	604
537	546
538	797
538	658
538	790
538	560
538	632
538	660
539	647
539	756
539	697
539	754
539	584
539	808
539	645
539	590
540	681
540	776
540	724
540	624
541	694
541	800
541	587
541	737
541	555
541	706
542	698
542	796
542	782
542	550
542	752
542	642
542	697
543	695
543	675
543	730
543	645
543	773
543	697
543	761
543	684
544	583
544	716
544	806
544	619
544	655
544	605
544	786
544	771
544	570
545	628
545	687
545	643
545	669
545	704
545	571
545	553
545	596
545	611
546	673
546	707
546	723
546	766
546	724
546	568
547	645
547	799
547	731
547	660
547	681
547	726
547	666
547	570
547	734
547	715
548	641
548	700
548	557
548	748
548	681
549	749
549	588
549	562
549	591
549	751
550	694
550	803
550	729
550	719
550	595
550	642
550	709
551	697
551	744
551	767
551	665
551	735
551	688
551	568
551	712
551	728
551	769
552	672
552	693
552	634
552	627
552	675
552	710
552	795
552	785
552	707
553	756
553	783
553	670
553	624
553	786
553	625
553	565
554	735
554	802
554	765
554	653
554	804
554	678
555	676
555	758
555	634
555	663
555	604
555	622
555	638
556	677
556	650
556	805
556	705
556	698
556	676
556	626
556	752
557	608
557	655
557	717
557	684
557	599
557	778
558	563
558	775
558	798
558	749
559	600
559	761
559	790
559	567
559	799
559	663
559	623
559	706
560	790
560	681
560	666
560	595
560	667
560	804
561	570
561	633
561	708
561	723
561	764
561	717
561	795
562	760
562	736
562	751
562	615
562	746
562	794
563	794
563	607
563	760
564	573
564	786
564	586
564	595
564	721
564	693
564	772
564	652
564	807
565	664
565	601
565	787
565	739
565	768
565	705
565	575
566	788
566	758
566	671
566	732
566	793
566	644
566	739
567	745
567	783
567	810
567	702
567	620
567	662
567	649
567	636
567	776
568	598
568	659
568	763
568	604
568	603
568	741
568	580
569	762
569	655
569	576
569	572
569	671
569	609
569	608
569	707
570	684
570	709
570	692
570	645
570	787
570	659
571	578
571	637
571	621
572	623
572	670
572	594
572	645
572	737
572	684
572	718
572	731
573	745
573	792
573	614
573	800
573	647
573	750
573	685
573	789
574	590
574	659
574	658
574	779
574	761
574	811
574	717
575	594
575	600
575	779
575	648
575	584
575	758
575	702
576	700
576	619
576	783
576	691
577	632
577	578
577	686
577	707
577	660
577	810
577	763
577	667
578	639
578	650
578	776
578	792
578	758
578	662
578	649
578	667
579	764
579	649
579	805
579	728
579	599
579	632
579	803
580	700
580	677
580	811
580	738
580	723
580	686
580	636
581	725
581	692
581	627
581	753
581	690
581	802
581	666
581	767
581	709
582	726
582	620
582	590
582	684
582	596
582	730
582	785
583	781
583	761
583	742
583	766
583	664
584	712
584	809
584	720
584	692
584	728
585	808
585	665
585	691
585	778
585	678
586	696
586	717
586	738
586	673
586	711
586	763
586	611
587	727
587	640
587	773
587	726
588	794
589	754
589	717
589	801
589	752
589	792
590	740
590	747
590	743
591	749
591	746
591	607
591	668
592	807
592	720
592	617
592	724
592	810
593	637
593	761
593	726
593	596
593	672
593	595
593	716
594	791
594	652
594	640
594	781
594	655
595	765
595	625
595	704
595	786
595	673
596	631
596	688
596	664
596	683
596	788
596	639
597	765
597	631
597	761
597	696
597	681
598	610
598	601
598	811
598	681
598	674
599	696
599	633
600	667
600	660
600	654
600	692
601	790
601	769
601	762
601	764
601	718
602	674
602	807
602	663
602	632
602	800
602	797
602	765
603	652
603	666
603	676
603	648
603	626
603	743
603	613
604	699
604	709
604	739
604	772
604	689
604	646
604	753
605	789
605	735
605	617
605	614
605	747
605	647
605	690
606	757
606	626
606	675
606	767
606	738
606	768
606	786
606	687
607	798
607	780
608	619
608	693
608	724
608	773
608	755
608	720
609	656
609	796
609	742
609	747
609	680
609	613
609	678
609	808
610	670
610	652
610	791
610	773
610	720
611	631
611	642
611	754
611	650
611	626
612	625
612	653
612	698
612	802
612	680
612	677
612	699
612	658
613	805
613	644
613	725
613	769
614	676
614	693
614	654
614	631
614	785
614	725
614	732
614	656
615	736
615	751
615	784
616	760
616	635
616	746
616	751
617	653
617	707
617	667
617	737
617	768
617	800
618	683
618	727
618	710
618	672
618	803
619	792
619	696
619	765
619	627
619	636
619	687
620	768
620	662
620	623
620	681
621	796
621	694
621	642
621	725
621	671
621	810
622	643
622	758
622	647
622	661
622	693
622	759
623	640
623	655
623	631
623	706
623	714
623	637
624	709
624	781
624	720
624	714
625	739
625	750
625	634
625	701
625	766
625	661
626	731
626	803
626	772
626	650
627	655
627	705
627	783
627	720
628	757
628	696
628	752
628	756
628	644
628	807
628	808
628	759
629	646
629	658
629	650
629	742
629	682
630	683
630	642
630	734
630	686
631	691
631	664
631	648
631	677
631	733
632	642
632	799
632	679
632	704
632	738
633	755
633	643
633	753
633	772
633	754
634	740
634	671
634	639
634	793
634	691
634	776
635	798
635	784
635	749
636	664
636	740
636	738
636	701
636	739
636	781
636	684
637	727
637	758
637	675
638	651
638	743
638	698
638	663
639	684
639	683
639	808
639	737
639	671
639	785
640	723
640	669
640	665
641	804
641	759
641	748
642	807
642	689
643	766
643	721
643	809
644	715
644	765
644	711
644	653
644	811
644	752
644	753
645	805
645	686
645	777
646	770
646	660
646	674
646	772
647	715
647	799
647	665
647	652
647	753
647	712
648	796
648	752
648	737
649	682
649	786
649	787
649	701
649	702
649	778
649	767
650	734
650	700
650	658
650	666
650	777
650	718
651	728
651	729
651	801
651	679
651	731
652	741
652	662
652	774
653	770
653	732
653	677
654	714
654	676
654	716
654	659
654	672
654	657
654	730
655	732
655	687
655	788
655	752
656	790
656	719
656	678
656	680
656	717
656	672
656	666
657	692
657	714
657	704
657	687
658	709
658	803
658	701
659	805
659	698
659	735
659	769
659	722
659	770
660	717
660	714
660	724
661	674
661	719
661	802
661	663
662	733
662	704
662	756
663	719
663	713
663	809
663	684
663	788
664	726
664	702
664	707
664	763
665	714
665	707
665	793
665	776
665	728
665	724
666	740
666	737
666	788
666	774
667	694
667	727
668	784
668	749
668	780
668	760
668	775
669	670
669	675
670	804
670	717
670	686
670	769
671	788
671	701
671	695
671	749
672	750
672	692
672	701
673	738
673	729
673	688
674	779
674	770
674	678
674	772
674	806
674	810
675	690
675	753
676	713
676	776
676	778
676	783
676	748
676	771
677	792
677	725
677	756
677	716
677	729
678	782
679	728
679	759
679	797
679	708
679	768
680	808
680	748
681	720
681	785
682	712
682	747
683	783
684	719
684	787
684	752
685	710
686	696
686	737
686	753
686	790
687	721
687	776
687	762
687	779
687	793
688	774
688	808
688	730
689	783
689	692
689	779
690	809
690	796
690	803
690	750
691	735
691	802
691	782
691	720
691	796
692	697
692	806
692	803
692	735
693	792
693	712
693	768
693	700
693	809
694	771
694	718
694	712
695	770
695	763
695	776
695	788
696	737
696	719
696	758
696	777
696	755
697	744
697	765
697	782
697	740
697	753
698	787
698	710
698	705
698	717
699	776
700	764
700	769
700	799
701	758
701	805
701	834
702	785
702	797
702	757
702	759
702	791
702	789
702	715
703	780
703	736
703	775
703	749
704	722
704	742
704	710
705	728
705	733
705	790
705	754
706	726
706	754
706	737
706	788
706	764
707	741
707	793
708	720
708	779
708	750
708	783
709	759
709	735
709	790
709	785
710	786
710	737
710	721
710	766
710	807
711	747
711	757
711	734
711	753
711	793
711	788
712	718
713	716
713	743
713	792
714	729
714	764
715	808
715	807
715	754
715	792
715	758
716	807
717	732
717	726
718	782
719	782
719	797
719	733
719	726
720	738
720	797
721	801
721	766
721	771
722	728
722	761
722	777
723	725
723	811
723	805
724	803
725	750
725	733
725	768
726	761
726	748
726	737
727	772
727	763
727	797
728	807
728	773
729	772
729	759
729	756
729	744
729	735
729	801
730	769
730	785
730	779
730	810
731	804
731	811
732	778
732	763
732	748
733	770
735	769
735	761
736	760
736	794
736	775
738	786
738	770
739	807
739	766
739	757
739	777
740	806
740	781
741	753
741	790
742	786
742	779
742	767
742	755
744	756
744	811
744	754
744	800
745	796
745	761
745	791
745	755
746	798
746	760
746	775
747	748
747	767
748	774
748	806
748	781
749	794
749	775
749	784
751	794
752	790
752	797
752	792
754	758
755	762
755	795
756	766
758	807
759	811
759	801
759	773
759	781
760	798
763	771
763	806
763	804
764	811
765	796
766	802
766	799
767	805
767	793
768	781
769	802
769	789
769	786
770	795
771	811
771	778
771	806
772	782
775	784
775	780
777	788
778	779
778	793
779	802
779	796
781	796
782	793
783	785
784	798
785	787
787	799
787	811
788	789
791	793
793	808
795	800
795	797
799	800
799	811
813	851
814	904
815	843
816	836
818	898
818	921
819	878
820	993
821	958
822	893
823	845
826	885
829	990
830	892
831	956
834	859
835	878
835	860
835	963
836	853
836	977
837	950
838	879
843	876
844	861
845	857
847	991
847	877
849	860
852	980
852	889
853	898
855	953
857	902
859	954
860	910
860	961
861	894
862	889
863	903
865	870
865	884
866	974
869	895
869	944
872	952
873	969
875	958
876	925
877	984
879	925
884	957
887	997
887	995
889	967
890	918
894	903
895	979
896	903
900	959
903	964
904	927
904	993
908	976
908	968
909	933
910	955
912	955
918	978
920	974
926	986
927	988
928	937
931	989
933	943
934	973
935	987
938	939
939	997
946	963
946	983
947	976
950	992
951	965
954	991
972	974
980	988
