0	739
0	541
0	656
0	790
0	557
0	834
0	574
0	610
0	840
1	739
1	828
1	639
1	982
1	660
1	850
1	816
1	541
1	909
2	918
2	704
2	971
2	993
2	669
2	434
2	752
2	39
3	618
3	674
3	155
4	908
4	815
4	710
4	874
4	292
5	563
5	997
5	810
5	707
5	925
6	918
6	933
6	629
6	626
6	736
6	713
6	752
6	897
6	341
7	9
8	11
9	13
10	13
10	11
11	12
13	734
13	118
14	15
14	16
14	298
14	299
15	20
15	300
15	19
15	18
15	298
15	673
16	19
16	20
16	300
16	297
17	20
17	18
17	297
17	300
17	294
17	295
18	299
18	297
18	295
19	294
19	295
19	299
19	297
19	20
19	296
20	298
21	442
21	852
21	854
22	27
23	26
23	634
24	69
25	393
26	428
26	882
27	251
28	148
28	941
29	137
31	68
31	470
31	540
32	34
33	91
34	123
34	126
35	36
35	40
36	37
36	451
37	220
37	729
38	41
39	41
40	764
41	317
42	122
43	45
43	48
44	47
44	311
44	577
45	356
47	48
49	54
49	255
49	257
49	570
49	919
49	413
50	54
50	258
50	253
50	973
50	720
50	671
50	311
51	843
51	567
51	256
51	650
52	53
52	559
52	851
52	780
52	392
53	55
53	780
53	637
53	842
53	851
53	559
53	186
54	257
54	930
54	836
54	741
55	254
55	550
55	924
55	500
56	62
56	57
56	60
56	352
57	62
57	60
57	353
58	61
58	59
59	61
60	62
60	572
62	191
63	69
63	66
63	67
63	68
63	867
63	809
64	65
64	968
65	67
67	654
68	969
70	74
71	250
71	73
71	75
72	163
72	76
72	268
72	747
74	668
75	426
76	343
76	461
77	442
77	970
78	382
78	80
79	83
80	442
81	436
81	83
82	553
82	646
82	333
83	837
84	89
84	90
85	87
85	86
86	88
86	87
87	88
87	243
89	90
91	96
91	97
92	96
92	196
92	633
93	94
93	166
93	662
94	95
94	831
94	942
97	320
98	99
98	102
98	103
99	103
99	100
99	242
99	239
100	104
101	103
102	103
103	242
103	240
103	167
104	241
104	244
104	242
105	107
105	803
105	972
105	603
105	917
105	980
105	703
105	588
106	110
106	938
106	698
106	917
106	869
106	107
106	801
106	845
106	109
106	133
107	632
107	555
107	572
107	904
107	882
108	938
108	845
108	951
108	547
108	432
109	110
109	608
109	904
109	847
109	772
109	845
109	783
110	680
110	852
110	988
111	744
111	668
111	579
111	683
111	702
111	684
111	700
111	995
111	792
111	890
112	115
112	463
112	458
112	461
112	116
112	467
112	456
113	461
113	454
113	456
113	114
113	458
113	466
113	455
114	455
114	454
114	464
114	460
114	465
114	466
114	211
115	461
115	116
115	458
115	466
115	454
115	464
115	455
115	450
116	463
116	460
116	455
116	300
117	457
117	462
117	459
118	462
118	459
119	369
119	121
119	122
121	441
121	128
121	602
121	676
122	124
123	512
123	699
124	125
124	672
125	270
125	936
126	132
126	386
126	127
127	128
127	129
127	132
127	386
127	880
128	384
128	129
128	383
128	385
128	390
128	132
129	131
129	130
129	132
130	383
130	387
130	385
130	384
130	131
131	385
133	137
133	136
134	135
134	282
135	137
136	138
136	139
137	371
138	869
139	483
140	145
140	143
140	144
140	252
141	228
142	144
142	232
143	817
145	706
146	587
147	152
147	149
147	172
147	173
147	174
148	150
148	153
149	170
149	171
149	153
149	172
150	151
150	172
151	170
151	173
152	169
152	345
152	819
153	171
153	172
153	174
154	157
154	951
155	156
156	158
158	586
158	982
161	162
161	785
162	167
163	167
164	165
165	180
165	759
167	175
168	172
168	170
168	171
168	400
168	169
169	172
169	171
171	173
171	174
171	959
172	173
173	174
175	177
177	178
177	416
178	923
179	181
183	185
184	187
185	188
185	186
186	188
188	532
189	192
189	193
189	833
189	682
190	583
190	340
190	816
190	581
190	342
190	931
190	739
191	937
191	884
192	337
192	733
193	195
193	562
193	338
193	558
194	609
194	660
194	793
194	909
194	518
195	548
195	873
196	199
196	198
197	198
197	200
197	268
197	269
198	199
198	200
198	266
198	201
199	201
199	271
199	272
199	493
200	201
200	202
200	268
200	266
200	333
201	272
201	266
201	271
201	269
202	266
202	267
203	206
203	209
204	207
204	208
204	205
204	857
205	208
205	207
205	645
206	209
207	208
207	640
208	755
210	215
211	212
211	410
211	854
212	214
212	741
213	226
214	216
214	580
215	404
215	535
215	255
216	930
217	220
217	219
218	219
219	366
220	547
221	381
221	223
222	308
224	225
224	229
225	418
225	597
226	229
226	509
227	276
228	230
230	456
231	234
232	235
232	961
233	234
233	971
234	237
238	241
238	239
238	240
238	242
239	244
239	243
240	241
241	242
245	248
245	249
246	247
246	251
247	250
247	436
247	771
248	335
249	309
250	418
251	983
252	256
252	674
253	257
253	258
253	255
253	685
254	584
254	924
254	786
254	855
254	853
254	612
254	885
255	257
255	258
255	681
255	645
255	991
256	928
256	618
256	587
256	571
256	868
257	258
257	720
257	775
257	692
257	919
258	764
258	973
258	992
258	836
258	859
259	261
259	264
259	263
259	293
260	265
260	262
261	263
261	264
261	292
262	265
263	264
263	290
264	288
266	269
266	272
266	268
267	271
268	272
269	270
269	271
270	271
270	272
272	995
273	275
273	279
274	279
275	278
275	929
275	574
277	725
277	703
277	674
280	283
281	286
281	284
282	285
282	406
282	537
282	983
283	286
283	803
284	702
286	690
287	288
287	289
287	290
287	293
287	291
287	292
288	292
288	290
288	291
289	291
289	447
289	899
289	697
290	292
291	292
292	293
293	404
295	296
295	409
295	604
296	297
296	298
296	395
296	806
297	298
297	299
301	307
301	303
302	304
302	306
303	307
304	306
305	306
308	310
308	485
310	312
310	895
311	313
314	805
315	842
316	317
316	319
316	967
316	766
317	318
317	834
318	688
319	379
319	638
320	658
322	327
322	323
322	325
322	530
324	328
324	327
325	328
329	332
329	908
329	874
330	332
330	956
330	929
330	659
330	546
330	719
330	894
331	604
331	984
331	861
331	734
331	875
332	874
333	597
333	848
333	636
333	899
334	894
334	789
334	908
334	913
335	684
335	961
335	744
335	974
335	579
336	339
336	656
336	583
336	996
336	769
336	343
337	808
337	963
337	558
337	840
337	609
337	594
337	816
337	977
338	340
338	833
338	787
338	577
339	557
339	562
339	932
339	996
339	828
339	850
340	731
340	864
340	543
340	594
341	766
341	752
341	916
341	665
341	606
341	630
341	552
341	688
342	839
342	643
342	735
342	876
343	348
343	966
344	348
344	654
345	349
345	808
346	349
347	350
347	905
348	717
350	600
351	354
351	357
351	358
351	700
352	355
352	356
352	353
353	356
353	355
354	358
354	357
355	356
355	373
357	358
357	822
360	424
360	746
360	863
361	365
362	365
362	363
364	366
365	404
367	433
367	373
368	370
368	374
368	578
368	648
369	373
369	814
370	793
372	579
373	434
374	682
375	380
375	382
375	440
375	622
376	380
378	379
383	386
383	388
383	396
383	389
383	390
384	386
384	389
384	387
384	388
384	926
384	753
385	386
386	387
386	388
387	390
387	389
388	767
389	390
389	972
389	955
390	823
391	395
391	393
391	394
391	397
391	886
392	726
393	396
393	950
393	955
393	760
395	397
396	398
398	614
398	860
399	403
399	401
399	405
399	666
399	548
400	406
400	402
402	958
403	404
405	862
409	411
409	412
410	413
411	415
411	795
414	891
415	533
416	417
416	797
417	419
417	421
417	647
417	740
418	672
419	424
420	424
421	422
421	423
421	668
422	629
423	641
425	428
425	749
425	767
427	429
427	716
428	433
429	431
430	953
432	433
432	935
433	848
433	616
435	436
436	437
436	443
438	440
440	893
444	445
444	450
444	451
444	447
444	452
445	451
445	450
446	453
446	448
447	452
447	450
447	580
447	829
449	453
449	600
450	452
451	452
454	456
454	461
454	467
454	466
454	458
455	466
455	456
455	464
456	465
456	461
456	466
456	464
457	462
457	653
458	463
458	465
459	462
460	461
460	464
461	465
461	467
463	466
463	465
464	467
464	466
464	465
465	467
465	466
468	471
468	487
468	481
468	478
468	479
468	488
468	490
468	469
468	480
469	487
469	475
469	481
469	480
470	484
470	483
470	476
471	488
471	486
471	478
471	479
471	484
472	473
472	482
473	482
474	486
474	488
474	480
474	483
474	484
474	485
475	477
475	486
475	481
475	479
476	486
476	477
477	485
478	483
478	481
479	483
479	485
479	487
479	481
479	486
480	486
481	483
481	485
483	486
483	487
483	566
484	488
484	487
486	488
489	504
489	507
489	493
489	503
489	500
489	501
490	495
490	491
490	500
490	501
490	509
490	505
490	502
490	503
491	501
491	495
491	504
491	496
492	506
492	494
493	503
493	505
493	509
493	495
493	497
493	499
494	506
495	502
495	498
495	503
495	507
495	732
496	500
496	508
496	502
496	497
497	508
498	499
498	505
498	884
499	500
499	508
499	503
500	502
500	503
501	508
501	504
501	505
502	509
502	505
502	508
502	507
503	508
503	507
504	505
505	508
505	509
507	508
510	518
511	535
512	533
513	516
513	520
513	536
515	522
515	625
516	528
516	529
517	522
518	535
518	525
519	521
521	528
521	526
522	531
522	866
523	526
525	538
527	530
538	539
539	986
540	859
540	645
540	785
540	741
541	768
541	777
541	557
541	982
541	790
542	573
542	853
542	765
542	559
542	685
542	924
542	797
542	794
543	739
543	723
543	864
543	791
543	937
543	656
543	865
543	777
543	769
544	895
544	817
544	738
544	867
545	668
545	773
545	866
545	655
545	898
545	914
545	614
545	672
545	604
545	792
546	908
546	789
546	710
546	929
546	956
546	894
546	659
547	938
547	987
547	608
547	901
547	999
547	682
547	591
547	551
548	594
548	858
548	850
548	621
548	601
548	948
548	777
548	909
548	581
549	569
549	903
549	567
549	729
549	693
549	856
549	585
550	615
550	826
550	675
550	797
550	853
551	999
551	863
551	980
551	951
551	877
551	572
551	921
551	869
551	939
551	575
551	727
552	897
552	704
552	752
552	617
552	606
552	690
552	933
552	955
552	736
552	630
553	826
553	855
553	573
553	910
553	675
554	930
554	784
554	968
554	795
554	836
554	991
554	697
554	781
554	800
555	703
555	647
555	912
555	627
555	846
555	921
555	904
555	901
555	588
555	575
556	944
556	817
556	811
556	762
556	746
557	610
557	850
557	723
557	977
557	639
557	739
558	562
558	947
558	892
558	621
558	793
558	922
558	902
558	601
558	731
558	791
559	853
559	765
559	786
559	675
560	827
560	856
560	674
560	782
560	650
560	757
560	903
560	928
561	679
561	966
561	705
561	721
561	997
561	810
561	707
561	563
562	977
562	922
562	884
562	947
562	574
562	777
562	625
562	873
562	609
563	788
563	664
563	985
563	620
564	639
564	884
564	977
564	978
564	790
564	941
564	777
564	828
564	787
564	733
564	791
565	798
565	814
565	684
565	943
565	654
565	927
565	740
565	945
565	580
565	715
565	898
565	914
565	961
566	764
566	616
566	900
566	775
566	857
567	806
567	726
567	822
567	730
568	963
568	601
568	644
568	850
568	769
568	841
568	860
568	596
569	662
569	843
569	742
570	741
570	906
570	991
570	836
570	812
570	686
571	729
571	934
571	587
571	593
571	618
571	827
571	822
571	650
571	605
571	619
571	677
572	921
572	987
572	888
572	938
572	915
572	778
573	924
573	853
573	794
574	864
574	996
574	808
574	787
574	816
574	609
575	743
575	783
575	987
575	877
575	939
575	652
576	695
576	819
576	990
576	778
576	732
576	905
576	603
576	877
576	938
576	879
577	790
577	651
577	787
577	834
577	996
577	873
577	865
577	909
577	829
577	941
578	830
578	904
578	727
578	701
579	798
579	886
579	911
579	914
579	711
579	684
579	879
579	998
580	949
580	998
580	740
580	798
580	890
580	649
580	943
580	639
581	791
581	778
582	827
582	843
582	730
582	634
582	989
582	635
582	585
582	763
582	750
582	946
583	873
583	621
583	909
583	768
583	779
583	841
584	675
584	612
584	837
584	765
584	615
584	797
585	757
585	709
585	674
585	796
586	714
586	954
586	768
587	843
587	750
587	959
588	921
588	917
588	778
588	771
588	767
588	703
588	727
588	953
588	698
588	819
588	590
588	988
589	606
589	699
589	736
589	629
589	818
589	598
589	690
589	942
590	701
590	591
590	905
590	879
590	647
590	917
590	921
591	602
591	682
591	783
591	753
591	620
591	778
592	725
592	641
592	788
592	721
592	705
593	663
593	868
593	804
594	639
594	977
594	902
594	892
594	922
594	829
594	948
594	791
594	833
594	723
595	934
595	663
595	605
595	694
595	928
595	677
596	735
596	759
596	876
596	839
597	871
597	854
597	734
597	943
597	654
598	761
598	942
598	766
598	918
598	713
598	606
598	607
599	971
599	756
599	713
599	607
599	955
600	676
600	888
600	680
600	951
600	670
600	602
601	834
601	937
601	621
601	975
601	865
602	951
602	888
602	923
602	939
602	904
603	753
603	670
603	647
603	830
603	680
603	847
603	767
603	999
604	949
604	649
604	961
604	683
604	792
604	655
604	984
604	654
604	702
604	927
605	663
605	618
605	969
605	782
605	748
606	761
606	993
606	918
606	704
607	952
607	688
607	752
607	617
608	778
608	847
608	882
608	743
608	703
608	863
608	877
609	834
609	808
609	833
609	793
609	829
609	790
609	941
609	996
609	799
610	982
610	708
610	787
610	964
610	828
610	948
610	651
611	962
611	867
611	994
611	811
611	954
611	976
611	967
612	842
612	855
613	721
613	832
613	985
613	925
613	678
614	636
614	734
614	631
614	831
614	814
614	914
614	715
614	871
614	875
614	740
614	911
614	649
615	842
615	786
616	970
616	671
616	887
616	906
616	706
616	784
616	638
616	737
616	751
616	775
617	993
617	653
617	704
617	713
617	952
617	630
617	940
618	742
618	650
618	757
618	806
619	694
619	782
619	969
619	730
619	663
619	796
619	662
620	832
620	707
620	925
620	641
621	625
621	829
621	656
621	708
621	799
621	793
621	902
621	624
621	733
621	651
622	697
622	642
622	687
622	720
622	970
623	645
623	737
623	784
623	785
623	754
623	781
623	802
624	787
624	739
624	964
624	723
624	834
624	651
624	733
625	963
625	840
625	656
625	909
625	964
625	931
625	808
625	768
625	733
626	752
626	653
626	897
626	665
626	728
626	713
627	950
627	999
627	632
627	676
627	801
627	747
628	987
628	680
628	830
628	896
628	716
628	863
629	713
629	818
629	761
629	752
630	940
630	699
630	993
630	766
631	914
631	820
631	831
631	691
631	649
631	773
631	683
631	636
631	702
631	936
632	904
632	921
632	951
632	647
632	732
632	999
633	950
633	753
633	988
633	869
633	801
633	917
634	868
634	657
634	663
634	969
634	796
635	822
635	843
635	657
635	730
636	655
636	700
636	911
636	744
636	914
636	649
636	899
636	831
636	861
636	890
636	798
637	794
637	837
637	675
637	924
637	780
638	784
638	648
638	666
638	838
638	885
638	859
638	992
638	775
638	979
639	963
639	833
639	935
639	799
639	651
639	660
639	840
640	720
640	981
640	991
640	887
641	788
641	679
641	725
641	758
641	966
641	985
642	812
642	748
642	648
642	968
642	919
642	887
642	737
643	870
643	876
644	963
644	769
644	932
644	768
644	922
644	947
644	723
644	760
644	787
645	764
645	992
645	706
645	968
645	686
645	838
645	825
646	939
646	727
646	701
646	912
647	904
647	695
647	980
647	896
647	847
647	743
647	901
648	687
648	748
648	658
648	930
648	712
648	857
648	872
648	718
649	744
649	715
649	798
649	945
650	920
650	726
650	903
650	709
650	946
650	657
650	750
650	959
651	793
651	982
651	932
651	977
651	963
652	912
652	891
652	667
652	915
652	717
653	971
653	690
653	986
653	993
653	955
653	818
653	752
654	983
654	898
654	854
654	684
655	691
655	861
655	700
655	668
655	848
656	865
656	931
656	661
656	731
656	799
656	769
657	796
657	726
657	729
657	806
657	878
657	934
658	754
658	900
658	887
658	825
658	775
658	741
659	874
659	789
659	956
659	710
659	719
660	841
660	978
660	739
660	858
660	808
660	850
661	791
661	860
661	777
661	829
661	841
662	903
662	694
663	774
663	677
664	705
664	678
664	907
664	958
664	725
664	679
664	966
664	985
665	756
665	955
665	690
665	942
665	971
665	940
665	728
666	981
666	930
666	764
666	795
666	919
667	905
667	819
667	771
667	732
668	961
668	831
668	711
668	740
668	974
668	866
668	984
668	899
669	918
669	818
669	897
670	830
670	863
670	682
670	999
670	778
670	877
671	991
671	692
671	836
671	919
671	755
671	872
672	961
672	945
672	831
672	691
672	700
672	871
673	874
673	710
673	719
673	913
674	805
674	742
674	804
674	806
674	709
674	757
675	837
676	819
676	727
676	891
676	939
676	882
676	951
676	771
676	901
676	863
677	774
677	693
677	843
678	758
678	907
678	997
679	788
679	721
679	985
679	946
680	879
680	847
680	972
680	938
680	869
680	767
680	915
681	930
681	754
681	859
681	991
681	872
682	819
682	960
682	835
682	778
683	861
683	961
683	871
683	831
684	927
684	983
684	995
684	820
684	798
684	898
684	715
685	780
685	765
685	842
685	986
686	973
686	836
686	968
686	781
686	825
687	795
687	800
687	857
687	720
687	802
687	981
688	818
688	942
688	728
688	933
688	965
688	766
689	724
689	944
689	994
690	933
690	736
690	942
690	993
691	734
691	893
691	854
691	848
691	702
691	880
691	875
691	820
692	887
692	973
692	968
692	712
692	706
692	991
692	800
693	843
693	822
693	763
693	920
693	796
694	805
694	750
694	878
695	877
695	701
695	960
695	980
695	845
695	990
695	888
696	781
696	741
696	825
696	800
696	802
696	992
696	718
696	849
696	991
697	751
697	812
697	887
697	885
697	883
698	743
698	830
698	753
698	939
698	877
699	736
699	761
700	744
700	898
700	831
700	998
700	945
700	820
700	893
700	880
700	773
701	717
701	988
701	923
701	957
701	938
702	945
702	893
702	949
702	861
702	890
703	772
703	950
703	845
703	747
704	728
704	986
704	916
704	955
704	965
705	925
705	758
706	883
706	906
706	930
706	991
706	849
707	725
707	832
707	788
707	758
708	791
708	841
708	909
708	873
708	768
708	977
708	982
708	937
709	827
709	726
709	742
709	729
709	868
709	969
709	774
709	856
709	878
710	929
710	815
710	913
710	874
710	719
710	962
711	831
711	773
711	898
711	740
712	741
712	900
712	802
712	919
712	930
713	940
713	955
713	986
714	724
714	844
714	889
714	823
715	961
715	914
715	943
715	773
715	866
715	949
716	801
716	901
716	772
716	912
716	869
716	846
717	921
717	901
717	990
717	803
718	785
718	885
718	781
718	812
718	981
718	754
718	720
719	894
719	874
719	929
719	913
720	981
720	812
720	970
720	755
720	979
720	800
721	958
721	810
722	811
722	817
722	889
723	931
723	840
723	982
723	858
723	768
723	964
724	824
724	954
724	807
725	985
725	788
725	826
726	750
726	805
726	763
727	819
727	882
727	891
727	877
727	852
727	912
727	743
727	999
727	845
728	993
728	952
728	752
728	918
728	940
729	730
729	750
729	989
729	959
730	868
730	805
730	934
731	978
731	864
731	975
731	963
731	760
732	960
732	801
732	912
733	850
733	791
733	790
734	861
734	995
734	740
735	876
735	759
735	839
736	965
736	862
736	918
736	752
737	812
737	849
737	981
737	741
737	973
737	800
737	992
738	776
738	889
738	976
738	844
738	962
739	941
739	834
739	937
739	982
739	932
739	858
739	777
739	841
739	963
740	798
740	890
740	893
740	914
740	880
740	848
740	792
741	979
741	800
741	992
741	981
741	857
742	804
742	934
742	989
742	920
742	903
743	917
744	927
744	792
744	880
744	854
744	943
744	866
744	893
744	871
745	854
745	927
745	861
745	914
745	936
745	880
745	792
745	898
746	867
746	807
746	762
747	767
747	830
747	904
747	778
747	988
748	883
748	872
748	764
748	795
748	800
748	859
748	751
749	944
749	867
749	881
749	824
750	868
751	775
752	942
752	940
752	955
752	897
752	952
753	951
753	835
754	991
754	968
754	992
754	857
754	781
754	836
755	781
755	979
755	859
756	940
756	862
756	916
756	993
757	843
757	928
759	813
759	876
760	779
760	996
760	799
761	916
761	955
761	971
761	940
761	766
761	933
762	926
762	944
763	843
763	928
763	959
763	806
764	857
764	836
764	784
764	919
765	924
765	842
766	916
766	986
767	990
768	977
768	865
769	858
769	935
769	937
769	978
769	779
769	996
769	931
770	908
770	809
771	988
771	877
771	869
772	905
772	819
772	951
772	987
772	938
773	936
773	974
773	792
773	886
773	890
773	997
774	989
774	934
774	878
774	959
774	946
775	838
775	970
775	973
775	836
775	992
776	889
776	807
777	909
777	828
778	957
779	982
779	790
779	937
779	865
779	799
780	851
781	857
781	785
781	887
782	822
782	843
782	804
782	827
783	904
783	846
784	872
784	849
784	968
784	883
785	885
786	842
786	910
787	941
787	833
787	790
788	925
789	908
789	874
790	964
790	873
790	834
790	892
790	982
791	850
791	941
791	892
791	932
792	974
792	890
792	798
792	927
793	841
793	941
793	833
793	829
794	837
794	797
798	914
798	854
798	899
798	831
798	820
798	848
798	995
798	871
798	949
798	875
799	977
799	829
799	931
799	922
800	812
800	973
800	906
800	859
800	802
801	987
801	923
801	830
801	951
802	883
802	981
802	906
802	973
803	901
803	912
803	845
803	904
803	980
803	923
804	856
805	843
807	962
807	994
808	902
808	860
808	884
808	850
808	873
809	929
809	908
810	907
811	881
811	867
811	984
812	872
812	836
813	839
813	870
814	831
814	890
814	911
814	866
814	949
814	854
814	943
816	982
816	828
816	873
816	948
816	975
817	954
817	926
818	955
818	916
818	897
819	917
819	869
820	984
820	943
820	983
820	945
820	886
820	893
821	944
821	867
822	903
823	967
823	976
824	994
824	844
825	971
826	842
827	959
827	946
827	969
828	977
828	948
828	858
828	922
829	834
829	931
830	912
830	999
830	888
831	974
831	911
831	927
832	966
832	958
833	909
833	996
833	975
834	941
834	902
834	963
834	935
834	947
834	922
834	864
835	990
835	882
835	951
835	905
836	981
836	849
836	872
836	919
838	968
838	885
838	930
838	979
840	978
840	935
840	941
840	937
840	858
840	865
841	982
841	850
841	947
841	860
843	878
844	976
844	944
844	889
845	990
845	939
845	921
845	917
845	877
845	852
845	863
846	901
846	958
847	921
847	988
847	953
848	983
848	961
848	998
848	995
849	857
849	992
849	900
850	963
850	975
850	873
851	910
852	915
852	960
852	950
852	980
853	910
854	995
854	998
854	893
856	969
856	946
856	920
856	989
857	885
857	859
858	873
858	996
859	968
859	992
859	883
860	884
860	948
861	998
861	936
861	949
861	945
861	927
862	916
862	933
863	877
863	891
863	904
864	964
864	937
864	996
865	873
865	975
866	945
866	875
866	880
866	871
866	974
868	928
869	912
869	980
871	880
871	995
871	911
871	875
871	984
873	931
873	982
873	935
875	893
875	898
875	983
877	990
878	928
878	989
879	988
879	953
880	949
880	945
880	890
882	915
882	950
882	904
882	888
883	887
883	981
883	970
884	947
885	906
886	984
886	947
887	992
888	915
889	994
889	954
890	927
891	904
891	901
891	957
892	941
892	902
892	922
893	898
893	914
893	984
895	994
895	976
895	962
896	905
896	987
896	980
896	904
897	965
897	971
897	955
898	995
898	899
898	943
898	911
899	927
899	961
899	943
899	974
899	911
900	930
900	968
901	987
901	938
901	921
902	975
902	996
902	963
904	990
904	960
904	950
904	957
905	988
905	923
906	992
906	973
908	913
908	956
910	924
911	927
912	923
912	999
912	957
914	984
914	961
914	983
916	986
916	971
917	980
918	965
920	934
922	941
923	951
923	939
925	966
926	967
927	974
927	995
931	937
931	964
932	937
933	993
935	948
935	975
935	977
936	983
936	943
936	961
937	978
937	996
938	939
939	972
939	950
939	987
940	955
940	993
941	982
942	952
942	971
943	961
945	974
946	959
947	978
947	996
948	996
949	984
952	965
952	971
953	972
955	971
955	965
959	989
960	972
961	974
964	977
964	982
966	997
968	979
972	988
973	992
974	983
975	977
978	982
981	992
983	998
983	984
995	998
