0	885
0	862
0	931
0	825
0	844
0	847
0	841
0	916
0	171
0	888
1	881
1	864
1	855
1	990
1	815
1	145
1	836
1	894
2	986
2	854
2	898
2	994
2	836
2	922
2	939
2	937
2	933
2	877
3	909
3	988
3	959
3	168
3	347
4	852
4	45
4	5
4	43
4	399
5	852
5	45
5	961
6	953
6	828
6	849
6	995
6	851
6	861
6	794
6	823
6	827
6	525
7	220
7	8
7	11
7	221
7	235
8	11
8	220
8	235
8	231
9	12
9	219
9	13
9	10
9	223
9	218
9	222
9	38
10	12
10	13
10	219
10	218
10	217
10	941
11	221
11	220
11	232
12	223
12	13
12	217
12	222
12	218
12	376
12	353
13	218
13	219
13	222
13	399
13	217
13	131
13	223
14	199
14	197
14	18
14	19
14	201
14	20
14	312
15	17
15	196
15	202
16	19
16	18
16	197
16	198
16	200
16	240
17	196
17	202
17	932
18	20
18	200
18	197
18	201
18	199
18	238
18	242
19	200
19	201
19	198
19	197
19	20
19	199
19	313
20	200
20	197
20	198
20	199
20	201
20	244
21	22
21	26
21	24
22	26
22	928
22	24
23	27
23	25
24	26
25	27
28	31
28	33
28	32
28	56
29	30
29	34
30	34
31	33
31	32
31	284
32	33
32	87
33	310
35	40
35	36
35	37
35	39
35	90
35	89
35	38
36	37
36	40
36	131
36	130
37	38
37	85
37	656
37	685
38	39
38	40
38	41
38	86
38	87
38	861
38	85
39	41
39	472
39	456
40	84
40	86
41	132
41	89
41	90
42	44
42	866
42	954
42	902
42	907
42	963
42	159
42	962
43	45
43	852
43	314
43	663
44	907
44	866
44	902
44	954
44	159
44	154
44	468
45	852
46	47
46	48
47	48
49	286
49	281
49	51
49	283
49	285
49	58
49	425
49	710
50	282
50	53
50	55
50	280
50	284
50	426
50	427
50	739
51	286
51	52
51	285
51	283
51	281
51	61
51	427
52	283
52	286
52	285
52	281
52	433
52	432
52	60
53	280
53	284
53	282
53	55
53	54
53	432
53	429
54	284
54	282
54	55
54	710
54	432
54	430
54	460
55	284
55	280
55	282
55	429
55	289
56	745
56	59
56	707
56	57
56	62
56	560
56	640
56	594
56	708
56	650
57	707
57	640
57	594
57	745
57	62
57	805
57	59
57	672
57	553
58	61
58	653
58	60
58	694
59	62
59	707
59	594
59	708
59	640
59	429
59	672
60	61
60	694
60	653
61	653
61	694
62	707
62	745
62	708
62	794
62	966
63	65
63	534
63	746
63	760
63	345
63	349
64	66
64	68
64	69
64	336
64	67
64	352
64	332
65	549
65	346
65	349
65	347
65	534
65	348
66	69
66	67
66	68
66	331
66	352
66	336
67	69
67	331
67	332
68	69
68	352
68	332
69	332
69	336
69	323
69	331
70	75
70	133
70	72
70	135
70	71
70	134
70	844
71	75
71	136
71	372
71	133
72	134
72	133
72	135
73	138
73	74
73	100
73	462
73	712
74	76
74	159
74	139
74	601
75	137
75	134
75	133
75	136
75	135
76	139
76	138
76	744
76	989
77	423
77	417
77	420
77	421
77	81
77	342
77	246
77	340
78	420
78	79
78	417
78	82
78	422
78	424
78	337
78	418
78	83
78	208
79	81
79	82
79	83
79	420
79	421
79	424
79	80
79	248
79	342
80	82
80	420
80	418
80	422
80	249
80	251
80	247
80	673
81	421
81	423
81	424
81	419
81	420
81	82
81	341
81	344
82	424
82	418
82	342
82	340
83	417
83	419
83	418
83	339
84	86
84	88
84	477
84	485
84	85
84	87
84	90
85	484
85	87
86	87
86	89
86	475
86	470
86	472
86	477
86	138
87	88
87	90
87	475
87	89
87	485
88	472
88	89
88	686
89	90
90	470
90	484
90	475
90	770
91	92
91	93
91	97
91	96
91	94
91	293
91	509
91	292
91	344
92	95
92	97
92	288
92	291
92	290
92	93
92	96
93	95
93	96
93	290
93	94
93	292
93	97
93	756
94	97
94	95
94	289
94	287
94	288
94	293
95	97
95	96
95	292
95	922
96	97
96	290
96	508
96	289
96	608
96	786
97	293
97	291
97	292
98	100
98	400
98	397
98	393
98	101
98	396
98	99
98	102
98	394
98	395
99	399
99	398
99	400
99	102
99	394
99	316
99	395
99	103
99	731
100	395
100	396
100	104
100	101
100	400
101	104
101	103
101	394
101	398
102	395
102	394
102	400
102	104
102	617
102	752
103	394
103	104
103	395
103	399
103	375
103	396
103	398
104	395
104	394
104	393
105	206
105	107
105	106
105	110
105	109
105	733
106	107
106	111
106	110
106	278
107	497
107	108
107	584
108	621
108	111
108	110
108	218
108	109
108	722
109	110
109	246
109	111
110	773
110	749
110	111
110	803
111	377
111	524
111	748
111	937
112	116
112	411
112	415
112	409
112	114
112	115
112	123
112	414
113	114
113	414
113	416
113	411
113	118
113	409
113	117
113	413
113	410
113	412
114	409
114	413
114	410
114	412
114	116
114	415
114	118
114	122
115	116
115	409
115	410
115	415
115	118
115	117
116	118
116	410
116	413
116	414
116	411
116	412
116	762
117	409
117	412
117	416
117	410
117	413
117	123
117	411
117	124
118	416
118	413
118	415
118	412
118	121
119	124
119	123
119	121
119	416
119	125
119	137
119	274
119	411
120	124
120	121
120	122
120	411
121	124
121	415
121	125
121	245
122	123
122	124
122	409
122	410
123	124
123	125
124	125
125	669
125	595
125	592
126	132
126	130
126	127
126	316
126	131
127	507
127	394
127	128
127	129
127	130
128	130
128	132
128	302
128	131
129	132
129	130
129	131
130	132
130	776
130	243
131	132
131	396
131	488
131	527
131	443
133	136
133	137
133	134
133	135
133	563
134	136
134	135
135	137
136	137
136	976
137	823
138	139
139	156
139	846
140	892
140	142
140	965
140	940
140	925
141	903
141	824
141	877
141	864
141	964
141	977
141	999
141	672
141	881
142	965
142	913
142	892
142	921
142	889
143	906
143	957
143	838
143	899
143	171
143	885
143	905
143	878
143	952
143	969
144	989
144	887
144	899
144	912
144	916
144	835
144	974
144	841
144	838
144	878
145	146
145	935
145	820
145	922
145	981
145	937
145	489
145	840
145	990
146	832
146	928
146	875
146	829
146	986
146	964
146	939
147	151
147	440
147	150
147	152
147	441
147	442
147	436
147	435
147	437
147	149
148	150
148	435
148	149
148	152
148	442
148	167
148	538
148	423
148	151
149	153
149	435
149	151
149	439
149	152
149	167
149	162
149	526
150	153
150	435
150	152
150	438
150	439
150	532
150	728
150	167
151	152
151	441
151	439
151	437
151	438
151	743
152	153
152	434
152	435
152	440
152	571
153	442
153	434
153	440
153	436
153	435
153	605
154	158
154	156
154	159
154	160
154	155
154	157
155	157
155	158
155	159
155	160
155	954
155	156
156	158
156	907
156	902
156	948
157	160
157	954
157	866
157	907
157	890
158	160
159	963
159	160
159	373
160	963
160	743
161	162
161	166
161	163
161	167
162	163
162	164
162	437
163	164
163	743
163	571
163	604
163	678
163	439
163	165
164	167
164	165
164	728
164	571
164	538
165	167
165	166
165	623
165	538
165	728
166	167
166	604
166	678
166	743
166	436
166	438
167	538
167	673
168	904
168	909
168	374
169	880
169	949
169	859
169	972
170	172
170	918
170	926
171	899
171	874
171	816
171	862
171	967
172	918
172	926
173	174
173	983
173	892
173	921
173	965
173	845
173	891
174	985
174	940
174	965
175	405
175	404
175	675
175	539
175	401
175	402
175	620
175	709
175	725
175	614
176	177
176	408
176	407
176	550
176	636
176	546
176	626
176	601
176	742
176	684
177	408
177	603
177	180
177	566
177	590
177	602
177	483
177	799
177	407
178	403
178	402
178	401
178	179
178	406
178	404
178	709
178	529
178	181
179	181
179	675
179	545
179	401
179	315
179	732
179	658
179	542
179	766
180	636
180	515
180	546
180	480
180	690
181	401
181	404
181	762
181	725
181	614
181	692
181	732
181	702
182	186
182	255
182	183
182	184
182	256
182	669
182	645
182	188
182	770
182	187
183	185
183	256
183	320
183	790
183	773
183	254
183	645
183	187
184	188
184	187
184	258
184	256
184	596
184	185
184	740
184	691
185	188
185	253
185	740
185	186
185	258
185	770
185	254
185	296
186	254
186	188
186	253
186	548
186	773
186	645
186	596
186	875
187	188
187	258
187	252
187	669
187	740
187	645
188	253
188	254
188	252
188	600
188	548
189	195
189	193
189	191
189	825
189	929
190	194
190	191
190	192
190	193
191	193
191	192
191	195
192	195
192	209
192	764
193	194
193	195
193	319
194	316
194	777
194	705
194	944
194	712
194	623
195	453
196	202
196	464
197	198
197	199
197	282
197	309
198	201
198	200
198	240
199	200
199	201
199	240
200	201
200	313
200	310
200	240
201	241
203	207
203	208
203	204
203	209
203	563
203	205
203	433
203	963
203	919
204	207
204	206
204	205
204	208
204	465
204	341
205	208
205	506
205	206
205	209
206	209
206	207
206	721
207	209
207	486
207	425
207	208
207	944
208	209
208	649
209	301
210	211
210	212
211	212
213	215
213	872
213	780
213	356
214	960
214	591
214	930
214	924
215	872
215	834
215	357
216	978
216	627
216	997
216	814
217	223
217	219
217	218
217	316
217	222
218	223
218	222
219	222
219	223
220	234
220	236
221	235
221	234
221	237
222	223
222	680
223	868
224	227
224	229
224	230
224	771
225	228
225	226
226	228
227	230
227	229
227	638
229	230
229	980
230	683
231	233
231	232
231	234
231	235
232	234
232	235
232	236
232	507
232	925
233	234
233	237
233	236
233	378
233	235
234	236
234	237
234	562
234	379
234	348
235	237
235	236
235	880
236	237
236	881
237	511
238	242
238	244
238	241
238	239
238	309
238	310
238	313
238	308
239	243
239	240
239	314
239	313
239	244
239	308
240	242
240	243
240	309
240	308
240	311
241	243
241	242
241	244
241	936
242	243
242	244
242	308
242	310
243	244
243	314
243	309
243	312
243	310
244	312
245	247
245	246
245	248
245	342
245	419
245	420
246	249
246	250
246	247
246	248
246	337
246	423
247	249
247	250
247	251
247	248
248	250
248	338
249	251
249	344
249	250
250	251
250	337
250	339
250	344
251	337
252	257
252	253
252	255
252	256
252	254
252	666
252	294
253	257
253	256
253	255
253	769
253	719
253	600
254	255
254	258
254	257
254	691
254	645
255	256
255	257
255	666
255	645
255	600
255	769
256	258
256	257
256	669
256	430
257	596
257	669
257	770
257	294
257	666
258	600
258	740
258	773
258	633
259	263
259	261
259	637
259	609
259	778
259	523
260	262
260	263
260	261
260	264
260	647
261	262
261	264
261	265
261	774
261	576
262	265
262	264
262	806
262	272
262	263
262	530
263	264
263	785
264	265
264	637
265	572
265	647
266	564
266	712
266	585
266	618
266	552
267	271
267	621
267	788
267	557
267	781
267	528
267	646
267	307
267	807
267	581
268	269
268	698
268	679
268	717
268	677
268	665
268	302
268	646
268	611
268	301
269	611
269	687
269	581
269	695
269	271
269	304
269	272
269	305
269	934
270	706
270	570
270	767
270	551
270	575
270	699
270	633
271	611
271	800
271	698
271	681
271	687
271	304
271	294
271	303
272	665
272	679
272	788
272	698
272	629
272	781
272	301
272	303
273	279
273	276
274	275
274	278
275	278
275	277
275	371
276	279
277	278
277	544
277	809
280	284
280	282
280	427
280	431
280	429
281	283
281	285
281	286
281	427
281	425
282	284
282	431
283	285
283	286
283	431
283	427
284	433
285	694
285	653
285	286
286	432
286	431
287	293
287	290
287	289
287	288
287	291
288	289
288	291
288	755
289	290
289	291
289	840
290	291
290	293
291	293
291	292
292	293
294	300
294	299
294	577
295	296
295	298
295	717
295	297
295	299
295	300
295	338
296	298
296	300
297	300
297	298
298	300
298	299
298	950
299	300
300	496
300	597
301	304
301	306
301	629
302	303
302	307
302	522
302	657
302	807
302	304
303	305
303	759
303	791
303	306
303	304
304	681
304	639
304	621
304	528
304	655
305	306
305	581
305	639
305	781
305	741
305	621
306	621
306	807
306	307
306	557
307	781
307	443
307	695
307	679
307	639
308	310
308	314
308	312
308	309
309	310
309	311
309	313
309	312
309	314
310	311
310	312
310	314
311	314
311	313
311	312
312	313
312	314
313	314
313	769
315	318
315	321
315	317
315	320
316	321
316	319
316	616
316	318
317	318
317	321
317	924
317	452
317	468
318	319
318	320
318	321
318	661
319	375
319	320
319	393
319	688
319	321
320	991
322	323
322	943
324	326
324	327
324	466
324	361
325	362
325	366
326	327
326	363
326	361
327	368
327	363
327	386
328	760
328	351
329	333
329	607
329	562
329	635
329	751
329	668
329	775
329	632
330	335
330	520
330	616
330	775
330	784
330	751
331	336
331	332
332	336
332	859
332	352
333	784
333	736
333	749
333	607
333	616
333	668
334	635
334	784
334	668
334	562
334	802
334	814
335	668
335	736
335	635
335	607
335	615
335	798
335	562
335	596
337	343
337	340
337	339
337	342
337	418
337	421
338	339
338	344
338	903
339	343
339	340
339	420
339	417
339	953
339	422
340	344
340	419
340	341
341	343
341	344
341	422
341	417
341	815
342	422
342	344
342	423
343	418
344	417
344	419
345	349
345	351
345	346
345	350
345	347
345	760
345	746
345	534
346	348
346	549
346	760
347	350
347	349
347	534
347	351
347	549
347	746
347	760
348	746
348	350
348	351
348	534
348	349
349	350
349	351
349	549
349	534
349	746
350	351
350	746
350	760
350	714
351	549
351	760
353	356
353	355
353	358
353	354
353	780
353	360
353	871
354	359
354	357
354	358
354	998
354	360
354	943
354	561
354	894
355	356
355	358
355	360
355	357
355	830
355	359
355	871
355	971
356	360
356	357
356	502
357	359
357	358
357	834
357	360
358	360
358	555
359	360
359	872
359	843
359	588
360	588
360	930
361	363
361	365
361	364
361	368
361	367
361	461
361	458
361	457
362	366
363	365
363	364
363	459
363	367
363	383
364	368
364	461
364	365
364	367
364	384
364	383
365	367
365	368
367	459
367	458
367	368
367	384
368	466
369	374
369	371
369	376
369	373
370	374
370	376
370	676
370	985
371	372
371	374
372	373
372	374
372	376
372	769
372	852
373	754
374	375
374	520
375	376
376	421
377	382
377	380
377	378
378	382
378	511
379	384
379	383
380	382
380	622
381	383
381	384
381	541
385	392
385	386
386	392
387	388
387	391
387	389
387	390
388	391
388	389
388	390
388	869
389	390
389	391
390	391
391	833
393	394
393	400
393	396
393	395
393	398
394	396
394	397
395	399
395	519
396	399
396	397
397	399
397	400
397	398
397	884
397	425
398	399
398	400
398	505
398	830
399	400
399	817
401	762
401	714
401	539
401	732
401	631
402	404
402	403
402	630
402	804
402	675
402	405
402	542
402	744
403	406
403	630
403	795
403	592
403	804
403	776
403	725
403	553
404	406
404	762
404	776
404	555
404	782
404	405
405	744
405	620
405	804
405	651
406	545
406	597
406	630
406	539
406	660
407	546
407	738
407	684
407	482
407	483
407	481
407	579
408	516
408	515
408	799
408	738
408	590
408	622
408	787
409	411
409	413
409	414
409	714
410	414
410	416
410	412
410	413
411	414
411	413
411	671
412	415
412	416
412	414
412	413
413	414
414	415
414	416
415	416
416	708
417	419
417	421
417	424
418	424
418	422
418	420
418	423
419	423
419	421
419	422
419	420
420	423
421	424
422	424
422	453
423	424
425	431
425	433
425	427
425	432
425	430
425	428
426	427
426	429
426	432
426	431
427	432
427	428
427	565
428	429
428	431
428	565
428	433
428	504
428	819
429	431
429	430
429	546
429	858
430	431
430	432
430	735
430	433
431	433
434	440
434	441
434	439
434	437
434	538
434	532
434	436
435	440
435	436
435	437
435	442
436	437
436	441
436	442
437	438
437	441
437	439
437	442
438	441
438	440
438	439
439	442
439	440
439	538
440	442
441	442
441	623
442	604
443	448
443	449
443	453
443	450
444	445
444	447
444	446
444	451
445	453
445	452
445	451
445	446
445	640
446	450
446	453
446	447
447	769
447	451
447	449
448	450
449	453
450	453
450	451
450	452
451	452
451	496
451	927
454	456
454	464
454	462
454	468
455	468
455	460
455	456
455	462
455	463
456	464
456	463
456	460
456	465
456	790
457	466
457	458
457	459
457	461
458	459
458	461
459	466
460	462
460	467
460	465
461	466
462	465
462	468
462	467
462	463
462	916
463	467
463	465
464	468
464	467
464	465
464	593
465	467
465	468
465	891
467	585
468	536
469	473
469	480
469	481
469	476
469	474
469	478
469	479
469	483
469	471
469	482
469	590
469	583
469	628
469	809
470	472
470	484
470	477
470	475
470	485
471	474
471	482
471	480
471	478
471	476
471	473
471	481
471	590
471	636
471	763
471	662
471	535
471	626
472	485
472	477
472	484
473	474
473	483
473	480
473	478
473	479
473	482
473	476
473	738
474	478
474	479
474	480
474	476
474	602
475	484
475	477
475	485
476	481
476	479
476	482
476	483
476	478
476	550
476	583
476	546
476	786
477	484
477	485
478	480
478	483
478	482
478	583
478	684
478	738
478	479
478	628
478	722
479	482
479	481
479	483
479	550
479	480
479	578
479	567
479	589
480	482
480	481
480	483
480	516
481	583
481	671
482	483
482	684
482	701
482	763
482	738
483	799
483	566
483	763
484	485
486	503
486	505
486	491
487	513
487	502
487	506
487	501
487	510
487	532
488	494
488	496
488	512
488	510
488	497
488	511
488	490
488	489
488	507
489	513
489	504
489	506
489	510
489	780
490	498
490	497
490	500
490	511
490	493
490	494
491	501
491	511
491	498
491	510
491	513
491	494
492	504
492	513
492	499
492	495
492	496
493	500
493	504
493	510
493	506
493	505
494	496
494	498
494	504
494	501
495	497
495	506
496	510
496	508
497	507
497	505
498	502
498	507
498	510
499	508
499	509
499	505
500	508
501	508
501	512
503	504
504	508
504	513
504	507
505	508
505	507
505	510
505	513
507	508
509	512
510	511
510	925
511	618
513	640
514	766
514	680
514	718
514	801
514	683
514	752
514	606
514	810
515	684
515	556
515	516
515	602
515	701
515	603
516	603
516	590
516	583
516	550
516	556
516	589
516	628
517	521
517	543
517	624
518	570
518	644
518	633
518	551
518	771
518	716
518	767
519	627
519	700
519	839
520	668
520	784
520	635
520	616
520	607
520	798
520	736
520	562
520	749
520	969
521	624
521	543
522	679
522	646
522	681
522	629
522	759
522	677
522	621
522	800
522	807
523	789
523	785
523	715
523	696
523	530
523	572
523	806
523	808
524	526
524	708
524	632
524	805
525	794
525	703
525	591
525	558
525	656
525	889
525	995
526	708
526	745
526	805
526	876
527	664
527	792
527	652
527	608
527	779
527	544
527	569
527	582
528	657
528	781
528	611
528	791
528	788
528	698
528	677
528	679
529	542
529	631
529	692
529	630
529	782
529	725
529	555
529	553
529	731
530	757
530	593
530	572
530	783
530	789
530	785
531	587
531	680
531	711
531	774
531	766
531	610
531	752
532	678
532	623
532	604
533	608
533	652
533	544
533	649
533	569
533	599
533	643
533	704
533	727
533	574
534	549
535	589
535	547
535	750
535	689
535	671
535	690
535	722
535	905
536	731
536	554
536	555
536	659
536	804
537	561
537	777
537	729
537	540
537	721
537	756
538	728
538	743
538	571
538	598
538	623
538	917
539	614
539	620
539	744
539	592
539	796
540	758
540	674
540	676
540	705
541	685
541	697
542	796
542	782
542	620
542	795
542	614
542	545
542	658
543	624
543	808
544	582
544	727
544	755
544	643
545	553
545	675
545	630
545	597
545	577
545	658
546	602
546	583
546	763
547	722
547	648
547	809
547	750
547	763
547	622
547	689
547	947
547	589
548	790
548	645
548	769
548	600
548	596
548	770
548	773
548	669
548	691
548	719
549	760
550	684
550	799
550	566
550	738
550	556
550	671
551	767
551	570
551	771
551	638
551	713
551	716
552	618
552	564
552	585
552	712
552	658
553	795
553	709
553	732
553	630
553	796
553	782
554	765
554	702
554	658
554	577
554	651
554	659
555	577
555	658
555	702
555	620
555	675
555	592
556	626
556	787
556	628
556	602
556	583
556	603
556	566
557	717
557	698
557	741
557	621
557	679
557	759
557	695
557	687
558	794
558	703
558	851
558	897
558	884
558	960
558	591
558	564
559	801
559	811
559	711
559	586
559	595
559	810
560	707
560	640
560	594
560	745
561	584
561	617
561	748
561	705
561	674
561	803
561	777
561	721
562	736
562	751
562	615
562	749
562	775
562	784
563	588
563	780
563	998
563	834
563	950
563	943
564	712
564	585
565	739
565	735
565	797
566	590
566	602
566	684
566	787
566	766
567	662
567	654
567	601
567	579
567	671
568	772
568	634
568	761
569	608
569	641
569	754
569	727
569	664
569	582
570	575
570	724
570	706
570	618
570	767
570	598
571	598
571	720
572	613
572	655
572	663
572	696
572	778
572	789
572	785
573	647
573	789
573	613
573	663
573	637
573	778
573	757
573	655
573	806
573	808
574	779
574	641
574	754
574	649
574	599
575	644
575	633
575	706
575	962
576	783
576	593
576	647
576	655
576	789
576	609
576	696
576	808
577	731
577	702
577	804
578	662
578	722
578	689
578	786
578	622
578	654
578	799
579	742
579	722
579	686
579	589
579	654
579	601
579	763
579	787
580	811
580	723
580	768
580	793
580	801
580	730
580	595
580	682
581	698
581	800
581	695
581	611
581	717
581	629
581	665
582	727
582	652
582	599
582	754
582	779
583	787
583	626
583	628
584	748
584	676
584	758
584	660
584	756
585	712
585	618
585	995
586	711
586	768
586	610
586	723
586	683
586	587
586	811
586	853
587	606
587	768
587	774
587	766
588	780
588	843
588	830
588	834
589	750
589	648
589	686
589	671
589	654
590	701
590	626
590	603
590	738
591	794
591	819
591	953
591	960
591	995
592	675
592	630
592	709
592	714
592	692
592	765
593	637
593	757
593	696
593	783
593	778
593	715
593	613
594	640
594	707
594	745
594	672
595	730
595	606
595	810
595	774
595	811
595	683
596	773
596	740
596	691
596	769
596	665
596	682
596	669
597	631
597	776
597	732
597	714
598	678
598	604
598	728
598	743
598	623
599	704
599	641
599	649
599	754
599	643
599	664
600	769
600	645
600	770
600	666
600	669
601	689
601	671
601	742
601	786
601	722
601	750
602	603
602	799
602	787
602	636
603	626
603	787
603	648
604	678
604	728
604	623
604	720
604	743
604	772
605	673
605	670
605	667
605	650
605	991
606	774
606	730
606	810
606	610
606	801
606	711
607	798
607	775
607	616
607	751
607	635
607	736
608	755
608	779
608	641
608	704
608	652
608	731
609	613
609	808
609	789
609	696
609	655
609	715
609	785
610	793
610	683
610	730
610	711
610	766
610	718
611	687
611	657
611	807
611	677
611	639
612	747
612	642
613	696
613	647
613	757
613	637
613	663
613	785
614	631
614	725
614	732
614	795
614	782
614	692
615	736
615	751
615	784
615	668
615	749
615	635
616	635
616	751
616	736
616	798
616	784
617	660
617	803
617	729
617	674
617	705
617	714
617	688
618	712
618	834
619	750
619	786
619	654
619	690
619	809
619	742
619	662
619	671
620	804
620	795
620	731
621	800
621	646
621	657
622	671
622	690
622	648
622	750
622	689
623	720
623	728
625	726
625	693
625	737
625	802
625	869
625	890
626	738
626	636
626	684
627	700
627	814
628	787
628	636
629	646
629	679
629	698
629	657
629	788
629	717
630	804
630	782
630	851
631	796
631	651
631	675
631	691
631	744
631	732
632	805
633	771
633	767
633	699
634	761
634	772
634	822
635	798
635	784
635	749
635	736
636	738
636	701
636	684
636	915
637	647
637	808
637	783
637	663
637	757
638	706
638	699
639	741
639	687
639	677
639	679
639	698
639	665
639	807
640	745
640	805
641	754
641	643
641	779
641	792
642	747
643	664
643	727
643	649
643	934
643	866
643	704
644	910
644	716
645	666
645	773
645	740
645	719
645	790
645	770
646	677
646	717
646	681
646	800
646	665
646	759
647	715
647	785
647	663
647	655
647	806
648	722
648	662
648	786
648	689
648	690
648	686
648	799
649	704
649	755
649	779
650	670
650	661
650	673
650	970
651	762
651	744
652	727
652	704
653	694
654	750
654	786
654	763
654	742
654	662
654	671
655	808
655	715
655	663
655	757
656	930
656	794
657	687
657	665
657	781
657	788
657	679
657	800
658	765
658	731
658	702
658	670
659	702
659	765
659	795
660	734
660	721
660	777
660	748
660	674
661	670
661	753
661	667
662	786
662	701
663	757
663	696
663	789
663	715
664	792
664	727
665	741
665	807
665	781
665	791
666	740
666	669
666	691
666	790
666	770
666	769
666	773
667	753
667	670
667	968
668	784
668	749
668	775
668	798
668	751
668	736
669	770
669	773
669	691
669	769
670	673
670	703
670	997
671	689
672	708
672	805
672	897
673	753
674	729
674	734
674	748
674	756
674	777
674	878
675	714
675	709
675	762
675	732
676	748
676	803
676	729
676	758
676	721
676	777
676	719
677	741
677	807
677	781
677	695
678	720
678	743
679	759
679	741
680	793
680	723
680	718
680	766
680	730
680	774
681	741
681	717
681	800
681	807
681	791
681	695
681	687
682	793
682	766
683	752
683	793
683	711
684	787
684	701
685	688
685	898
686	763
686	750
687	759
687	791
687	695
687	807
688	697
688	764
689	809
689	763
689	786
690	809
690	750
690	742
690	774
691	773
691	902
691	790
692	782
692	709
692	762
692	776
693	733
693	737
693	726
693	802
695	788
695	741
695	698
695	791
696	778
696	757
696	806
698	717
698	788
699	713
700	978
700	814
701	738
701	799
701	750
702	765
702	731
702	725
703	794
703	930
703	897
703	924
703	953
703	849
704	792
705	758
705	777
705	721
705	734
706	767
706	716
706	826
707	793
707	745
709	762
709	804
709	776
709	782
710	797
710	735
710	739
711	793
711	810
711	752
711	723
713	716
713	767
713	724
713	999
714	732
714	725
714	804
715	808
715	806
715	778
715	783
716	724
717	741
717	800
717	791
718	811
719	740
719	773
719	770
719	790
720	728
720	846
721	756
721	758
721	803
722	742
722	750
722	787
723	811
723	793
723	730
724	771
725	804
725	776
725	744
726	737
726	733
726	802
727	755
727	754
728	743
729	756
729	758
729	777
729	734
730	810
730	774
730	768
732	762
733	802
733	737
734	748
734	758
735	739
735	797
736	775
736	751
736	798
736	749
739	797
740	770
741	807
741	791
742	786
744	796
745	980
746	760
748	758
748	777
749	775
749	784
749	998
749	751
751	775
751	784
751	798
752	793
754	779
755	792
755	891
756	758
756	803
757	808
757	778
757	789
758	803
759	781
759	800
759	788
759	791
760	998
761	772
761	992
762	782
762	776
763	809
765	991
766	811
766	793
768	801
768	811
768	793
769	790
769	770
769	773
770	790
770	773
774	810
775	784
776	796
776	795
776	782
778	785
780	871
780	834
780	971
781	800
781	788
782	795
783	785
783	808
783	806
783	869
784	798
785	789
785	808
787	799
788	807
788	791
789	806
790	983
791	800
794	876
794	827
795	994
801	811
806	808
810	811
812	867
812	879
812	818
812	999
812	939
813	968
813	936
813	905
813	956
813	929
813	923
814	997
814	962
814	947
814	978
815	822
815	966
815	900
815	964
815	877
815	928
815	881
815	937
816	841
816	873
816	976
816	857
816	886
816	927
816	958
816	984
816	885
816	952
817	911
817	896
817	959
818	898
818	836
818	881
818	932
818	890
818	999
818	854
818	840
818	970
818	993
818	935
818	853
819	934
819	851
819	953
819	995
819	991
819	987
819	828
819	850
820	993
820	966
820	920
820	935
820	898
820	840
820	875
820	970
820	994
821	988
821	948
821	911
821	941
821	959
822	920
822	881
822	864
822	853
822	867
822	935
822	922
822	829
823	833
823	897
823	960
823	987
823	883
823	980
823	876
823	828
823	934
824	890
824	864
824	829
824	840
824	937
824	999
824	992
824	854
824	842
825	961
825	912
825	841
825	878
825	942
825	984
825	863
825	887
825	915
825	873
825	874
825	958
826	829
826	870
826	986
826	937
826	836
826	860
826	964
827	930
827	987
827	897
827	876
827	849
827	828
827	861
828	930
828	996
828	953
828	876
828	833
828	884
828	897
828	924
828	849
828	831
829	990
829	831
829	898
829	836
829	966
829	999
829	840
829	842
830	843
830	872
830	971
830	943
830	834
831	975
831	964
831	903
831	848
831	870
831	938
831	969
831	900
831	877
831	932
831	993
831	864
831	928
832	836
832	994
832	842
832	908
832	975
832	854
832	928
832	945
832	969
833	995
833	991
833	850
833	897
833	953
833	996
833	987
834	871
834	950
834	872
834	843
835	878
835	874
835	841
835	976
835	979
835	886
835	942
835	912
835	931
835	844
835	916
835	984
835	927
835	929
835	957
836	853
836	977
836	966
836	999
836	937
836	928
836	922
836	842
836	854
836	938
836	867
837	882
837	978
837	947
837	944
837	869
837	997
837	910
838	973
838	931
838	961
838	841
838	844
838	989
838	857
838	942
838	863
838	956
838	927
839	882
839	910
839	962
839	921
839	864
840	898
840	986
840	881
840	903
840	969
840	975
840	938
840	867
840	864
840	933
840	922
841	974
841	863
841	984
841	979
841	899
841	967
841	951
841	887
841	958
841	912
841	857
842	993
842	964
842	933
842	860
842	922
842	994
842	970
842	986
843	971
843	871
843	872
843	998
844	951
844	942
844	885
844	878
845	921
845	940
845	891
845	985
845	946
845	846
846	925
846	940
846	983
846	882
847	899
847	887
847	906
847	961
847	873
847	878
847	974
847	976
847	874
847	888
847	989
848	875
848	928
848	922
848	937
848	917
848	970
848	908
848	938
848	879
848	986
849	953
849	960
849	995
849	884
849	991
849	889
849	876
849	934
849	850
850	995
850	861
850	953
850	960
851	960
851	991
851	889
851	897
851	953
853	898
853	890
853	928
853	922
853	877
853	964
853	860
853	945
853	867
854	999
854	890
854	870
854	860
854	990
854	903
854	993
855	870
855	981
855	966
855	999
855	881
855	994
855	990
855	894
855	900
855	890
855	964
855	973
856	865
856	988
856	904
857	874
857	958
857	906
857	942
857	929
857	956
858	919
858	929
858	956
858	923
858	893
858	895
858	885
859	880
859	955
859	972
859	949
860	966
860	992
860	986
860	937
860	867
860	939
861	960
861	953
861	987
861	897
862	951
862	967
862	915
862	873
862	863
862	979
863	878
863	973
863	885
863	912
863	888
863	942
863	976
863	915
864	986
864	922
864	928
864	969
864	898
864	867
864	977
864	932
865	941
865	911
866	963
866	907
866	902
866	954
867	975
867	992
867	928
867	964
868	924
868	987
868	889
868	884
869	944
869	978
869	910
869	882
869	947
869	997
870	894
870	920
870	945
871	950
871	971
871	872
871	943
872	943
872	971
872	998
872	950
873	958
873	878
873	957
873	927
873	887
873	989
873	961
873	979
873	885
874	878
874	912
874	906
874	951
874	927
875	993
875	964
875	975
875	977
875	922
875	935
875	938
875	920
876	930
876	934
876	987
876	953
876	889
877	981
877	970
877	990
877	969
877	903
877	908
877	917
877	966
877	994
878	906
878	976
878	984
878	961
878	888
878	886
878	885
878	916
879	981
879	964
879	932
879	970
879	975
879	917
880	949
880	955
881	898
881	964
881	970
881	908
881	935
881	937
882	978
882	962
882	910
883	889
883	924
883	991
883	884
883	934
883	995
883	980
884	980
884	960
884	947
885	927
885	888
885	976
885	974
885	989
885	886
885	906
885	912
886	916
886	989
886	887
886	942
886	899
886	931
886	979
886	958
886	938
887	961
887	967
887	974
887	984
887	973
887	976
887	905
888	951
888	961
888	915
888	957
888	974
889	996
889	991
889	995
889	934
889	924
890	920
890	908
890	898
890	969
890	903
891	985
891	925
891	940
892	913
892	985
893	905
893	982
893	968
893	952
893	929
893	901
893	915
893	936
893	923
894	903
894	939
894	977
894	945
894	966
895	936
895	968
895	952
895	905
895	916
896	911
896	959
897	924
897	996
897	930
897	934
898	992
898	908
898	903
898	939
898	975
899	974
899	961
899	989
899	958
899	942
899	952
899	927
900	945
900	938
900	994
900	903
900	939
900	981
900	933
901	956
901	919
901	923
901	936
901	905
901	931
901	929
902	963
902	907
902	954
903	964
903	928
903	981
903	945
903	994
903	917
903	937
903	908
903	993
904	941
904	909
904	988
905	956
905	936
905	923
905	984
906	973
906	957
906	958
906	927
906	976
907	963
907	954
908	981
908	964
908	993
908	935
908	992
909	941
909	911
910	944
910	978
910	962
911	959
911	941
912	942
912	974
912	961
912	989
912	936
912	982
913	921
914	972
914	955
915	957
915	984
915	974
915	961
915	973
915	979
916	958
916	942
916	974
916	989
917	992
917	969
917	920
917	975
918	926
919	952
919	968
919	956
919	982
919	974
919	961
920	970
920	990
920	986
920	939
920	994
921	940
922	970
922	935
923	968
923	982
923	956
923	929
923	952
924	991
924	934
924	995
924	996
924	953
925	965
927	984
927	951
927	942
927	976
927	973
927	961
927	967
927	974
927	931
928	937
928	994
928	992
928	939
928	964
928	977
929	952
929	968
929	956
930	991
930	995
930	980
931	989
931	984
931	958
931	976
931	982
932	977
932	945
932	938
932	992
932	969
933	993
933	970
933	945
933	986
933	992
934	995
934	996
934	987
935	964
935	981
935	986
935	999
935	970
936	968
936	951
937	990
938	939
938	981
939	975
939	964
939	969
940	983
940	965
941	959
942	974
942	973
943	950
943	998
944	978
944	962
944	947
945	966
945	975
945	964
945	993
945	969
946	983
946	965
946	985
947	962
947	978
948	988
949	972
949	955
950	971
950	998
951	974
951	958
951	967
951	979
951	984
952	982
952	968
953	995
953	996
953	980
953	987
954	963
955	972
956	968
957	989
957	984
957	967
957	973
958	979
958	967
958	976
960	996
961	974
961	984
962	997
964	969
964	981
966	993
966	969
967	973
968	982
969	977
969	999
970	981
973	984
974	979
975	990
975	986
975	994
976	989
977	993
977	981
977	992
977	999
978	997
980	991
981	986
981	993
981	992
986	994
986	993
987	996
990	992
991	996
992	999
995	996
