0	101
0	855
0	471
0	481
0	818
0	482
0	878
0	684
1	965
1	727
1	49
1	844
1	923
1	931
1	100
1	935
1	51
1	803
2	942
2	982
2	836
2	766
2	894
2	356
2	359
3	907
3	57
3	829
3	357
3	971
3	209
3	280
3	326
3	978
3	364
3	250
3	711
4	866
4	838
4	833
4	739
4	969
4	671
5	825
5	980
5	786
5	806
5	927
5	332
5	235
6	811
6	712
6	731
6	924
6	773
6	629
6	879
6	741
6	624
6	615
6	866
6	250
7	8
7	363
7	881
7	462
7	743
7	459
7	714
8	881
8	714
8	757
8	743
8	951
8	454
8	362
8	702
9	521
9	515
9	508
9	281
9	13
9	774
9	905
9	718
9	510
9	11
10	995
10	535
10	33
10	315
11	520
11	12
11	275
11	509
11	958
11	281
11	508
11	208
11	993
12	13
12	275
12	524
12	510
12	521
12	520
12	774
12	361
12	458
13	520
13	508
13	361
13	718
13	524
13	774
13	206
13	510
14	16
14	15
14	17
14	501
14	559
14	585
14	491
14	488
14	259
14	182
15	17
15	564
15	501
15	259
15	488
16	17
16	491
16	559
16	585
16	564
17	488
17	564
17	501
17	491
17	585
18	20
18	19
18	263
18	572
18	64
19	20
19	218
19	64
20	572
20	218
20	946
21	552
21	498
21	576
21	497
21	574
22	23
22	264
22	25
22	27
22	260
22	26
22	24
22	265
22	623
22	655
22	970
23	25
23	27
23	265
23	26
23	260
23	264
23	24
23	610
23	393
24	26
24	27
24	265
24	260
24	264
24	393
24	617
24	633
24	631
25	27
25	260
25	264
25	265
25	598
25	89
25	684
25	821
26	27
26	260
26	264
26	633
26	393
26	254
26	265
27	264
27	260
27	599
27	92
27	623
27	69
28	50
28	839
28	789
28	851
28	449
28	993
28	767
28	919
28	716
28	709
29	34
29	794
29	885
29	813
29	812
29	51
29	846
29	962
29	79
30	909
30	946
30	824
30	762
30	955
30	949
30	372
31	944
31	759
32	708
32	906
32	876
32	889
32	730
32	372
33	701
33	849
33	880
33	314
33	995
33	513
33	367
34	962
34	794
34	51
34	904
34	845
34	906
34	812
34	686
34	990
34	764
35	711
35	87
35	157
35	653
35	54
36	41
36	40
36	180
37	39
37	139
37	168
37	554
38	793
38	565
38	137
38	182
39	139
39	566
39	813
40	41
40	229
42	45
42	273
42	268
42	44
42	421
42	47
42	154
42	567
42	867
42	861
43	46
43	158
43	159
43	270
43	266
43	172
43	271
43	549
43	48
43	150
43	939
43	425
44	160
44	267
44	47
44	420
44	869
44	272
44	45
44	857
44	273
45	269
45	272
45	154
45	857
45	875
45	869
45	567
46	48
46	159
46	155
46	271
46	172
46	266
46	156
46	966
47	269
47	537
47	545
47	571
47	419
47	267
47	861
47	65
48	271
48	138
48	266
48	159
48	172
48	158
48	156
48	270
48	870
48	994
49	931
49	801
49	727
49	706
49	903
49	104
49	923
49	555
50	896
50	895
50	993
50	937
50	449
50	851
50	733
50	823
50	776
51	885
51	812
51	962
51	794
51	813
51	850
51	742
51	846
51	444
51	845
51	837
51	904
52	705
52	989
52	820
52	966
52	936
52	792
52	981
52	816
52	920
52	828
52	817
53	963
53	949
53	998
53	955
53	912
53	750
53	788
53	990
54	204
54	362
54	459
54	464
54	743
54	363
54	462
54	757
54	819
54	702
54	522
54	901
54	957
55	767
55	937
55	993
55	919
55	895
55	452
55	709
55	716
55	823
55	891
56	60
56	783
56	117
56	815
56	102
56	113
56	435
57	978
57	971
57	934
57	768
57	507
57	518
57	997
57	829
57	364
57	318
58	59
58	892
58	726
58	322
58	242
59	726
59	892
59	127
59	919
60	61
60	972
60	917
60	422
60	436
60	431
60	963
60	296
60	164
61	915
61	985
61	914
61	783
61	917
61	113
61	431
61	924
61	972
62	764
62	913
62	740
62	418
62	761
62	950
62	437
62	976
62	601
63	67
63	498
63	68
63	499
63	489
63	552
63	494
63	574
63	573
63	576
63	551
63	497
63	495
63	500
63	815
64	572
64	218
64	263
65	272
66	503
66	493
66	184
67	68
67	499
67	498
67	551
67	220
67	495
67	494
67	497
67	301
67	576
67	552
67	500
67	85
68	499
68	489
68	494
68	498
68	552
68	551
68	574
68	573
68	544
68	495
68	576
69	484
69	486
69	563
70	72
70	71
70	75
70	74
70	770
70	73
70	76
70	608
70	158
71	73
71	74
71	72
71	75
71	223
71	938
71	103
71	919
71	193
72	74
72	73
72	75
72	76
72	383
72	733
73	75
73	76
73	74
73	93
73	552
73	837
73	907
74	76
74	938
74	482
74	950
75	76
75	979
75	102
75	231
76	223
76	860
76	666
76	750
77	80
77	258
78	841
78	83
78	470
78	453
79	256
79	254
79	252
79	82
79	483
79	473
79	257
79	942
79	448
80	258
81	472
81	468
81	306
81	313
81	389
81	391
81	800
81	692
82	257
82	474
82	254
82	256
82	253
82	252
82	483
82	509
82	114
82	255
83	470
83	841
83	710
84	528
84	532
84	542
84	527
84	153
84	148
84	149
84	151
84	546
84	338
84	888
84	781
84	644
84	908
84	805
85	544
85	301
85	298
86	90
86	547
86	540
86	548
86	526
86	734
86	462
86	511
86	649
87	413
87	157
88	540
88	548
88	90
88	526
88	547
88	901
88	819
88	881
88	519
89	539
89	538
89	529
89	534
89	374
89	530
89	371
89	536
89	369
89	170
89	368
89	575
89	96
89	543
89	367
90	548
90	540
90	547
90	526
90	519
90	340
90	819
91	94
91	93
91	97
91	92
91	240
91	96
91	132
91	656
91	95
91	541
92	97
92	94
92	96
92	95
92	528
92	835
93	97
93	95
93	136
93	647
93	533
93	94
93	934
94	95
94	97
94	96
94	232
94	805
94	825
95	96
95	97
95	239
95	982
95	949
95	757
96	97
96	356
96	768
96	496
96	634
97	236
97	855
97	988
97	145
98	949
98	751
98	946
98	909
98	750
98	955
98	824
98	445
98	730
98	998
99	104
99	935
99	923
99	720
99	903
100	104
100	965
100	801
100	727
100	720
100	706
100	923
100	768
101	471
101	717
101	482
101	855
101	481
101	818
102	705
102	920
102	989
102	820
102	817
102	792
102	966
102	847
102	816
102	968
103	774
103	905
103	997
103	994
103	458
103	718
103	814
103	510
103	466
103	509
103	859
103	958
103	738
103	581
104	903
104	727
104	923
104	801
104	935
104	720
105	110
105	344
106	108
106	111
106	107
106	249
107	108
107	111
107	249
107	475
108	111
108	245
109	192
109	339
110	195
111	248
112	432
112	287
112	429
112	114
112	118
112	725
112	285
112	594
112	809
113	433
113	117
113	915
113	431
113	972
113	435
114	118
114	429
114	797
114	424
114	878
114	428
114	802
114	872
115	732
115	984
115	282
116	950
116	740
116	434
116	437
116	764
116	761
116	976
116	913
116	476
117	433
117	986
117	431
117	439
117	915
117	858
118	872
118	285
118	809
118	956
118	983
118	432
118	900
118	797
119	125
119	124
119	415
119	122
119	407
119	187
119	400
119	197
119	131
119	196
120	125
120	399
120	403
120	398
120	394
120	188
120	415
120	405
120	123
120	185
121	404
121	122
121	124
121	399
121	125
121	188
121	407
121	405
121	412
121	403
122	123
122	400
122	399
122	407
122	124
122	185
122	125
122	129
122	132
123	403
123	400
123	405
123	415
123	404
123	399
123	407
123	199
124	399
124	403
124	394
124	125
124	409
124	407
124	188
125	397
125	394
125	403
125	400
125	198
126	197
126	198
126	129
126	200
126	241
126	131
126	409
126	133
126	242
126	238
127	128
127	201
127	200
127	187
127	410
127	199
127	403
127	404
127	239
128	200
128	130
128	131
128	406
128	202
128	201
128	199
128	239
129	131
129	198
129	196
129	199
129	202
129	130
129	242
129	201
130	131
130	200
130	202
130	398
130	188
130	198
130	196
130	242
131	404
131	242
131	239
131	199
131	243
132	244
132	366
132	238
133	183
133	135
133	136
133	170
134	401
134	580
134	821
134	755
134	860
134	777
134	853
134	818
134	900
135	136
135	183
135	170
135	627
136	170
136	183
137	182
137	565
137	583
137	793
137	804
137	525
137	612
138	172
138	158
138	159
138	155
138	549
138	266
139	168
139	566
139	561
139	554
139	822
139	799
139	330
139	829
139	555
140	612
140	616
140	626
140	634
140	608
140	614
140	627
140	141
140	619
140	729
141	626
141	614
141	608
141	616
141	612
141	586
141	627
141	634
142	596
142	587
142	594
142	602
142	588
142	604
142	797
142	349
142	802
143	145
143	144
143	622
143	605
143	607
143	600
143	597
143	146
143	640
144	600
144	640
144	635
144	145
144	622
144	630
144	146
144	212
145	146
145	600
145	630
145	622
145	605
145	635
145	607
146	635
146	605
146	191
146	632
146	630
146	622
146	640
147	153
147	151
147	148
147	467
147	333
147	546
147	527
147	532
147	528
147	943
148	149
148	153
148	151
148	527
148	532
148	546
148	528
148	798
149	151
149	153
149	528
149	532
149	338
149	542
149	333
149	525
150	549
150	266
150	155
150	159
150	270
150	956
150	271
151	153
151	532
151	527
151	546
151	528
151	953
152	531
152	154
152	269
152	545
152	537
152	571
153	335
153	546
153	532
153	542
153	556
154	267
154	160
154	272
154	269
154	571
154	857
155	158
155	271
155	156
155	549
155	159
155	270
155	427
155	672
156	159
156	266
156	158
156	270
156	172
156	250
156	271
156	854
156	458
157	414
158	159
158	270
158	266
158	427
158	172
159	270
159	266
159	360
160	267
160	268
160	273
160	861
160	567
160	715
160	545
161	165
161	227
162	167
162	164
162	163
162	166
162	779
162	342
163	164
163	166
163	180
163	181
163	178
164	166
164	167
165	227
166	167
166	844
168	555
168	561
168	566
168	579
168	554
168	831
168	830
168	822
168	792
169	396
169	186
169	174
169	324
169	772
169	411
169	270
170	183
171	173
171	395
171	408
171	325
171	328
171	448
171	931
171	888
172	266
173	395
173	325
173	408
173	326
173	514
173	698
173	632
174	186
174	411
174	396
174	324
174	747
174	650
175	176
175	342
176	342
177	345
177	526
178	179
178	181
178	180
179	181
179	180
179	226
180	181
182	550
182	804
182	565
182	583
182	793
183	970
184	503
184	493
184	665
185	187
185	407
185	397
185	406
185	402
185	409
185	202
185	404
186	396
186	411
186	324
186	230
186	549
187	188
187	412
187	406
187	402
187	405
187	400
187	197
188	405
188	410
188	398
188	397
188	399
188	892
189	190
189	637
190	637
191	194
191	607
191	622
192	339
193	195
194	640
194	986
195	382
196	200
196	199
196	405
196	409
196	410
196	241
197	200
197	202
197	199
197	400
197	406
197	402
197	243
198	200
198	199
198	397
198	239
198	201
198	398
199	202
199	241
200	202
200	201
200	242
201	202
201	405
201	415
201	398
201	410
202	403
202	243
203	932
203	865
203	461
203	853
203	619
203	395
204	743
204	464
204	757
204	881
204	714
204	548
205	206
205	208
205	718
205	854
205	893
205	240
205	859
205	458
205	466
205	994
206	787
206	774
206	958
206	466
206	508
206	718
206	520
206	361
207	209
207	934
207	364
207	357
207	910
207	289
207	507
207	233
207	829
207	827
208	994
208	787
208	281
208	997
208	521
208	905
208	893
208	620
209	768
209	988
209	457
209	829
209	907
209	280
209	934
210	211
210	212
210	216
210	215
210	512
210	505
210	213
210	358
210	506
210	276
211	216
211	213
211	506
211	212
211	512
211	505
211	365
211	215
211	360
212	216
212	213
212	215
212	276
213	216
213	512
213	506
213	505
213	215
213	227
214	274
214	277
215	216
215	506
215	276
215	460
215	512
215	505
216	512
216	276
216	505
216	441
217	222
217	496
217	485
217	504
218	263
219	742
219	847
219	898
219	240
220	551
220	498
220	574
221	922
221	779
221	947
221	349
222	261
222	492
222	490
223	979
223	770
224	228
224	225
224	230
224	396
225	230
225	228
225	411
226	229
228	230
228	396
231	233
231	236
231	235
231	234
231	237
231	232
231	294
232	233
232	237
232	234
232	235
232	638
232	617
232	542
232	305
233	236
233	237
233	234
233	235
233	673
233	371
233	254
234	237
234	235
234	639
234	236
235	236
235	237
235	628
235	546
236	237
236	887
236	408
236	985
237	373
237	652
238	244
238	807
239	243
239	323
239	240
239	241
239	825
240	242
240	243
240	241
240	329
240	398
240	316
241	242
241	243
241	404
241	406
241	410
242	243
243	327
243	726
244	807
245	251
245	250
245	249
245	248
245	247
245	246
245	691
245	648
245	619
246	248
246	247
246	251
246	250
246	249
246	678
246	647
246	655
246	498
247	248
247	250
247	251
247	249
247	655
247	678
247	996
247	745
248	250
248	251
248	249
248	924
249	250
249	383
249	251
249	648
250	251
250	678
251	383
251	332
251	691
251	970
252	254
252	255
252	483
252	257
252	473
252	474
252	256
252	253
252	882
253	254
253	255
253	256
253	473
253	364
253	261
253	293
253	702
254	255
254	257
254	474
254	256
254	305
254	483
255	256
255	473
255	257
255	474
255	957
255	746
255	601
255	483
256	257
256	483
256	474
256	473
256	844
257	473
257	447
257	302
257	474
257	483
257	366
259	262
259	559
259	585
260	264
260	265
260	623
261	492
261	487
261	502
262	564
262	501
262	488
262	491
263	572
264	265
264	874
264	659
265	633
265	610
265	617
265	348
266	427
266	650
266	270
266	271
266	718
267	273
267	269
267	869
267	752
267	537
267	268
268	272
268	420
268	571
268	867
268	875
268	752
268	567
269	273
269	537
269	571
269	531
269	861
270	271
270	427
270	360
271	549
271	307
271	854
272	273
272	531
272	715
273	537
273	869
273	420
273	867
274	277
275	508
275	509
275	281
275	515
275	524
275	521
275	520
275	718
276	512
276	505
276	506
278	279
278	525
278	514
278	294
278	523
278	292
278	290
278	291
278	669
278	293
278	296
279	525
279	523
279	514
279	291
279	292
279	939
279	294
279	290
279	777
279	293
280	518
280	988
280	517
280	768
281	509
281	508
281	515
281	521
281	905
281	510
282	732
283	289
283	284
283	288
284	289
284	288
284	811
285	287
285	428
286	435
286	433
286	815
286	436
287	900
287	588
288	289
290	291
290	294
290	293
290	296
290	514
290	525
290	810
290	965
291	292
291	294
291	296
291	293
291	514
291	483
291	523
291	527
292	296
292	294
292	293
292	525
292	517
292	514
292	821
292	930
293	294
293	296
293	977
293	514
293	525
293	523
293	924
294	296
294	523
294	499
294	705
295	516
295	297
296	514
296	401
296	733
296	525
297	516
298	301
298	544
298	500
299	300
299	647
300	647
301	544
302	303
302	305
302	373
302	370
302	908
303	305
303	372
303	373
303	370
304	691
304	648
305	373
305	372
305	370
306	313
306	800
306	308
306	468
306	392
306	663
307	772
307	911
307	310
307	309
307	721
307	660
308	313
308	800
308	472
308	468
308	387
308	753
308	830
309	310
309	911
309	772
309	721
309	672
309	694
310	772
310	911
310	721
310	660
310	324
311	312
311	977
311	737
312	977
312	737
312	540
313	800
313	468
313	472
313	385
313	621
314	315
314	513
314	849
315	943
315	701
316	317
316	321
316	319
317	319
317	321
317	582
318	819
319	321
319	550
320	744
320	940
320	570
320	557
321	846
322	323
322	327
322	329
323	327
323	329
324	396
324	411
324	650
325	328
325	326
325	408
325	579
326	328
326	395
326	551
327	329
328	408
328	536
328	690
328	769
330	332
330	533
330	601
330	958
330	942
330	474
331	336
331	337
331	334
331	474
332	417
332	533
332	492
333	335
333	338
333	546
334	336
334	337
334	708
335	338
335	527
335	943
336	337
336	601
337	474
338	707
340	343
340	345
340	819
340	519
341	344
341	342
341	346
341	378
341	375
342	346
342	344
342	379
343	345
343	484
343	431
343	459
344	346
344	380
344	375
345	951
345	734
346	379
347	995
347	701
347	849
347	535
348	351
348	353
348	352
348	355
348	350
348	529
348	356
348	354
349	355
349	350
349	356
349	353
349	351
349	354
349	429
350	353
350	351
350	356
350	354
350	854
350	883
350	643
351	356
351	352
351	353
351	355
351	354
351	433
351	537
352	355
352	356
352	814
352	629
352	795
352	354
352	353
353	355
353	807
353	354
353	832
353	676
354	356
354	355
354	457
354	596
355	356
355	846
357	364
357	457
357	970
357	978
357	891
357	805
357	507
357	517
357	518
357	361
357	998
358	365
358	456
358	460
358	455
359	461
359	932
359	853
359	885
359	961
360	466
360	718
360	905
360	854
360	859
360	997
360	893
360	510
360	524
360	525
360	508
360	774
360	883
361	458
361	905
361	814
361	958
361	787
361	694
362	363
362	454
362	459
362	951
362	881
362	464
362	540
362	511
362	819
363	462
363	454
363	464
363	519
363	714
363	743
363	901
363	459
363	659
364	829
364	457
364	970
364	891
364	971
364	862
364	494
364	918
365	455
365	456
365	460
366	367
366	368
366	369
366	371
366	538
366	539
366	529
366	543
366	517
366	536
367	368
367	371
367	374
367	369
367	536
367	543
367	541
367	461
367	481
368	374
368	371
368	543
368	530
368	538
368	534
368	943
368	536
368	369
369	371
369	539
369	543
369	530
369	538
369	541
369	529
369	534
369	917
370	372
370	373
370	709
370	859
371	374
371	539
371	534
371	846
371	865
371	538
372	373
372	974
373	656
374	536
374	530
374	529
374	659
374	543
374	534
375	378
375	380
375	382
376	381
376	377
376	656
376	647
377	381
377	834
377	656
378	379
378	380
378	382
379	382
379	380
380	382
381	647
381	656
383	655
383	691
383	648
383	678
384	388
384	390
384	586
384	620
384	621
385	387
385	392
385	391
385	664
386	390
386	601
386	613
386	388
386	629
387	389
387	391
387	472
388	390
388	586
388	613
389	392
389	391
389	800
390	613
390	601
391	392
392	468
393	598
393	633
393	610
393	623
393	599
393	631
394	403
394	402
394	399
394	405
394	406
394	397
394	409
395	980
395	621
396	411
397	402
397	404
397	399
397	400
397	415
398	399
398	412
398	404
398	402
399	403
400	403
400	410
400	412
401	580
401	860
401	755
401	562
401	777
401	690
402	412
402	415
402	405
402	410
404	407
404	410
405	412
406	409
406	410
406	415
406	412
407	412
407	415
407	409
408	613
409	410
409	412
409	415
411	747
412	415
413	414
416	417
416	426
417	426
417	533
418	437
418	950
418	913
418	761
419	421
419	545
419	715
420	421
421	531
422	986
422	439
422	890
422	815
423	437
423	913
423	764
423	976
423	950
424	809
424	956
424	602
424	473
425	732
428	430
428	429
428	438
428	432
428	983
428	809
428	878
428	588
429	432
429	430
429	438
429	797
429	602
429	765
430	438
430	432
430	872
430	956
430	596
430	983
430	949
430	900
431	439
431	433
431	890
431	783
432	438
432	596
432	802
432	588
432	809
433	436
433	972
433	439
433	890
433	706
434	437
434	761
434	950
434	764
434	740
435	915
435	986
435	783
435	890
435	917
435	436
436	439
436	986
436	783
436	915
436	815
437	740
437	950
437	913
437	761
438	900
438	872
438	918
438	706
438	983
439	783
439	914
439	820
439	986
440	447
440	443
440	442
440	790
440	832
440	843
440	856
440	444
441	444
441	448
441	926
441	753
441	959
441	902
441	987
441	810
441	645
441	870
441	754
441	763
442	446
442	447
442	930
442	832
442	443
442	775
442	883
442	529
442	790
442	996
443	447
443	843
443	930
443	856
443	996
443	927
443	775
444	448
444	810
444	959
444	987
444	835
444	926
444	873
444	754
444	753
444	902
444	741
444	763
445	791
445	955
445	751
445	762
446	447
446	790
446	856
446	883
446	775
446	832
446	996
446	930
446	566
447	856
447	883
447	930
447	775
447	843
447	996
447	496
448	763
448	926
448	987
448	902
448	754
448	873
448	835
449	452
449	919
449	723
450	975
450	973
450	478
450	616
450	819
451	744
451	940
451	558
451	569
452	709
452	993
452	716
453	827
453	992
453	929
453	710
454	464
454	459
454	462
454	519
454	819
454	743
454	511
455	456
455	460
455	512
456	460
456	506
457	768
457	507
457	829
457	891
457	613
457	978
457	971
457	934
458	466
458	905
458	893
458	774
458	508
458	814
458	859
458	718
458	958
458	723
458	997
459	464
459	462
459	519
459	743
459	522
459	881
459	901
459	511
459	951
459	757
459	470
461	865
461	723
461	853
462	464
462	743
462	522
462	714
462	702
462	734
462	951
462	554
463	467
463	465
464	743
464	714
464	757
464	511
464	951
465	467
466	854
466	774
466	515
466	787
466	520
466	508
466	893
466	620
466	599
466	718
468	800
468	666
468	663
469	478
469	476
469	477
469	973
469	975
470	841
471	481
471	482
471	855
471	795
471	717
471	615
471	773
472	800
472	680
472	697
473	483
473	684
474	483
474	671
474	514
475	480
475	479
476	477
476	973
477	478
477	975
478	975
478	973
478	901
479	480
481	482
481	855
481	795
481	717
481	645
482	717
482	686
482	818
482	735
483	808
484	486
484	563
485	496
485	504
485	502
485	492
485	787
485	990
485	514
485	490
486	563
486	662
487	504
487	496
487	492
487	990
488	501
488	581
488	559
488	585
488	930
488	491
489	495
489	576
489	551
489	497
489	573
489	574
489	494
489	500
489	552
490	504
490	492
490	502
490	496
491	581
491	559
491	564
491	585
492	496
492	502
492	504
492	913
493	503
493	657
494	497
494	495
494	574
494	576
494	551
494	573
494	552
494	498
494	499
495	500
495	497
495	499
495	498
495	552
495	574
495	832
495	720
495	959
496	502
496	573
497	551
497	552
497	573
497	574
497	500
497	576
498	573
498	499
498	576
498	551
498	552
499	573
499	552
499	500
499	576
499	574
500	576
500	573
501	581
501	564
501	585
501	559
501	645
502	504
502	717
503	667
504	580
505	506
507	517
507	518
507	970
507	768
507	971
507	907
508	510
509	524
509	854
509	794
509	905
510	524
510	806
510	854
511	757
511	743
513	849
514	523
515	524
515	521
515	520
515	859
515	814
515	754
517	829
517	907
517	811
517	988
517	960
518	891
518	934
518	970
518	768
518	978
518	988
519	951
519	522
519	702
519	743
520	997
520	958
520	932
521	958
521	859
521	854
521	821
522	881
522	714
522	702
523	525
523	538
523	591
524	787
524	994
524	854
526	548
526	540
526	547
526	901
527	546
527	542
527	528
527	532
527	781
527	707
527	837
527	842
527	805
527	825
528	542
528	546
528	532
528	826
528	837
528	707
528	842
528	562
528	781
528	953
528	739
528	943
529	539
529	530
529	543
529	536
529	538
529	534
529	823
529	873
530	539
530	543
530	534
530	536
530	541
530	538
531	537
531	545
531	568
532	542
532	546
532	953
532	805
532	707
532	682
532	826
533	575
533	563
533	561
534	538
534	541
534	536
534	873
534	837
534	543
535	995
536	538
536	543
536	541
536	539
537	545
538	543
538	541
538	539
538	994
539	541
539	543
540	547
540	548
541	543
541	621
541	932
542	546
542	577
542	916
542	953
542	943
542	837
542	982
542	908
542	798
542	783
542	707
543	925
543	762
545	568
546	826
546	837
546	916
546	707
546	805
546	953
547	548
547	702
547	734
547	901
548	734
548	819
549	974
549	661
550	565
550	583
550	793
550	804
550	792
551	576
551	574
551	552
551	573
552	576
552	574
552	573
552	666
553	578
553	582
554	555
554	579
554	561
554	566
554	756
554	664
554	724
555	566
555	579
555	561
555	831
555	961
555	799
555	887
556	577
557	558
557	560
557	584
557	569
557	570
558	569
558	584
558	570
558	560
558	744
559	564
559	585
559	581
560	569
560	584
560	570
561	566
561	579
561	749
562	580
562	755
562	777
562	680
562	860
562	785
564	585
564	581
565	583
565	804
565	793
565	948
565	891
566	579
566	831
566	608
567	571
567	568
567	752
568	571
568	869
568	861
568	875
569	570
569	584
570	584
570	974
573	574
573	576
574	576
574	749
578	582
578	726
579	756
580	821
580	755
580	860
580	777
581	585
581	915
583	804
583	864
583	793
586	601
586	621
586	620
586	629
586	675
586	613
586	888
586	798
587	588
587	594
587	602
587	604
587	596
587	983
587	956
587	802
588	604
588	602
588	596
588	956
589	636
589	625
589	609
589	611
589	719
589	887
589	882
589	825
589	870
590	592
590	593
590	618
591	612
591	626
591	608
591	627
591	614
591	616
591	619
591	787
592	593
592	618
593	618
594	604
594	606
594	602
594	809
594	956
594	607
595	639
595	628
595	638
596	604
596	602
596	606
597	607
597	640
597	622
597	632
597	605
597	635
597	600
597	630
598	623
598	631
598	633
598	610
598	599
598	617
599	623
599	631
599	617
599	633
599	610
600	607
600	622
600	632
600	605
600	635
601	621
601	620
601	613
601	629
601	836
602	604
602	606
603	625
603	609
603	636
603	611
603	941
603	980
603	786
603	964
603	927
604	606
604	662
604	809
605	640
605	630
606	918
606	878
606	765
606	725
607	630
607	622
607	640
608	614
608	612
608	626
609	611
609	625
609	636
609	806
609	964
609	887
609	825
610	617
610	631
610	623
610	633
611	636
611	625
611	825
611	941
611	786
611	719
612	619
612	626
612	634
612	616
612	627
612	614
612	801
612	740
613	629
613	621
613	620
614	619
614	634
614	626
614	755
614	616
615	624
615	731
615	924
615	773
615	796
615	811
615	877
615	784
615	803
616	634
616	619
617	633
617	631
617	703
619	627
619	634
619	626
620	621
620	629
621	629
621	996
623	631
623	874
624	712
624	784
624	796
624	811
624	924
624	773
624	731
625	636
625	980
625	941
625	719
625	936
626	627
626	634
627	634
627	959
627	956
628	638
628	639
629	858
630	632
630	640
631	633
632	635
632	640
635	640
636	882
636	980
636	941
636	825
638	639
641	659
641	698
641	643
641	692
641	666
641	700
641	642
641	663
641	664
641	697
641	852
641	682
641	684
641	680
642	663
642	692
642	643
642	680
642	700
642	644
642	664
642	682
642	760
642	666
642	698
642	697
642	991
642	659
642	705
642	902
643	700
643	697
643	680
643	692
643	663
643	644
643	666
643	659
644	682
644	692
644	684
644	666
644	659
644	697
644	663
644	664
644	700
644	745
644	843
645	673
645	675
645	681
645	652
645	662
645	687
645	921
645	686
645	941
646	670
646	658
646	696
646	654
647	656
647	845
647	906
648	655
648	691
648	678
649	677
649	674
649	685
649	668
649	693
649	676
650	695
650	694
650	747
650	672
650	660
651	676
651	668
651	729
651	685
651	674
651	653
652	673
652	687
652	681
652	686
652	746
652	662
652	675
652	745
652	749
653	685
653	668
653	693
653	782
653	729
653	676
653	674
654	670
655	678
655	691
656	834
656	796
657	667
657	665
658	696
658	748
658	780
658	688
659	684
659	663
659	666
659	698
659	680
659	700
659	664
659	697
660	694
660	695
660	672
660	747
660	721
661	695
661	672
661	747
661	694
661	721
661	735
662	687
662	686
662	673
662	681
662	798
662	829
663	680
663	760
663	692
663	698
663	666
663	700
663	682
663	794
663	697
664	697
664	700
664	666
664	698
664	680
664	692
665	667
665	699
666	684
666	682
666	698
666	680
666	697
667	699
668	693
668	729
668	679
668	676
668	674
668	782
668	685
669	683
669	690
669	689
669	671
669	755
670	688
670	780
671	683
671	690
671	689
672	747
672	695
672	694
673	687
673	681
673	686
673	675
673	927
674	679
674	693
675	687
675	686
675	884
675	681
675	988
676	677
676	693
676	679
677	685
677	679
677	782
677	693
677	788
677	897
678	691
679	693
679	897
679	782
679	685
680	698
680	684
680	760
680	700
681	687
681	686
681	865
681	706
681	791
682	684
682	700
682	692
682	737
683	690
683	830
683	689
683	796
684	698
684	697
684	760
684	800
684	927
685	693
686	687
687	871
687	731
688	696
689	690
689	830
689	745
690	830
692	698
692	697
692	700
692	936
694	695
695	747
695	772
695	911
696	780
696	748
697	698
697	852
697	700
698	852
698	842
700	852
700	916
701	880
701	849
701	995
702	901
702	819
702	734
702	757
703	925
703	808
703	848
703	886
704	948
704	899
704	864
704	886
705	792
705	817
705	820
705	966
705	816
705	989
705	828
705	920
705	936
705	855
706	903
706	965
706	931
707	953
707	943
707	888
707	826
707	842
707	745
707	916
707	908
707	781
708	889
708	730
708	922
708	876
709	767
709	851
709	839
709	723
709	823
709	919
709	716
709	937
709	758
709	733
709	789
710	827
710	929
710	992
712	796
712	811
712	741
712	784
712	924
712	731
712	879
713	942
713	894
713	766
713	982
713	836
713	835
713	756
714	881
714	734
714	866
715	875
715	867
715	857
715	752
716	851
716	919
716	993
716	767
716	758
716	723
716	839
716	823
716	733
717	855
717	795
717	865
718	774
718	787
718	814
718	893
718	741
718	997
719	882
719	927
719	941
719	825
719	870
719	786
719	964
719	806
719	887
720	935
720	844
720	923
720	931
721	772
721	911
722	999
722	863
723	733
723	789
723	896
723	767
723	776
723	823
723	996
724	949
724	955
724	788
724	762
724	998
724	751
724	771
724	824
724	769
724	876
725	797
725	900
725	956
725	918
725	765
725	802
725	809
725	878
726	892
727	844
727	965
727	903
727	839
728	954
728	840
729	897
730	876
730	889
730	906
731	877
731	924
731	796
731	811
731	784
731	741
731	758
731	879
732	984
733	758
733	851
733	937
733	767
733	993
733	823
733	895
734	901
734	819
734	881
734	872
735	862
735	939
735	738
735	968
735	858
736	945
736	933
737	977
738	858
738	939
738	862
738	968
739	833
739	969
739	838
739	866
739	877
740	913
740	976
740	761
740	950
740	764
741	811
741	773
741	796
741	784
741	924
742	847
742	898
743	951
743	757
743	901
743	819
744	940
745	781
745	888
745	837
745	826
745	953
745	908
745	842
745	916
745	943
745	805
746	957
746	874
746	974
746	785
746	921
747	911
749	799
749	831
749	822
749	961
750	824
750	769
750	762
750	909
750	955
750	963
750	771
750	935
751	955
751	791
751	762
751	788
751	824
751	912
751	946
751	963
752	869
752	867
752	875
752	861
752	857
753	754
753	926
753	959
753	987
753	835
753	810
753	763
753	902
754	763
754	835
754	987
754	873
754	810
754	891
754	926
755	777
755	860
755	821
756	831
756	822
756	799
756	961
757	881
758	937
758	823
758	767
758	919
758	839
758	776
758	993
759	944
760	852
761	976
761	913
761	764
762	788
762	955
762	949
762	771
762	791
762	909
763	810
763	987
763	902
763	873
763	835
763	959
763	898
763	843
764	950
764	913
764	976
765	802
765	900
765	983
765	809
765	872
765	956
765	918
765	878
766	982
766	836
766	942
766	894
767	776
767	789
767	823
767	919
767	839
767	937
767	896
767	982
767	980
768	907
768	970
768	934
768	829
768	891
769	998
769	955
769	824
769	791
769	949
769	912
769	909
769	885
770	979
770	938
771	949
771	963
771	946
771	791
771	909
771	998
771	824
772	911
773	924
773	877
773	796
773	879
773	784
773	854
773	811
774	854
774	905
774	994
774	859
774	958
774	787
774	993
775	790
775	883
775	996
775	832
775	930
775	843
775	826
775	845
776	823
776	839
776	851
776	895
776	993
776	896
776	919
776	937
777	821
777	860
778	952
778	928
779	922
779	947
781	842
781	943
781	826
781	916
781	908
781	798
781	837
783	915
783	985
783	917
783	914
783	986
784	796
784	811
784	879
784	877
784	924
785	921
785	974
785	957
785	997
785	874
786	887
786	941
786	882
786	870
786	806
786	825
787	854
787	958
787	994
787	893
788	955
788	791
788	909
788	824
788	949
788	821
789	993
789	919
789	937
789	823
789	851
789	839
789	932
790	996
790	856
790	930
791	955
791	963
791	946
791	998
791	912
791	909
791	882
792	820
792	989
792	966
792	920
792	981
793	804
794	904
794	812
794	850
794	846
794	990
794	962
794	845
795	818
795	877
796	877
796	811
797	983
797	809
797	918
797	878
797	900
797	872
797	956
797	802
798	916
798	888
798	826
798	908
798	837
798	805
798	811
799	961
799	822
801	903
801	844
801	935
801	803
801	855
802	983
802	809
802	900
802	872
802	956
802	878
802	879
803	903
803	923
803	935
803	931
804	899
805	953
805	916
805	842
805	943
805	888
805	889
805	967
806	825
806	870
806	887
806	964
806	941
806	927
808	886
808	925
808	848
809	900
809	872
809	956
809	878
809	918
810	835
810	902
810	987
810	873
811	924
811	879
812	904
812	850
812	885
812	962
812	842
812	830
812	990
813	885
813	846
813	990
813	962
813	845
813	850
813	843
814	859
814	994
814	854
814	893
814	958
815	890
815	917
815	986
815	985
815	972
816	981
816	828
816	817
816	820
817	981
817	828
817	936
818	855
818	921
818	895
820	989
820	920
820	981
820	883
820	985
821	860
822	961
822	831
823	851
823	896
823	895
823	839
823	993
823	919
824	949
824	946
824	998
824	963
824	909
825	941
825	964
825	980
825	887
825	870
825	927
825	882
826	943
826	888
826	842
826	916
826	908
826	953
826	837
827	929
828	981
828	936
828	920
829	934
829	988
829	907
831	961
832	843
832	883
832	930
832	996
832	964
833	866
833	969
833	838
835	926
835	902
835	987
835	873
835	959
835	914
836	942
836	894
837	916
837	842
837	943
837	888
837	908
838	866
838	969
838	940
839	919
839	993
839	895
839	896
839	851
840	954
841	992
842	888
842	953
842	916
842	943
843	930
844	965
844	923
844	903
844	935
845	846
845	904
845	990
845	850
845	885
845	962
846	850
846	885
846	990
846	904
846	859
847	898
848	886
848	925
848	920
849	995
849	880
850	990
850	904
850	885
850	905
851	937
851	993
851	895
851	896
851	891
853	865
853	932
854	905
856	883
856	930
857	867
857	875
857	861
857	924
858	939
858	862
858	909
859	997
861	869
861	875
862	939
862	968
863	999
863	979
864	899
864	948
865	932
866	969
867	869
867	875
868	967
868	960
868	910
868	991
868	908
869	875
870	980
870	927
870	941
870	887
870	882
870	964
871	884
872	878
872	900
872	983
872	956
872	993
872	918
873	902
873	926
873	893
873	987
874	921
874	957
874	895
876	889
876	906
877	924
877	879
878	956
878	918
878	900
878	983
879	924
880	995
880	921
881	901
882	941
882	980
882	964
882	927
882	887
883	996
883	930
885	990
885	904
885	962
885	980
886	925
887	941
887	927
887	964
887	980
888	908
888	953
888	943
889	906
890	985
890	972
890	914
890	986
891	970
891	907
891	934
891	918
891	988
892	957
893	994
893	959
894	942
894	982
895	919
895	937
895	896
895	993
896	993
896	919
896	937
899	948
900	918
900	983
900	956
900	919
901	951
902	959
902	987
902	981
902	924
902	926
903	965
903	931
903	923
904	990
904	962
905	994
905	985
907	970
907	971
907	988
907	978
907	934
908	943
908	916
909	955
909	963
909	946
910	991
910	967
910	960
912	949
912	998
912	963
912	955
913	976
913	950
914	917
914	915
914	972
914	986
914	985
915	986
915	972
915	985
915	917
917	985
917	972
918	956
918	983
919	993
920	966
920	989
920	970
921	974
922	947
923	935
923	931
926	959
926	987
926	942
927	964
927	980
928	952
929	992
929	947
930	996
931	935
931	965
933	945
934	988
934	970
934	978
936	989
936	966
937	993
938	979
939	968
941	980
941	964
943	953
946	998
946	949
946	955
949	998
949	955
950	976
955	963
956	983
957	974
958	997
959	987
960	991
960	967
962	990
963	998
964	988
964	997
966	989
967	991
970	988
970	971
971	978
971	988
972	986
973	975
982	993
985	986
990	996
994	997
