0	557
0	610
0	190
0	860
0	189
0	672
0	749
1	639
1	909
1	975
1	947
1	768
1	656
1	601
1	791
1	675
2	971
2	669
2	752
2	626
2	933
2	766
2	916
2	665
2	40
2	590
3	478
3	806
3	471
3	750
3	487
3	569
3	438
3	469
3	955
3	463
3	834
3	486
3	829
3	558
3	892
4	908
4	815
4	719
4	334
4	332
4	230
4	789
4	224
4	659
4	559
4	546
4	929
5	925
5	678
5	86
5	279
5	446
5	285
5	725
5	832
5	504
6	933
6	629
6	626
6	736
6	713
6	752
6	897
6	756
6	766
6	705
7	9
7	854
7	949
7	13
7	814
7	711
7	315
7	73
7	848
7	236
8	11
8	998
8	945
8	649
8	579
8	13
8	753
8	798
8	898
8	231
9	13
9	691
9	820
9	898
9	798
9	71
9	73
9	156
9	927
10	13
10	11
10	111
10	814
10	649
10	73
10	655
10	315
10	734
10	801
11	12
11	631
11	945
11	74
11	71
11	711
11	655
11	159
12	734
12	636
12	998
12	684
12	740
12	317
12	320
12	995
12	233
13	945
13	111
13	740
13	998
13	74
13	848
14	15
14	16
14	297
14	95
14	97
14	387
14	328
14	322
14	780
14	325
15	18
15	91
15	17
15	780
15	387
15	95
15	877
15	326
15	429
16	297
16	17
16	55
16	615
16	765
16	387
16	550
16	685
16	18
17	18
17	297
17	326
17	91
17	685
17	765
17	126
17	610
18	297
18	325
18	326
18	550
18	55
18	430
18	45
19	295
19	299
19	851
19	837
19	301
19	94
19	427
19	924
19	432
19	324
20	294
20	300
20	92
20	340
20	790
20	624
20	292
21	22
21	27
22	27
23	26
23	24
23	25
23	396
24	26
24	25
24	279
25	26
25	362
26	992
28	121
28	277
28	125
28	122
28	225
28	146
28	32
28	275
28	963
28	594
29	32
29	121
29	124
29	501
29	123
29	108
29	441
29	43
29	616
29	625
30	34
30	121
30	124
30	279
30	275
30	123
30	122
30	273
30	125
30	32
31	273
31	274
31	124
31	32
31	125
31	276
31	101
31	278
31	34
31	277
32	34
32	122
32	274
32	504
32	953
32	119
33	279
33	277
33	125
33	124
33	500
33	526
33	678
33	274
33	99
33	875
34	119
34	121
34	103
34	122
34	601
34	275
35	36
35	40
35	167
35	665
35	38
35	690
35	766
35	986
35	606
35	613
36	39
36	163
36	952
36	629
36	626
36	161
36	897
36	965
36	761
37	341
37	918
37	372
37	815
37	971
38	41
38	166
38	165
38	916
38	933
38	552
38	690
38	626
38	862
39	41
39	161
39	167
39	653
39	933
39	965
39	664
39	766
39	40
40	41
40	669
40	933
40	592
40	897
40	971
40	952
40	838
41	940
41	756
41	167
41	592
41	620
41	752
41	606
42	47
42	48
42	454
42	231
42	402
42	860
42	512
43	45
43	46
43	456
43	84
43	55
43	505
43	48
43	496
44	47
44	454
44	113
44	218
44	278
44	483
44	729
45	458
45	460
45	116
45	46
45	629
45	791
46	458
46	116
46	460
46	456
46	650
46	812
46	486
47	48
47	454
47	448
47	616
47	235
48	113
48	454
48	975
48	160
49	919
49	413
49	712
49	642
49	748
49	970
49	981
49	412
50	54
50	258
50	253
50	973
50	764
50	385
50	415
50	696
50	797
50	433
51	843
51	587
51	757
51	805
51	983
51	911
51	470
51	745
51	796
51	582
51	903
51	683
52	53
52	132
52	637
52	853
52	794
52	842
52	968
52	476
52	781
52	549
53	637
53	842
53	130
53	826
53	795
53	973
53	764
53	718
53	470
54	257
54	741
54	872
54	826
54	802
54	384
54	675
54	786
54	258
55	550
55	685
55	95
55	430
55	325
55	96
55	765
56	62
56	57
56	60
56	352
57	62
57	60
57	353
58	61
58	59
58	292
59	61
60	62
60	464
62	463
63	69
63	66
63	216
63	214
63	213
63	65
63	406
63	242
63	98
63	401
64	67
64	403
64	211
64	100
64	68
64	286
64	150
65	214
65	216
65	210
65	66
65	400
65	212
65	239
65	243
65	404
66	216
66	215
66	400
66	402
66	69
66	242
66	401
66	101
67	211
67	100
67	286
67	284
67	181
67	283
68	403
68	100
68	280
68	152
68	168
68	150
69	212
69	213
69	241
69	104
69	405
69	216
69	215
69	242
70	74
70	848
70	73
70	76
70	927
70	597
70	71
70	319
70	233
70	316
71	73
71	75
71	711
71	655
71	814
71	740
71	317
72	76
72	848
72	655
72	604
72	335
72	636
72	75
72	734
72	597
72	319
73	773
73	854
73	157
73	273
73	636
74	740
74	597
74	711
74	814
74	798
74	961
74	318
75	691
75	335
75	321
75	684
75	237
75	820
75	579
75	931
76	631
76	579
76	773
76	898
76	691
76	317
76	321
76	995
77	817
77	78
77	823
77	749
77	994
77	714
77	544
77	954
77	776
77	586
78	994
78	746
78	817
78	611
78	83
78	867
78	889
78	267
78	202
79	83
79	714
79	954
79	976
79	776
79	817
79	962
79	824
79	844
79	267
80	724
80	967
80	530
80	533
80	423
81	83
81	586
81	749
81	962
81	611
81	824
81	817
81	823
81	821
81	188
82	811
82	895
82	807
82	839
83	556
83	821
83	714
83	749
83	544
83	817
83	202
84	89
84	90
85	87
85	86
85	446
85	453
86	87
86	925
87	449
87	721
88	448
88	907
88	641
88	679
88	997
88	963
88	377
89	90
91	96
91	97
91	95
91	685
91	326
91	429
91	126
91	615
92	300
92	294
92	93
92	828
92	790
92	816
93	958
93	294
93	828
93	339
93	816
93	300
94	299
94	584
94	433
94	426
94	324
94	427
94	924
94	131
94	985
95	96
95	97
95	297
95	431
95	325
95	550
96	97
96	297
96	780
96	328
96	550
96	431
96	468
97	685
97	387
97	430
97	297
97	615
98	99
98	102
98	103
98	240
98	244
98	402
98	400
98	399
98	401
99	103
99	242
99	239
99	401
99	406
99	400
99	477
100	403
100	283
100	171
100	586
101	103
101	244
101	210
101	213
101	102
101	238
101	938
102	103
102	243
102	240
102	405
102	210
102	213
102	401
102	400
103	242
103	240
103	210
103	241
103	175
104	241
104	244
104	242
104	399
104	314
104	400
104	240
104	405
104	904
105	803
105	917
105	588
105	939
105	110
105	924
105	106
106	110
106	917
106	869
106	896
106	547
106	551
107	632
107	555
107	572
107	882
107	578
107	628
107	879
107	529
107	951
107	647
108	845
108	951
108	732
108	646
108	555
108	698
108	532
108	891
108	379
109	608
109	847
109	772
109	845
109	783
109	953
109	578
109	451
109	572
109	532
110	852
110	960
110	939
110	490
110	793
110	556
110	363
110	717
111	579
111	684
111	700
111	995
111	927
111	848
111	321
111	597
112	115
112	463
112	461
112	467
112	455
112	439
112	438
112	808
112	195
112	158
112	533
112	750
113	454
113	123
113	943
113	952
113	679
114	455
114	464
114	465
114	466
114	461
114	467
114	463
114	336
114	858
114	438
114	574
114	739
115	461
115	466
115	464
115	455
115	465
115	356
115	574
115	779
115	963
115	438
115	922
116	460
116	458
116	456
116	179
116	747
116	642
116	648
117	457
117	337
117	349
117	543
117	564
118	459
118	733
118	978
118	702
119	121
119	122
119	273
119	120
119	278
119	279
119	416
119	524
120	276
120	123
120	122
120	274
120	277
120	124
120	121
120	275
120	376
121	273
121	125
121	123
121	359
122	124
122	276
122	274
122	739
123	276
123	277
123	274
123	279
123	236
124	125
124	277
124	273
124	278
125	279
125	275
125	274
125	276
126	685
126	765
126	550
126	387
126	429
126	431
126	322
126	905
127	128
127	612
127	327
127	139
127	137
128	612
128	327
128	758
128	170
129	130
129	132
129	826
129	254
129	542
129	968
129	794
129	802
129	616
129	786
130	385
130	384
130	797
130	826
130	794
130	795
130	741
130	802
131	851
131	295
131	425
131	324
131	389
131	573
131	924
131	645
131	968
132	386
132	637
132	384
132	388
132	254
132	786
132	968
132	991
133	137
133	136
133	153
133	170
133	327
133	172
134	135
134	148
134	170
134	138
134	137
134	136
134	139
134	538
134	592
134	471
135	137
135	148
135	153
135	172
135	136
135	170
135	169
135	886
135	805
136	138
136	139
136	147
136	172
136	170
136	174
137	174
137	153
137	148
137	139
137	169
137	147
138	147
138	310
138	170
138	174
138	172
138	277
138	969
138	988
139	148
139	174
139	172
139	153
139	169
139	904
140	145
140	141
140	146
140	500
141	145
141	146
141	505
142	144
142	306
142	909
142	361
143	304
143	302
143	614
144	305
144	306
144	656
145	146
145	498
147	172
147	174
147	153
147	170
147	169
147	148
147	794
147	327
148	153
148	313
148	169
148	170
148	174
148	655
149	151
149	173
150	152
150	168
150	171
151	173
152	168
152	171
152	177
153	172
153	174
153	170
153	169
153	571
154	157
154	316
154	231
154	700
154	742
154	798
154	898
154	340
154	579
155	156
155	734
155	317
155	841
155	231
155	927
155	700
155	429
155	631
155	892
156	158
156	631
156	949
156	159
156	237
156	734
156	691
156	799
157	700
157	682
157	734
157	798
157	828
157	244
157	636
157	217
158	949
158	321
158	655
158	961
158	235
158	320
158	218
158	684
159	579
159	160
159	604
159	927
159	318
159	597
159	907
159	655
160	898
160	691
160	236
160	631
160	798
160	604
160	854
160	814
161	165
161	164
161	163
161	699
161	690
161	986
161	761
161	613
162	599
162	607
163	167
163	606
163	965
163	736
163	971
163	165
163	780
163	986
164	165
164	166
164	629
164	756
164	940
164	862
164	986
164	167
164	909
165	166
165	690
165	952
165	713
165	653
165	933
166	167
166	669
166	665
166	952
166	713
166	554
166	626
167	736
167	818
167	862
167	766
168	171
168	309
169	172
169	174
169	170
169	364
169	491
170	172
171	309
172	174
172	783
174	612
174	885
175	285
175	281
175	362
175	179
175	176
175	363
175	423
175	360
176	363
176	364
176	178
176	366
176	179
176	894
176	576
176	645
176	362
176	180
177	286
177	284
177	365
177	280
177	878
177	770
177	475
177	181
178	366
178	281
178	179
178	363
178	180
178	361
178	282
178	285
178	290
179	180
179	281
179	285
179	360
179	361
179	703
179	364
179	609
179	366
180	366
180	363
180	361
180	360
180	282
180	285
180	362
180	725
180	770
181	280
181	359
181	283
181	286
181	284
181	211
181	486
182	184
182	197
182	271
182	962
182	269
182	976
182	823
182	824
182	776
182	844
183	185
183	270
183	188
183	187
183	186
183	954
183	746
183	611
183	867
183	823
184	187
184	200
184	201
184	272
184	188
184	714
184	689
184	640
184	824
185	188
185	186
185	202
185	267
185	269
185	197
185	270
185	196
185	199
186	188
186	201
186	196
186	202
186	881
186	824
186	199
186	593
187	267
187	270
187	200
187	202
187	197
187	556
187	954
187	976
188	269
188	199
188	268
188	867
188	519
189	190
189	610
189	557
189	860
189	427
189	405
190	860
190	610
190	285
190	803
190	940
191	884
191	644
191	577
191	621
191	841
191	568
191	873
191	316
191	416
192	963
192	808
192	581
192	558
192	760
192	941
192	541
192	829
192	562
192	463
193	731
193	339
193	816
193	624
193	828
193	790
193	294
193	982
193	287
193	904
193	288
194	793
194	909
194	902
194	768
194	977
194	964
194	975
194	840
194	937
194	886
195	336
195	808
195	922
195	541
195	779
195	465
195	574
195	598
195	739
196	199
196	198
196	269
196	272
196	749
196	266
196	844
196	631
197	198
197	200
197	268
197	269
197	776
197	994
197	272
198	199
198	200
198	266
198	201
198	270
198	586
198	762
198	994
199	201
199	271
199	272
199	994
199	962
200	201
200	202
200	268
200	266
200	611
200	979
201	272
201	266
201	271
201	269
201	721
202	266
202	267
202	881
202	889
203	209
203	497
204	919
204	666
204	981
204	242
205	645
205	764
205	542
205	795
206	498
206	505
207	553
207	883
207	906
207	411
207	519
208	686
208	622
209	490
210	215
210	212
210	401
210	399
210	214
210	280
211	359
211	284
211	403
211	858
212	214
212	213
212	399
212	215
212	401
212	238
212	223
213	214
213	215
213	216
213	243
213	404
214	216
214	215
214	400
214	401
214	239
215	216
215	404
215	239
215	399
216	404
216	239
216	399
217	220
217	219
217	760
217	580
217	676
217	227
217	222
217	334
217	218
218	219
218	223
218	530
218	808
218	220
218	468
219	879
219	223
219	679
219	948
219	730
219	222
219	854
219	896
220	438
220	621
220	223
220	222
220	739
220	673
220	835
221	223
221	222
221	557
221	709
221	440
221	879
221	445
221	298
221	531
222	235
222	627
222	223
222	585
223	971
223	277
224	225
224	229
224	929
224	673
224	815
224	334
224	374
224	227
224	894
225	894
225	230
225	770
225	228
225	546
225	226
225	332
225	434
226	229
226	809
226	230
226	659
226	227
226	546
226	929
226	334
226	931
227	929
227	673
227	230
227	719
227	908
227	815
227	546
228	230
228	789
228	659
228	770
228	815
228	908
229	230
229	908
229	659
229	815
229	929
229	546
229	719
229	421
230	789
230	908
230	894
230	815
231	234
231	820
231	319
231	995
231	597
232	235
232	631
232	740
232	594
232	725
232	927
232	234
232	233
233	234
233	574
233	608
233	848
233	820
233	604
234	237
234	898
234	949
234	961
234	579
234	700
234	974
235	317
235	321
235	927
235	878
235	711
235	237
236	711
236	604
236	734
236	631
236	927
236	798
237	995
237	998
237	949
237	655
237	604
237	691
238	241
238	239
238	240
238	242
238	399
238	405
238	406
238	550
239	244
239	243
239	401
239	332
240	241
240	244
240	404
240	854
240	700
241	242
241	404
241	402
241	597
241	244
242	243
243	406
243	521
243	405
243	577
243	637
244	399
244	365
244	406
245	248
245	249
245	394
245	395
245	247
245	392
245	393
245	391
245	377
245	565
245	378
246	247
246	251
246	392
246	395
246	393
246	391
246	397
246	715
246	899
247	249
247	397
247	391
247	395
247	354
247	784
248	394
248	391
248	249
248	392
248	251
248	395
248	397
248	393
248	565
249	393
249	397
249	391
249	394
250	396
250	398
250	357
250	418
251	392
251	393
251	397
251	358
252	674
252	470
252	619
252	476
252	826
252	557
252	764
252	616
252	741
252	677
252	718
253	257
253	258
253	255
253	718
253	794
253	616
253	384
253	254
253	857
254	786
254	853
254	542
254	386
254	857
254	743
254	479
255	257
255	258
255	645
255	991
255	616
255	696
255	415
255	637
255	549
256	618
256	571
256	657
256	763
256	663
256	485
256	298
257	258
257	741
257	857
257	797
257	794
257	385
257	650
258	764
258	973
258	675
258	795
258	853
259	261
259	264
259	263
259	293
260	265
260	262
261	263
261	264
261	292
262	265
263	264
263	290
264	288
265	286
266	269
266	272
266	268
266	586
266	836
267	271
267	746
267	776
267	867
267	611
268	272
268	271
268	844
268	762
268	979
268	681
269	270
269	271
269	611
270	271
270	272
270	844
270	689
270	287
271	954
271	926
271	867
272	994
272	976
273	275
273	279
273	274
273	548
274	279
274	278
275	278
275	276
275	508
275	293
276	278
276	993
276	279
276	427
277	614
277	491
278	522
278	851
280	283
280	359
280	284
280	365
280	286
281	363
281	282
281	366
281	360
281	285
281	487
281	362
281	364
282	285
282	364
282	362
282	360
282	594
282	320
282	366
282	949
282	520
282	691
283	286
283	359
283	284
283	365
283	403
284	359
284	365
284	403
285	360
285	361
285	750
285	893
285	364
285	664
285	564
286	365
286	359
287	288
287	289
287	290
287	293
287	291
287	292
287	790
287	340
288	292
288	290
288	291
288	289
288	293
288	339
288	982
289	291
289	292
289	293
289	624
289	731
289	340
289	816
289	898
290	292
290	293
290	291
290	339
290	340
291	292
291	293
291	673
291	300
291	294
291	731
292	293
292	982
293	923
293	624
294	958
294	366
295	837
295	428
295	303
295	425
295	584
295	851
295	427
295	645
296	298
296	307
296	559
296	597
296	390
297	431
297	322
297	325
298	559
298	390
299	584
299	425
299	389
299	426
299	837
299	573
299	786
299	968
300	339
300	731
300	790
301	303
302	304
304	839
305	306
305	639
305	601
306	791
307	390
308	312
308	314
308	311
308	455
310	313
311	314
311	312
311	315
312	314
312	481
315	631
315	773
315	316
315	927
315	740
315	321
315	814
316	317
316	319
316	655
316	597
316	898
316	798
317	318
317	798
317	773
317	483
318	998
318	814
318	789
318	927
318	711
319	604
319	691
319	998
319	898
319	477
319	711
320	321
320	684
320	798
320	597
320	636
321	734
321	684
321	649
322	325
322	328
322	326
322	615
322	780
322	387
322	550
323	427
323	426
323	425
323	389
323	924
323	432
323	584
323	428
323	851
323	985
324	432
324	573
324	428
324	837
324	426
324	549
324	456
325	328
325	430
325	326
325	615
326	765
326	780
326	816
326	683
327	612
328	550
328	780
328	431
328	615
328	685
328	765
329	332
329	908
329	809
329	546
329	659
329	789
329	815
329	770
329	719
329	416
329	550
329	806
330	956
330	710
330	516
330	523
331	984
331	893
331	654
331	890
331	580
331	744
331	880
331	936
331	614
331	829
332	659
332	770
332	894
332	546
332	809
332	371
332	341
332	942
332	953
332	418
332	673
333	893
333	668
333	654
333	744
333	984
333	936
333	943
333	382
333	672
333	911
334	894
334	789
334	908
334	719
334	809
334	815
334	673
334	770
334	546
334	604
335	684
335	961
335	579
335	691
335	734
335	898
335	700
335	636
336	769
336	708
336	892
336	963
336	808
336	651
336	660
336	443
337	457
337	347
337	349
338	833
338	601
338	909
338	964
338	656
338	865
338	643
338	799
338	791
338	793
339	828
339	731
339	816
339	624
339	790
339	521
340	731
340	624
340	828
340	627
340	846
340	879
341	688
341	918
341	942
342	643
342	735
342	870
342	826
343	348
343	850
343	344
343	996
343	345
343	350
344	348
344	850
344	345
344	996
344	740
345	777
345	348
345	346
345	350
345	850
346	777
346	462
346	996
346	348
346	350
346	992
347	349
347	543
347	457
348	996
348	777
348	350
348	462
349	564
349	543
350	777
350	996
350	462
351	354
351	358
351	393
351	565
352	355
352	356
352	353
353	356
353	355
354	358
354	394
355	356
355	708
357	396
357	398
357	410
358	395
359	365
359	403
360	363
360	364
360	361
360	366
360	362
360	499
360	778
361	363
361	364
361	528
361	580
361	631
362	363
362	366
362	364
363	366
363	402
363	809
363	364
363	620
363	563
364	366
364	848
364	960
364	825
365	443
366	707
366	519
366	526
367	373
367	372
367	371
367	374
367	918
368	370
368	369
369	370
371	373
371	372
371	770
372	373
372	374
373	374
373	688
374	688
375	702
375	715
375	831
375	974
375	378
375	377
375	899
375	914
375	565
375	733
375	875
375	981
376	866
376	381
376	441
377	899
377	974
377	702
377	831
377	914
378	715
378	565
378	875
378	914
378	831
378	702
378	899
379	745
379	861
379	545
379	871
379	911
379	920
379	946
380	672
380	890
380	614
380	580
380	668
380	943
380	984
380	382
380	783
380	654
381	886
381	866
381	510
382	983
382	580
382	890
382	984
382	668
382	880
382	943
383	855
383	910
383	838
383	623
383	664
384	386
384	388
384	385
384	797
384	795
384	786
385	386
385	675
385	388
385	842
385	797
385	542
386	388
386	842
386	853
386	637
386	781
386	973
387	685
387	780
387	431
387	550
388	842
388	741
388	853
388	781
388	795
388	675
389	851
389	432
389	584
389	428
389	837
389	433
389	693
390	559
390	983
391	395
391	393
391	394
391	397
391	392
391	787
391	978
392	397
392	394
392	448
393	395
393	397
393	831
394	395
394	397
394	680
395	397
396	398
397	914
397	703
398	658
399	401
399	405
400	406
400	402
400	404
402	404
402	405
402	489
402	654
404	608
404	592
405	406
405	953
406	423
406	555
406	511
407	712
407	413
407	412
407	930
407	800
407	919
408	681
408	540
408	414
408	849
408	775
408	785
408	687
408	979
408	554
409	415
409	781
409	645
409	991
409	741
409	826
409	822
409	764
409	605
409	696
410	979
410	414
410	640
410	607
410	849
410	638
410	554
410	681
410	844
411	906
411	883
411	553
411	633
412	413
412	666
412	748
412	593
413	755
413	825
413	812
413	666
414	775
414	836
414	681
414	687
414	720
414	962
414	925
415	696
415	872
415	764
415	991
415	675
415	718
415	924
416	424
416	913
416	528
416	421
416	423
416	482
416	418
416	530
416	519
416	533
416	536
416	671
417	419
417	422
417	531
417	537
417	515
417	535
417	944
417	513
417	560
418	421
418	423
418	424
418	519
418	967
418	913
418	536
418	530
418	830
418	998
419	535
419	512
419	722
419	510
419	422
419	472
419	420
419	945
420	515
420	527
420	510
420	531
420	535
420	509
421	423
421	528
421	913
421	484
421	533
421	522
421	424
421	777
422	512
422	535
422	537
422	531
422	513
422	944
422	527
422	874
423	424
423	724
423	913
423	488
423	533
423	519
423	570
423	522
423	528
423	590
424	522
424	530
424	536
424	528
425	428
425	427
425	426
425	432
425	924
425	764
426	837
426	428
426	924
426	851
426	605
427	573
427	924
427	822
428	433
428	432
428	924
428	851
429	431
429	615
429	685
429	430
429	550
429	727
430	685
430	550
430	765
430	818
431	780
431	765
431	615
432	433
432	584
432	675
432	797
433	573
433	837
433	584
433	931
433	872
434	463
434	437
434	558
434	580
434	615
434	932
434	469
434	471
434	723
435	436
435	574
435	562
435	478
435	439
435	723
435	739
435	708
435	442
436	437
436	443
436	834
436	465
436	463
436	562
436	660
436	486
436	634
437	892
437	834
437	760
437	932
437	739
437	750
437	769
437	829
438	440
438	562
438	708
438	941
438	487
439	769
439	463
439	963
439	723
439	467
439	935
439	660
439	806
440	467
440	464
440	461
440	868
440	486
440	582
440	634
440	471
441	963
441	834
441	442
441	589
441	892
441	469
441	628
441	857
442	609
442	455
442	858
442	562
442	471
442	963
442	709
442	862
443	760
443	651
443	938
443	609
443	892
443	723
443	569
444	652
444	778
444	676
444	682
444	972
444	999
444	680
445	450
445	939
445	957
445	960
445	547
445	588
446	453
446	925
447	450
447	602
447	957
447	803
447	763
447	852
447	960
448	907
448	707
448	972
449	453
449	678
449	725
450	957
450	547
450	869
450	917
450	602
451	953
451	670
451	628
451	732
451	771
451	923
452	767
452	980
452	747
452	616
452	633
452	915
453	832
454	920
455	466
455	464
455	467
455	461
455	829
455	581
455	651
456	458
456	460
456	579
456	667
456	946
456	487
457	543
457	564
458	460
458	583
459	733
459	974
459	715
460	920
460	935
461	465
461	467
461	464
461	466
461	609
461	558
461	769
462	996
462	850
463	466
463	465
463	941
463	892
464	467
464	466
464	465
464	723
464	935
464	892
465	467
465	466
465	541
465	932
465	760
466	467
466	941
466	574
466	760
466	963
467	708
467	858
467	779
468	471
468	487
468	478
468	469
468	806
468	486
468	634
468	868
468	808
468	769
468	892
468	723
468	609
468	581
468	594
469	487
469	634
469	651
469	932
469	760
469	609
469	935
470	484
470	476
470	989
470	585
470	674
470	774
470	693
470	619
470	802
470	781
470	872
470	530
470	991
470	853
470	822
471	486
471	478
471	750
471	487
471	928
471	922
471	769
471	808
471	779
471	708
471	858
472	515
473	482
473	522
474	587
474	843
474	796
474	582
474	757
474	805
474	745
474	945
474	479
474	836
475	479
475	587
475	903
475	757
475	920
475	582
475	946
476	585
476	549
476	677
476	774
476	973
476	781
476	693
476	741
476	696
476	650
476	507
476	484
476	662
476	988
477	742
477	729
477	483
477	488
477	726
477	959
478	998
478	660
478	750
478	744
478	865
479	946
479	920
479	582
479	805
479	757
479	903
479	587
479	871
479	861
480	742
480	483
480	694
480	567
480	959
480	782
480	488
480	729
480	969
480	934
480	878
481	804
481	593
481	856
481	635
483	694
483	729
483	969
483	934
483	495
483	878
484	822
484	774
484	662
484	605
484	677
484	585
484	645
484	697
484	781
484	539
484	573
484	837
484	727
484	842
484	991
485	730
485	663
485	763
485	657
485	721
486	634
486	928
486	709
486	888
486	581
486	941
486	963
487	750
487	806
487	892
487	679
487	581
487	834
488	782
488	742
488	959
488	726
488	934
488	969
488	567
488	729
489	507
489	503
489	501
489	491
489	497
489	509
489	814
489	502
490	495
490	491
490	501
490	509
490	502
490	503
490	508
490	677
490	507
490	781
490	651
491	501
491	495
491	496
491	502
491	508
491	507
491	497
491	509
491	530
491	848
491	849
491	562
492	506
492	494
493	505
493	499
493	504
493	498
493	500
493	725
493	719
493	615
494	506
495	502
495	503
495	507
495	496
495	508
495	501
495	753
495	900
495	509
495	931
495	730
496	508
496	502
496	497
496	507
496	509
496	503
497	508
497	509
497	501
497	503
497	502
497	721
497	507
497	964
498	499
498	505
498	504
498	500
498	855
499	500
499	505
499	504
499	536
499	949
500	505
500	639
500	742
501	508
501	509
501	502
501	503
501	528
501	888
501	768
502	509
502	508
502	507
502	935
502	927
503	508
503	507
503	672
503	872
504	505
504	602
504	608
507	508
509	882
509	827
510	537
510	515
510	531
510	512
510	527
510	874
510	513
511	524
511	517
511	518
511	891
511	819
511	632
511	695
511	549
511	846
511	923
511	572
512	513
512	515
512	537
512	944
512	535
513	537
513	515
513	722
513	535
513	527
513	908
514	532
514	517
514	521
514	538
514	879
514	951
514	905
514	783
514	628
515	535
515	527
515	874
515	537
515	722
515	531
516	523
516	956
516	710
517	520
517	534
517	526
517	532
517	525
517	990
517	835
517	627
517	905
517	830
517	628
517	572
517	753
517	882
517	529
517	555
518	525
518	538
518	524
518	539
518	534
518	646
518	703
518	846
518	667
518	670
518	835
518	771
519	533
519	967
519	530
520	539
520	529
520	532
520	846
520	891
520	988
521	526
521	534
521	732
521	891
521	990
521	879
522	528
522	530
522	724
522	533
522	815
522	805
523	956
523	710
524	534
524	526
524	572
524	847
524	830
524	846
524	879
524	726
524	529
524	597
524	732
524	819
525	538
525	532
525	891
525	847
525	534
525	988
525	555
525	743
525	608
526	534
526	532
526	538
526	578
526	951
526	772
526	845
526	632
526	627
526	695
527	531
527	537
527	535
528	530
528	533
529	882
529	846
529	951
529	830
529	888
529	647
529	772
530	533
530	898
530	723
530	536
530	766
531	535
531	874
531	537
531	591
532	576
532	847
532	608
532	783
532	538
532	572
533	724
533	967
534	539
534	743
534	647
534	632
534	882
534	578
534	783
535	537
536	913
536	950
537	944
538	539
538	888
538	988
538	628
538	576
538	667
538	835
538	568
538	891
538	627
539	830
539	923
539	703
539	891
539	819
539	905
539	845
539	578
539	628
540	785
540	640
540	775
540	687
540	638
540	689
541	935
541	723
541	858
541	708
541	808
542	853
542	797
542	794
542	826
542	842
543	564
544	817
544	738
544	867
544	749
544	556
544	889
544	823
544	926
544	976
545	871
545	745
545	861
545	946
545	920
545	796
545	843
546	908
546	789
546	929
546	894
546	659
546	809
547	551
547	717
547	803
547	602
547	869
547	957
547	588
548	601
548	948
548	909
548	964
548	937
548	587
548	902
549	693
549	585
549	677
549	774
549	619
549	662
549	650
549	674
549	968
549	795
549	842
549	802
549	794
549	694
549	605
549	973
550	615
550	685
550	765
551	869
551	939
551	917
551	960
551	716
551	803
552	897
552	752
552	617
552	606
552	690
552	933
552	736
552	630
552	563
552	665
552	997
552	986
552	626
552	699
552	904
552	924
553	883
553	906
553	981
554	836
554	775
554	687
554	720
554	785
554	979
554	640
554	638
554	681
554	849
555	703
555	647
555	627
555	846
555	891
555	888
555	578
555	772
555	905
555	957
556	817
556	762
556	746
556	749
556	824
556	962
556	994
556	776
556	611
556	881
556	586
556	823
556	821
556	867
556	738
556	577
557	610
557	860
557	878
558	562
558	892
558	922
558	769
558	723
558	609
558	829
558	651
558	708
558	935
558	928
559	797
560	782
560	959
560	694
560	742
560	729
560	726
560	878
560	934
561	966
561	705
561	997
561	810
561	563
561	613
561	788
561	620
561	664
561	626
561	653
562	922
562	574
562	609
562	829
562	651
562	723
562	858
562	892
562	806
562	947
562	935
562	739
562	941
562	705
563	788
563	664
563	620
563	966
563	971
563	699
563	669
563	986
563	606
563	629
565	715
565	914
565	974
565	831
565	875
565	978
565	873
566	622
566	859
566	737
566	992
567	726
567	878
567	969
567	729
567	782
567	694
567	742
567	959
567	922
567	951
568	644
568	841
568	594
568	873
568	787
568	621
568	864
568	884
568	698
568	577
569	868
569	928
569	634
569	581
569	936
569	829
569	963
569	750
569	892
570	754
570	900
570	887
571	618
571	663
571	763
571	730
571	657
572	888
572	628
572	576
572	819
572	891
572	578
573	924
573	851
573	584
573	837
573	968
573	794
573	616
573	781
574	808
574	609
574	922
574	769
574	581
574	760
574	779
574	829
574	932
575	987
575	877
575	652
575	753
575	999
575	676
575	697
576	695
576	819
576	990
576	732
576	905
576	879
576	847
576	647
576	632
576	846
576	703
576	771
576	923
576	830
576	646
576	891
577	787
577	873
577	594
577	644
577	884
577	841
577	951
577	604
578	830
578	990
578	891
578	882
578	951
578	847
578	646
578	647
578	819
579	798
579	711
579	684
579	998
579	814
579	961
579	927
579	636
579	773
579	630
579	700
580	890
580	943
580	744
580	654
580	983
580	893
580	936
580	792
580	880
580	614
580	644
581	760
581	963
581	932
582	843
582	946
582	920
582	903
582	595
582	683
582	871
582	590
583	909
583	768
583	902
583	625
583	661
583	799
583	977
583	833
583	865
583	937
583	656
584	837
584	924
584	616
584	802
584	826
584	605
584	718
585	674
585	774
585	605
585	662
585	677
585	741
585	973
585	764
585	637
585	786
586	714
586	954
586	746
586	823
586	844
586	817
586	762
586	994
586	881
586	824
586	775
586	962
586	785
587	843
587	595
587	946
587	903
587	805
587	796
587	744
588	917
588	852
588	803
588	717
588	869
589	598
589	704
589	955
589	993
590	701
590	591
590	921
590	633
590	747
591	767
591	727
591	921
591	980
591	741
591	780
592	788
592	705
592	620
592	997
592	664
592	966
592	971
592	728
593	804
593	856
593	737
593	952
594	787
594	884
594	931
594	796
594	841
594	812
594	864
594	804
595	757
595	946
595	805
595	796
595	879
595	920
595	683
595	979
596	759
596	876
596	839
596	813
596	672
597	854
597	734
597	636
597	998
597	798
597	945
597	740
597	773
597	972
598	993
598	704
598	808
599	607
600	915
600	701
600	633
600	767
601	937
601	975
601	865
601	799
601	840
601	964
601	947
601	834
601	793
601	625
601	656
602	939
602	803
602	957
602	717
602	632
603	767
603	980
603	604
604	949
604	649
604	961
604	655
604	927
604	814
604	854
604	631
604	691
604	898
604	636
605	693
605	650
605	674
605	662
605	857
605	795
605	696
605	721
605	865
606	761
606	653
606	699
606	728
606	630
606	669
606	620
606	629
606	756
606	910
608	847
608	882
608	743
608	703
608	863
608	732
608	771
608	695
608	670
608	726
608	845
608	957
608	951
609	834
609	808
609	829
609	941
609	708
609	769
609	922
609	935
609	723
609	902
609	806
610	860
610	637
611	962
611	867
611	994
611	954
611	976
611	821
611	746
611	844
611	881
611	689
611	714
611	749
611	776
611	638
612	758
613	997
613	620
613	810
613	617
613	986
613	940
613	669
613	788
613	916
613	862
613	621
614	890
614	668
614	880
614	792
614	744
614	943
614	970
615	765
615	685
615	780
616	968
616	696
616	991
616	741
616	802
616	697
616	973
616	677
617	653
617	713
617	952
617	630
617	940
617	971
617	756
617	986
617	736
617	626
617	788
617	965
617	997
617	665
617	690
617	966
618	763
618	730
619	662
619	677
619	693
619	650
619	822
619	989
619	857
619	718
619	991
619	641
619	906
620	788
620	705
620	728
620	629
620	761
620	818
620	713
621	864
621	884
621	637
621	873
622	686
622	648
622	706
622	859
622	692
622	751
622	658
623	855
623	838
623	910
623	761
624	828
624	816
624	982
624	731
624	790
625	840
625	656
625	909
625	964
625	768
625	799
625	947
625	833
625	975
625	902
625	779
626	752
626	653
626	897
626	665
626	728
626	713
626	952
626	630
626	788
626	966
626	664
626	736
626	779
627	632
627	953
627	923
627	771
627	830
627	863
627	743
627	937
627	806
627	879
628	830
628	863
628	695
628	988
628	783
628	953
628	951
629	713
629	818
629	761
629	752
629	952
629	699
629	940
629	916
629	933
629	997
629	766
629	966
629	669
629	965
630	940
630	699
630	766
630	690
630	897
630	761
630	966
630	752
630	669
631	820
631	691
631	649
631	773
631	636
631	949
631	854
631	655
631	898
631	814
631	864
631	848
632	951
632	647
632	732
632	771
632	835
632	846
632	879
632	898
632	924
633	950
633	921
634	868
634	709
634	708
634	834
634	829
634	779
634	660
635	827
635	804
635	730
636	655
636	700
636	649
636	798
636	820
636	945
636	814
636	848
636	949
636	691
636	781
637	794
637	675
637	797
637	826
637	795
637	786
637	696
637	781
637	842
637	857
637	693
637	764
637	802
638	775
638	979
638	720
638	681
638	687
638	849
638	640
638	689
638	746
638	776
639	833
639	799
639	840
639	975
639	661
639	964
639	947
640	720
640	785
640	979
640	681
640	849
640	775
641	679
641	707
641	907
641	847
642	812
642	748
642	919
642	671
642	666
642	800
642	712
642	770
642	825
642	990
643	870
643	735
644	787
644	864
644	884
644	782
644	931
644	873
644	795
644	776
645	764
645	968
645	696
645	741
645	781
645	795
645	718
645	802
645	674
645	826
645	677
645	991
645	662
645	822
645	675
646	743
646	703
646	845
646	698
646	661
646	948
647	695
647	847
647	743
647	698
647	771
647	990
647	732
648	658
648	751
648	692
648	916
649	798
649	945
649	949
649	691
649	700
649	814
649	684
649	725
649	927
650	794
650	795
650	853
650	802
650	675
650	662
650	697
651	932
651	963
651	892
651	769
651	760
651	708
651	660
651	941
651	858
652	912
652	676
652	877
652	901
652	772
652	682
653	971
653	690
653	986
653	818
653	752
653	952
653	788
653	669
653	933
653	665
653	862
653	761
653	929
654	983
654	984
654	936
654	880
654	668
654	943
655	691
655	700
655	848
655	945
655	734
655	740
655	711
655	773
655	820
655	814
656	865
656	661
656	799
656	975
656	793
656	947
656	768
656	977
656	791
656	670
657	663
657	763
658	992
658	706
658	751
659	789
659	719
659	673
659	770
659	815
659	894
659	809
659	669
659	908
659	885
660	739
660	858
660	808
660	760
660	963
660	922
660	932
660	941
660	928
661	791
661	948
661	977
661	964
661	833
661	902
661	975
662	693
662	822
662	675
662	826
662	674
662	909
662	997
663	730
663	767
664	705
664	966
664	728
664	756
664	971
664	752
664	916
665	756
665	690
665	971
665	940
665	728
665	952
665	736
665	862
665	766
665	933
666	981
666	930
666	919
666	825
666	970
666	755
667	905
667	819
667	771
667	732
667	951
667	882
667	878
667	743
668	984
668	936
668	792
668	890
668	942
668	893
669	818
669	897
669	965
669	971
669	986
670	830
670	863
670	879
670	845
670	703
670	888
670	754
671	919
671	755
671	812
671	800
671	930
672	893
672	890
672	936
672	880
672	984
672	706
673	719
673	894
673	809
673	815
673	789
673	908
673	929
673	998
674	989
674	764
674	718
674	822
674	677
674	725
674	857
674	696
674	675
674	973
675	794
675	696
675	853
675	795
675	697
675	786
675	842
675	741
675	718
675	753
675	857
676	901
676	778
676	938
676	877
676	682
676	801
677	774
677	693
677	822
677	725
677	837
677	718
678	721
678	725
678	925
678	832
678	787
679	707
679	909
680	972
680	938
680	901
680	904
680	877
680	987
680	801
681	979
681	687
681	836
681	785
681	849
681	962
682	778
682	753
682	999
682	987
682	801
682	938
683	861
683	871
683	911
683	745
684	927
684	995
684	820
684	798
684	898
684	961
684	734
684	949
684	691
684	998
684	757
685	780
685	765
686	737
686	992
686	751
686	784
686	885
686	827
687	720
687	979
687	775
687	836
687	849
687	954
688	942
688	918
689	994
689	889
689	762
689	867
689	881
689	776
689	926
690	933
690	736
690	897
690	752
690	766
690	788
690	952
690	966
691	734
691	854
691	848
691	820
691	798
691	814
691	927
691	925
691	898
692	706
692	885
692	859
692	781
693	822
693	795
693	857
693	741
693	797
694	878
694	742
694	782
694	726
694	901
695	845
695	990
695	888
695	988
695	783
695	771
695	891
695	760
696	781
696	741
696	802
696	718
696	991
696	764
696	697
696	774
696	797
696	989
696	857
696	837
697	968
697	857
697	853
697	837
697	872
697	822
698	743
698	830
698	988
698	783
698	732
699	736
699	761
699	810
699	940
699	952
699	971
699	965
699	818
699	897
700	898
700	998
700	945
700	820
700	773
700	949
700	711
700	995
700	801
700	848
700	814
701	950
701	972
701	727
702	831
702	899
702	715
702	974
702	914
702	875
703	772
703	845
703	990
703	998
703	863
703	869
704	955
704	993
704	834
705	966
705	788
705	997
705	916
705	756
705	818
705	736
705	728
706	859
707	907
707	932
707	836
708	723
708	941
708	769
708	892
708	829
708	806
708	925
708	721
708	750
708	868
709	868
709	928
709	932
709	808
709	892
710	956
711	773
711	898
711	740
711	945
711	961
711	854
711	742
711	814
711	964
712	919
712	930
712	812
712	748
712	981
713	940
713	986
713	897
713	752
713	766
713	818
713	756
713	855
714	844
714	889
714	823
714	994
714	881
714	746
714	976
714	954
714	824
714	821
714	785
715	914
715	875
715	974
715	831
715	899
716	869
716	896
717	803
717	939
717	917
718	781
718	764
718	802
718	786
718	842
718	797
718	851
718	774
719	894
719	929
719	770
719	789
719	880
719	721
720	979
720	775
720	849
720	836
720	785
720	926
720	976
721	832
721	725
721	925
722	944
722	874
723	858
723	779
723	892
723	769
723	739
723	932
723	922
724	967
725	925
725	832
725	873
725	802
726	742
726	959
726	729
726	912
726	818
726	782
727	921
727	980
727	747
727	765
728	952
728	752
728	940
728	986
728	933
728	766
728	756
728	916
728	761
729	959
729	969
729	782
729	742
730	763
731	982
731	790
731	828
731	826
732	951
732	905
732	792
732	830
732	882
733	978
734	995
734	740
734	949
734	773
734	998
734	780
735	870
735	902
736	965
736	862
736	752
736	940
736	766
736	971
737	992
737	784
737	789
738	776
738	889
738	976
738	844
738	962
738	994
738	881
738	762
738	867
738	926
738	746
738	821
739	941
739	834
739	932
739	858
739	963
739	935
739	829
739	922
739	808
740	798
740	848
740	854
740	949
740	961
740	995
740	856
741	857
741	991
741	872
741	794
741	764
741	786
742	934
742	959
742	969
742	929
743	772
743	964
743	778
743	847
743	845
744	792
744	880
744	943
744	893
744	984
744	983
744	936
744	802
745	861
745	871
745	911
746	867
746	762
746	994
746	823
746	962
746	844
746	824
746	926
747	767
747	950
747	980
747	921
748	800
748	812
748	981
748	919
749	867
749	881
749	824
749	817
749	762
749	889
749	926
749	976
749	962
749	823
750	868
750	928
750	858
750	935
750	779
751	885
751	784
751	859
751	893
752	940
752	897
752	952
752	916
753	778
753	866
753	877
753	801
753	987
754	887
754	900
755	812
755	800
756	940
756	862
756	916
756	818
756	847
757	843
757	805
757	903
757	861
757	946
757	920
759	813
759	876
759	839
759	811
760	779
760	808
760	769
760	922
760	806
760	829
761	916
761	971
761	940
761	766
761	933
761	986
761	838
761	769
762	926
762	844
762	823
762	976
762	776
762	962
762	849
762	979
762	824
763	821
764	857
764	795
764	794
764	781
764	774
764	872
764	786
765	903
765	979
765	901
766	916
766	986
766	971
766	952
766	788
766	810
767	915
768	977
768	865
768	947
768	902
768	793
768	964
768	909
768	948
769	858
769	935
769	779
769	932
769	829
769	955
769	925
769	928
770	908
770	809
770	789
770	929
770	894
771	988
771	847
771	888
772	905
772	819
772	951
772	847
772	845
772	891
772	923
773	927
773	848
773	945
773	820
773	995
774	989
774	822
774	857
774	842
774	991
774	795
774	973
775	836
775	849
775	979
775	844
775	954
776	889
776	994
776	926
776	881
776	821
776	867
776	976
776	817
777	996
777	850
778	901
778	972
778	801
778	877
778	987
778	999
779	941
779	829
779	892
779	946
781	857
781	968
781	973
781	802
781	794
781	872
781	822
782	878
782	969
782	934
782	959
783	846
783	905
783	988
783	847
783	951
783	923
785	836
785	823
786	842
786	794
786	826
786	924
787	884
787	931
787	843
787	873
788	810
788	997
788	862
789	908
789	894
789	809
789	815
790	982
790	828
790	816
791	977
791	833
791	975
791	937
791	799
791	840
791	865
791	902
792	890
792	880
792	893
792	984
792	983
792	936
792	943
793	833
793	975
793	840
793	909
793	865
793	964
793	937
794	797
794	853
794	795
794	973
794	989
794	837
794	924
795	991
795	857
795	968
795	802
795	797
795	989
795	822
795	837
796	843
796	903
796	805
797	853
797	842
797	968
797	991
797	872
797	857
797	846
798	854
798	820
798	848
798	995
798	949
798	927
798	814
798	945
799	977
799	948
799	964
799	865
799	904
799	840
799	833
800	812
800	970
801	987
801	904
801	999
802	973
802	991
802	968
802	842
802	853
802	857
803	960
803	957
803	852
803	896
803	907
804	856
804	844
805	843
805	903
805	920
806	868
806	858
806	963
807	895
807	811
807	876
808	858
809	929
809	908
809	983
810	986
810	952
810	862
810	965
810	916
810	897
811	895
812	981
813	839
813	876
813	895
814	949
814	854
814	820
814	995
815	908
815	929
815	894
816	982
816	828
816	938
817	954
817	926
817	824
817	976
817	821
818	916
818	897
818	870
818	862
819	905
819	830
819	845
819	843
819	846
819	990
820	945
820	998
820	854
821	867
821	844
821	824
821	954
821	962
821	926
821	976
821	994
822	989
822	973
822	842
823	976
823	867
823	926
823	824
823	994
824	994
824	844
824	962
824	867
824	954
825	981
826	842
826	857
827	856
827	941
827	954
828	982
829	834
829	963
829	858
829	935
829	892
830	888
830	923
830	882
830	988
831	974
831	875
831	899
831	914
832	925
832	946
833	909
833	975
833	865
834	941
834	963
834	935
834	922
834	932
835	990
835	882
835	951
835	905
835	953
836	849
836	881
837	851
838	910
839	876
840	937
840	865
840	964
840	902
840	947
840	880
841	931
841	864
842	853
842	872
842	883
843	920
843	946
844	976
844	889
844	881
844	954
844	962
845	990
845	863
845	888
845	882
845	923
845	893
846	988
846	923
846	878
846	893
847	988
847	953
847	990
848	961
848	998
848	995
848	949
849	979
849	867
849	926
850	860
851	924
851	920
851	989
852	960
852	917
852	953
853	857
854	995
854	998
854	898
854	945
855	910
856	965
857	924
857	887
858	892
858	963
858	932
859	992
859	956
861	911
861	871
862	916
862	933
863	891
863	905
864	884
864	873
864	931
865	975
865	977
865	909
865	947
866	886
867	889
867	954
868	928
869	957
869	896
869	917
869	982
871	911
872	968
873	931
873	884
875	914
875	899
875	974
877	987
877	901
877	904
878	904
879	988
879	953
879	923
880	890
880	943
880	893
880	936
880	984
880	949
881	954
881	994
881	976
881	962
881	979
882	888
882	905
883	906
884	931
884	975
887	900
888	953
889	994
889	954
889	962
889	926
890	984
890	936
891	951
892	941
892	922
893	984
893	943
894	908
894	929
897	965
897	971
897	952
897	940
898	995
899	974
899	914
901	987
901	938
901	912
901	972
901	999
902	975
902	909
902	948
902	937
902	964
902	998
903	920
903	946
904	972
904	987
905	988
905	923
905	951
908	928
909	975
909	948
911	946
912	999
912	982
914	974
915	921
915	980
916	986
916	971
916	952
916	966
916	933
917	957
917	960
918	942
921	950
921	947
922	941
922	932
923	951
924	968
924	989
925	947
927	995
927	961
932	935
933	940
933	965
934	959
935	963
936	983
936	943
937	964
937	977
938	972
938	987
938	999
939	960
939	957
940	965
940	952
943	984
945	995
945	998
945	963
947	977
948	964
948	975
949	998
951	990
952	965
952	971
953	990
954	976
954	994
955	993
957	960
961	995
962	976
964	977
964	975
966	997
966	986
968	989
970	981
971	986
972	999
973	991
975	977
976	994
983	984
986	992
987	999
995	998
