0	895
0	908
0	885
0	999
0	862
0	865
0	917
0	898
0	931
0	825
1	909
1	929
1	892
1	881
1	864
1	844
1	965
1	915
1	918
1	855
2	957
2	986
2	854
2	841
2	898
2	921
2	994
2	836
2	880
2	291
3	909
3	891
3	880
3	870
3	886
3	892
3	988
3	915
3	893
3	829
4	954
4	852
4	866
4	384
5	963
5	902
5	954
5	907
5	866
5	297
5	448
6	953
6	837
6	828
6	872
6	843
6	849
6	944
6	998
6	295
6	995
7	220
7	8
7	11
7	221
7	607
8	11
8	220
8	730
9	12
9	219
9	13
9	10
9	223
9	218
9	222
9	468
9	38
10	12
10	13
10	219
10	218
10	217
10	344
11	221
11	220
12	223
12	13
12	217
12	222
12	352
12	764
12	218
13	218
13	219
13	222
13	399
13	217
13	24
13	131
13	802
14	196
14	199
14	197
14	17
14	18
14	65
14	725
14	19
14	33
15	17
15	19
15	20
15	199
15	778
15	196
15	159
16	19
16	17
16	18
16	197
16	198
16	196
16	833
17	198
17	200
17	199
17	792
17	196
17	197
17	917
18	20
18	200
18	197
18	232
18	201
19	196
19	200
19	201
19	198
19	197
19	20
19	138
20	200
20	197
20	491
20	198
20	199
20	193
20	202
21	22
21	127
21	27
21	596
22	26
22	693
22	318
22	957
22	25
22	363
23	26
23	27
23	759
23	134
23	25
24	288
24	26
24	292
24	728
24	521
24	25
24	27
24	460
25	239
25	156
26	166
26	907
26	568
27	981
27	312
27	728
27	775
28	31
28	143
28	768
28	34
28	33
28	483
28	726
28	318
28	32
28	970
29	32
29	31
29	465
29	402
29	563
29	415
29	30
30	32
30	34
30	108
30	306
30	866
30	181
31	33
31	703
31	34
32	120
32	256
32	621
32	890
32	165
32	33
33	106
33	285
33	34
34	366
35	40
35	36
35	37
35	39
35	90
35	55
35	89
36	37
36	40
36	131
37	38
37	85
38	39
38	40
38	41
38	86
38	87
39	41
39	624
39	472
40	84
40	86
41	132
42	45
42	44
42	43
42	169
43	45
43	44
43	125
44	45
44	94
45	225
46	47
46	48
47	48
49	286
49	281
49	51
49	283
49	285
50	282
50	53
50	55
50	280
50	284
51	286
51	52
51	285
51	283
52	283
52	286
52	285
52	854
52	877
53	280
53	284
53	282
53	166
53	55
53	54
53	432
54	284
54	282
54	55
54	302
54	341
55	284
55	280
55	282
56	745
56	59
56	707
56	57
56	62
56	560
56	640
56	594
57	707
57	640
57	594
57	745
58	61
58	653
58	60
58	694
59	62
59	707
59	594
60	61
60	694
60	653
61	653
61	694
61	330
62	707
62	745
63	64
63	69
63	266
63	65
63	200
63	68
63	83
63	837
64	505
64	66
64	68
64	69
65	66
65	76
65	696
65	69
65	67
66	69
66	510
66	67
66	68
66	998
67	69
67	263
67	339
67	849
67	264
67	285
67	945
68	260
68	906
68	976
68	69
68	348
68	618
69	242
70	74
70	498
70	75
70	374
70	696
70	381
70	474
71	343
71	448
71	206
71	74
71	425
71	911
71	75
71	308
72	497
72	73
72	74
72	76
72	954
72	297
73	75
74	226
74	75
74	566
74	858
74	76
75	859
75	539
75	715
75	443
76	297
77	423
77	457
77	417
77	532
77	420
77	219
78	420
78	79
78	296
78	417
78	82
78	422
79	81
79	82
79	83
79	420
79	421
79	424
79	80
79	234
79	728
80	82
80	420
80	418
80	748
81	421
81	423
81	817
81	424
81	419
81	420
82	314
82	424
82	523
83	417
83	419
83	353
83	418
83	276
84	86
84	88
84	477
84	485
84	85
84	87
84	90
85	484
85	87
86	87
86	89
86	475
86	470
86	472
86	477
87	88
87	90
87	475
87	89
87	485
88	472
88	89
88	345
89	90
90	470
90	484
90	475
91	338
91	92
91	93
91	97
91	449
91	632
91	96
91	94
92	620
92	126
92	450
92	529
92	95
92	97
92	504
92	427
93	622
93	95
93	96
93	436
93	900
94	912
94	97
94	95
94	778
94	852
95	97
95	455
95	422
96	893
96	403
96	97
97	591
97	225
97	482
98	100
98	400
98	397
98	393
98	101
98	396
98	99
98	102
98	394
98	395
99	399
99	398
99	400
99	102
99	394
99	316
99	395
99	991
99	103
100	395
100	396
100	104
100	101
101	104
101	103
101	394
101	398
102	395
102	394
102	400
102	104
102	287
102	617
102	933
103	394
103	104
103	395
103	264
103	399
103	970
103	375
103	390
104	395
104	394
104	434
105	206
105	107
105	337
105	106
105	110
105	427
105	242
105	982
105	109
106	107
106	111
106	110
107	731
107	497
107	108
108	696
108	621
108	111
108	110
108	218
109	110
109	412
109	810
109	843
109	265
109	744
110	425
110	773
110	598
110	749
111	138
111	757
111	959
111	377
111	987
112	116
112	411
112	415
112	409
112	809
112	114
112	155
112	149
112	115
112	375
113	114
113	414
113	416
113	411
113	118
113	409
113	117
113	413
113	263
113	410
114	409
114	413
114	410
114	412
114	116
114	551
114	864
114	415
115	116
115	409
115	364
115	160
115	410
115	491
115	205
115	419
116	118
116	410
116	413
116	414
116	411
116	412
116	473
117	409
117	412
117	416
117	341
117	410
117	413
118	416
118	413
118	415
118	412
119	124
119	123
119	267
119	121
120	374
120	124
120	121
120	122
121	124
121	997
121	613
122	697
122	123
122	233
122	124
122	599
123	366
123	124
123	150
124	125
124	126
125	747
125	195
126	132
126	130
126	127
126	149
126	314
126	379
126	316
127	289
127	507
127	347
127	394
127	128
127	129
127	951
127	138
128	130
128	132
128	766
128	362
128	302
129	132
129	130
129	131
130	922
130	132
130	459
130	823
131	132
131	728
131	396
131	231
131	488
131	848
132	337
132	591
133	136
133	582
133	139
133	137
133	373
133	262
133	138
133	134
134	262
134	139
134	306
134	465
134	138
134	136
135	137
135	429
135	138
136	846
136	137
136	222
137	359
138	537
138	986
138	249
138	428
139	462
139	187
139	424
139	310
140	892
140	976
140	952
140	951
140	862
140	564
140	935
140	942
141	903
141	946
141	824
141	203
141	821
141	877
142	974
142	911
142	965
142	966
142	977
142	896
143	982
143	920
143	169
143	877
143	906
143	880
143	905
144	989
144	968
144	875
144	887
144	899
144	904
144	912
144	966
144	916
145	146
145	940
145	952
145	844
145	941
145	292
145	374
145	935
146	892
146	927
146	311
146	832
146	928
146	952
146	899
146	931
146	972
147	151
147	440
147	150
147	152
147	228
147	441
147	238
147	442
148	150
148	435
148	149
148	318
148	152
148	442
148	350
149	153
149	435
149	190
149	151
149	439
149	765
149	152
150	153
150	482
150	435
150	424
150	152
150	748
151	152
151	441
151	439
151	207
151	368
151	437
152	153
152	434
152	366
152	435
152	440
153	442
153	434
153	324
153	495
153	440
153	474
153	436
154	158
154	156
154	159
154	847
154	869
154	674
154	160
154	155
155	243
155	980
155	157
155	158
155	159
155	160
155	840
156	158
156	375
156	847
156	909
156	289
156	291
156	606
157	160
157	455
157	867
158	160
158	944
159	739
159	434
159	643
160	729
160	829
161	162
161	166
161	245
161	163
161	167
162	163
162	320
162	164
163	199
163	164
163	955
163	205
163	694
164	546
164	167
164	655
164	165
164	720
165	167
165	166
165	238
166	167
167	463
167	483
168	296
168	170
168	171
168	173
168	226
168	612
168	971
168	169
169	173
169	239
169	171
169	836
170	174
170	277
170	171
170	172
171	172
171	454
171	174
171	998
172	606
172	227
172	352
173	174
173	391
173	978
173	936
174	185
174	272
174	604
175	405
175	177
175	408
175	799
175	404
175	248
175	675
175	539
175	401
175	402
176	177
176	408
176	401
176	403
176	404
176	406
176	405
176	407
176	178
176	550
177	179
177	401
177	408
177	539
177	714
177	603
177	614
178	180
178	403
178	402
178	401
178	408
178	179
178	406
178	404
178	583
179	181
179	407
179	408
179	675
179	515
179	626
179	545
179	401
180	401
180	406
180	804
180	636
180	341
180	403
180	405
180	651
180	732
181	401
181	404
181	407
181	762
181	603
181	720
181	725
181	614
182	186
182	255
182	183
182	184
182	256
182	669
182	645
182	188
182	770
182	652
183	185
183	256
183	320
183	790
183	773
183	254
183	755
183	645
183	187
184	188
184	187
184	258
184	293
184	256
184	596
184	185
184	740
184	691
185	188
185	253
185	740
185	186
185	258
185	770
185	254
186	254
186	188
186	253
186	548
186	773
186	618
186	645
186	441
187	188
187	258
187	252
187	327
187	366
187	669
187	740
188	253
188	254
188	252
188	600
188	345
189	195
189	193
189	352
189	191
190	244
190	251
190	194
190	191
190	192
190	847
191	193
191	192
191	195
191	832
192	195
193	194
193	785
193	195
193	731
193	319
193	692
194	316
194	777
194	705
195	453
195	919
195	851
196	202
196	198
196	200
196	879
197	198
197	202
197	610
197	708
198	201
198	200
198	292
198	202
199	200
199	650
199	201
199	440
199	433
200	201
201	756
201	202
202	891
202	419
203	207
203	208
203	204
203	209
203	655
203	872
204	207
204	206
204	205
204	208
204	459
204	795
205	312
205	208
205	506
205	206
205	408
205	642
205	209
206	209
206	207
206	359
206	721
207	209
207	281
207	486
208	478
208	877
208	620
208	209
209	224
209	389
209	301
209	921
210	211
210	212
211	212
213	215
213	216
213	214
213	420
214	215
214	216
214	709
215	216
215	357
216	274
217	223
217	219
217	218
217	462
217	316
217	222
218	223
218	222
219	222
219	223
220	346
220	774
221	321
221	764
222	223
222	906
224	227
224	229
224	892
224	225
224	230
224	303
224	428
225	227
225	487
225	955
225	228
225	840
226	227
226	229
226	228
227	236
227	230
228	251
228	230
228	283
228	506
229	230
229	891
229	362
229	293
229	275
230	431
230	363
231	505
231	233
231	491
231	547
231	232
231	234
231	235
232	309
232	234
232	235
232	236
233	234
233	237
233	278
233	649
233	236
233	411
233	935
234	236
234	446
234	237
235	237
235	242
236	289
237	747
237	570
237	550
237	850
237	830
237	969
237	992
238	259
238	242
238	244
238	241
238	239
239	243
239	240
240	242
240	938
240	243
241	243
241	774
241	318
241	429
242	732
242	243
242	755
242	244
243	244
243	842
243	790
244	339
244	628
244	280
244	258
244	937
245	449
245	247
245	246
245	248
246	249
246	250
246	247
246	415
246	500
246	319
246	602
246	863
246	931
247	249
247	250
247	251
247	343
248	250
248	367
249	251
250	854
250	251
250	881
251	905
251	392
251	295
251	606
252	257
252	253
252	255
252	256
252	254
252	666
252	277
252	637
253	257
253	256
253	255
253	769
253	719
253	600
254	255
254	258
254	257
254	691
254	645
255	256
255	257
255	352
255	666
255	986
255	645
256	258
256	257
256	669
257	596
257	669
257	770
257	294
257	666
258	600
258	469
258	740
258	773
259	263
259	261
260	262
260	949
260	771
260	263
260	261
260	264
261	262
261	264
261	712
261	458
261	806
262	265
262	264
262	757
262	880
263	316
263	264
263	314
263	476
263	583
264	265
264	658
264	584
264	432
265	338
265	561
266	270
266	726
266	564
266	712
266	407
266	448
266	693
267	271
267	621
267	788
267	557
267	781
267	528
267	646
267	307
267	807
268	269
268	698
268	679
268	717
268	677
268	665
268	302
268	646
268	611
268	301
269	611
269	687
269	581
269	695
269	271
269	838
269	304
269	272
269	999
270	585
270	802
270	733
270	726
270	552
270	706
270	810
270	764
271	611
271	800
271	698
271	681
271	687
271	304
271	294
271	303
272	665
272	679
272	788
272	698
272	629
272	781
272	301
272	303
273	468
273	278
273	918
273	279
273	274
273	453
274	275
274	276
274	397
274	615
275	278
275	277
276	278
276	277
276	279
277	685
277	789
277	910
277	278
278	279
279	396
279	508
279	957
280	284
280	282
281	283
281	285
281	337
281	770
282	933
282	284
283	285
283	286
285	306
286	737
287	293
287	290
287	289
287	288
287	291
288	289
288	291
288	660
288	497
288	435
288	378
288	707
289	988
289	602
289	290
289	423
289	893
290	291
290	293
290	908
291	293
291	292
291	495
292	295
292	765
292	409
292	293
293	773
293	761
294	300
294	836
294	299
295	296
295	298
295	717
295	592
295	297
295	387
296	673
296	337
296	298
296	981
297	300
297	298
298	300
298	415
298	299
298	463
299	827
299	300
300	496
301	304
301	306
301	478
301	576
301	663
302	303
302	307
302	522
302	657
302	612
302	807
302	304
303	305
303	759
303	791
303	901
303	306
303	304
304	681
304	639
304	621
305	306
305	581
305	441
305	639
305	781
305	741
305	465
305	599
305	986
306	621
306	807
306	307
306	920
307	781
307	443
307	695
307	679
307	639
307	429
308	310
308	802
308	713
308	314
308	312
308	317
309	310
309	353
309	311
309	503
309	313
310	311
310	312
310	385
310	314
310	447
310	795
311	314
311	568
311	659
311	513
311	862
311	354
312	313
312	314
313	451
313	375
313	838
313	315
313	823
313	314
315	318
315	321
315	317
315	975
316	321
316	319
316	568
316	616
317	318
317	321
317	413
318	319
318	969
318	320
318	321
319	375
319	481
319	320
319	393
320	351
320	689
320	710
321	774
322	323
322	328
323	328
324	326
324	327
324	325
325	326
325	327
325	916
326	327
326	670
329	333
329	607
329	562
329	635
329	751
329	668
329	960
330	335
330	520
330	616
330	775
330	784
331	336
331	760
331	332
331	746
331	534
331	549
332	534
332	760
332	549
333	784
333	736
333	749
333	607
333	616
334	635
334	784
334	668
334	562
335	668
335	736
335	635
335	607
335	615
335	798
335	562
336	746
337	395
337	343
337	340
337	339
337	342
338	339
338	666
338	344
339	343
339	391
339	340
340	344
340	445
341	343
341	344
341	602
341	489
342	568
343	992
345	349
345	352
345	351
345	346
345	350
345	347
346	348
346	502
347	350
347	578
347	349
347	352
348	352
348	888
348	991
349	350
349	968
349	351
349	939
350	351
350	932
351	399
351	490
353	374
353	356
353	355
353	358
353	354
354	359
354	357
354	358
354	790
355	356
355	358
355	360
355	512
355	357
355	389
355	451
356	360
356	720
357	776
357	359
357	358
357	494
357	625
358	427
358	360
359	744
359	861
359	360
359	877
360	458
360	835
360	420
361	362
361	363
361	365
361	970
361	364
361	675
361	368
361	509
361	367
361	369
362	364
362	368
362	366
362	822
362	794
362	365
363	365
363	364
364	366
364	652
364	368
364	934
365	367
365	366
365	508
365	693
365	915
366	762
366	367
366	526
367	423
367	584
368	730
369	374
369	371
369	634
369	890
369	376
370	374
370	418
370	946
370	376
370	676
371	838
371	372
372	373
372	374
372	460
372	376
372	769
374	958
374	375
374	520
375	376
375	999
376	743
376	831
377	382
377	380
377	378
378	382
378	511
379	384
379	383
379	888
380	382
380	745
381	383
381	384
383	929
384	386
385	388
385	389
385	392
385	558
385	391
385	390
386	388
386	875
386	753
386	689
386	389
387	392
387	388
387	734
387	863
387	692
387	729
387	448
387	391
387	913
388	391
388	389
388	651
389	390
389	630
389	553
389	772
390	780
390	392
390	391
390	849
391	482
393	394
393	400
393	396
393	395
393	398
394	396
394	638
395	399
396	399
396	397
396	478
397	399
397	400
397	860
397	398
398	399
398	400
398	505
399	400
401	762
401	714
401	799
402	407
402	404
402	403
402	787
402	630
402	804
402	675
403	406
403	408
403	630
403	795
403	592
404	408
404	406
404	762
404	701
404	776
405	744
405	546
405	799
405	620
406	407
406	545
406	597
406	799
406	701
407	631
407	546
407	804
408	516
408	631
409	411
409	413
409	414
409	728
410	414
410	416
410	893
410	412
411	414
411	413
411	914
412	415
412	416
412	414
412	413
413	414
414	415
414	416
415	989
415	479
416	554
416	561
417	737
417	419
417	421
417	424
417	463
418	424
418	422
418	632
418	771
418	420
418	423
418	561
419	423
419	421
419	422
419	420
419	640
420	423
421	424
421	523
421	846
421	521
422	424
423	424
423	867
425	431
425	433
425	427
425	432
426	427
426	429
426	432
427	432
427	428
428	429
428	431
428	438
428	546
429	527
429	431
430	431
430	432
430	782
431	433
432	840
433	819
434	440
434	441
434	439
434	437
435	440
435	436
435	437
436	437
436	441
436	442
437	438
437	441
437	439
438	441
438	440
438	439
438	808
438	856
439	442
439	440
440	442
441	442
443	448
443	449
443	453
443	450
444	445
444	447
444	446
444	451
445	453
445	452
445	860
445	451
445	461
445	446
446	450
446	453
446	824
447	769
447	451
447	449
448	614
448	764
449	864
449	453
450	774
450	453
450	451
450	452
451	452
452	709
453	583
453	530
454	978
454	456
455	468
455	460
455	785
456	464
456	458
456	570
456	461
456	463
457	462
457	942
457	466
458	605
458	464
458	468
458	539
458	463
458	459
459	466
459	463
459	967
460	462
460	466
460	467
460	793
460	461
460	465
461	467
462	466
462	465
463	467
463	466
464	466
465	467
466	468
466	585
466	564
466	810
467	914
468	509
468	620
469	473
469	480
469	481
469	476
469	474
469	478
469	479
469	483
469	471
469	482
470	472
470	484
470	477
470	475
470	485
471	474
471	482
471	480
471	478
471	476
471	473
471	481
471	635
472	485
472	477
472	484
473	474
473	483
473	480
473	478
473	479
473	756
473	482
473	476
473	543
473	747
474	478
474	479
474	480
475	484
475	477
475	485
476	481
476	479
476	482
476	483
476	945
476	478
477	484
477	485
478	480
478	483
478	482
478	753
479	482
479	481
479	483
479	629
479	571
480	482
480	481
480	913
480	483
481	554
482	483
484	485
486	503
486	505
487	513
487	502
487	506
487	905
487	501
488	494
488	496
488	512
488	510
488	497
488	511
488	490
488	489
488	507
489	513
489	504
489	506
489	827
490	498
490	497
490	500
490	642
490	511
491	501
491	511
491	498
491	510
491	513
491	494
492	504
492	513
492	499
492	495
493	500
493	504
493	661
493	618
493	510
493	506
494	496
494	566
494	925
494	498
494	504
495	497
495	506
496	510
497	577
497	507
498	502
498	507
499	508
499	509
499	904
500	508
501	508
503	504
504	508
504	513
504	507
505	508
505	507
505	510
507	508
509	512
510	511
511	692
513	546
514	766
514	574
514	589
514	716
514	518
514	680
514	704
514	718
514	533
514	661
515	597
515	684
515	796
515	539
515	620
515	782
515	556
515	516
515	692
516	545
516	603
516	597
516	796
516	590
516	674
516	529
516	583
517	761
517	642
517	747
517	521
517	612
517	543
517	624
517	568
518	671
518	601
518	586
518	570
518	555
518	755
518	531
518	524
518	574
519	627
519	656
519	700
519	703
520	668
520	784
520	635
520	616
520	607
520	798
520	736
520	562
520	749
521	624
521	634
521	642
521	612
521	543
521	747
522	679
522	646
522	681
522	629
522	759
522	677
522	621
522	800
522	807
523	571
523	789
523	532
523	785
523	715
523	696
523	530
523	572
524	554
524	589
524	690
524	670
524	658
524	811
524	697
524	535
524	622
525	794
525	780
525	588
525	703
525	591
525	769
525	558
526	711
526	622
526	697
526	673
526	633
526	559
526	686
526	536
526	648
527	644
527	605
527	670
527	768
527	750
527	673
527	601
527	555
527	722
528	657
528	781
528	611
528	791
528	788
528	698
528	677
528	679
528	545
529	542
529	631
529	692
529	566
529	602
529	628
529	626
529	630
530	757
530	623
530	593
530	678
530	572
530	538
530	571
530	783
531	767
531	648
531	716
531	587
531	605
531	688
531	685
531	578
531	536
532	655
532	808
532	778
532	678
532	576
533	708
533	633
533	686
533	608
533	579
533	658
533	652
533	766
533	619
534	549
535	589
535	547
535	766
535	610
535	685
535	688
535	750
535	689
535	599
536	686
536	809
536	753
536	610
536	752
536	587
536	654
536	724
537	561
537	777
537	729
537	540
537	721
537	756
537	588
538	806
538	696
538	609
538	728
538	576
538	785
538	743
538	920
539	590
539	614
539	620
539	546
540	758
540	674
540	676
540	705
541	587
541	555
541	689
541	650
541	544
541	685
541	652
541	579
541	786
541	667
542	796
542	782
542	550
542	602
542	701
542	626
542	620
542	684
542	628
543	761
543	747
543	634
543	772
543	612
543	642
544	716
544	619
544	605
544	786
544	771
544	570
544	809
544	582
544	662
545	628
545	553
545	675
545	626
545	566
545	602
546	602
546	732
546	630
546	651
547	731
547	570
547	779
547	722
547	768
547	658
547	575
547	801
548	790
548	645
548	769
548	600
548	596
548	770
548	773
548	669
548	691
548	719
549	760
550	709
550	630
550	762
550	684
550	799
550	566
550	795
551	697
551	767
551	688
551	702
551	682
551	766
551	587
551	649
551	753
552	693
552	706
552	606
552	737
552	618
552	730
552	564
552	764
552	825
553	636
553	795
553	709
553	603
553	556
553	732
553	630
553	590
554	765
554	718
554	723
554	579
554	608
554	654
554	595
555	622
555	638
555	579
555	704
555	686
555	685
555	643
556	626
556	795
556	787
556	732
556	782
556	628
556	776
556	796
557	717
557	698
557	741
557	621
557	679
557	759
557	695
557	687
557	565
558	563
558	794
558	700
558	677
558	703
558	588
559	567
559	641
559	786
559	619
559	633
559	670
559	689
559	801
559	811
560	707
560	640
560	594
560	745
561	584
561	617
561	748
561	705
561	674
561	803
561	777
562	736
562	751
562	615
562	749
562	775
562	784
563	794
563	703
563	591
563	588
563	780
563	636
564	595
564	693
564	625
564	737
564	606
564	733
565	739
565	735
565	946
565	797
566	732
566	590
566	744
566	614
566	748
567	702
567	662
567	649
567	680
567	610
567	658
567	644
567	723
567	673
568	747
568	772
568	624
568	873
568	904
569	671
569	608
569	801
569	702
569	661
569	809
569	641
569	754
569	654
569	699
570	659
570	682
570	671
570	652
570	575
571	637
571	778
571	593
571	609
571	576
571	715
571	785
572	623
572	720
572	613
572	655
572	743
572	663
573	647
573	789
573	598
573	613
573	663
573	637
573	778
573	757
574	659
574	658
574	779
574	811
574	662
574	672
574	587
574	680
575	779
575	648
575	702
575	688
575	683
575	801
575	718
575	643
576	783
576	593
576	647
576	655
576	789
577	632
577	578
577	686
577	763
577	667
577	608
577	699
577	649
577	752
578	650
578	792
578	662
578	649
578	667
578	731
578	722
579	649
579	805
579	599
579	632
579	742
579	722
580	811
580	723
580	686
580	671
580	667
580	704
580	768
580	713
580	779
580	599
581	698
581	800
581	695
581	611
581	717
581	629
581	665
582	727
582	699
582	724
582	652
582	682
582	662
582	601
582	811
583	709
583	787
583	626
583	651
583	796
583	732
584	748
584	676
584	758
584	660
584	756
585	764
585	730
585	810
585	774
585	712
585	618
585	737
585	726
586	673
586	711
586	763
586	661
586	619
586	727
586	638
586	670
586	648
587	727
587	662
587	713
587	742
587	765
588	794
588	780
588	591
589	754
589	801
589	752
589	792
589	767
589	750
589	605
590	776
590	782
590	744
590	701
591	794
591	894
592	675
592	630
592	709
592	714
592	603
592	684
592	738
593	637
593	757
593	696
593	783
593	778
593	715
593	613
594	640
594	707
594	745
594	784
595	625
595	730
595	726
595	712
595	764
595	606
595	810
595	618
596	773
596	740
596	691
596	769
596	665
597	631
597	602
597	776
597	626
597	628
597	701
597	732
598	613
598	678
598	604
598	647
598	783
599	633
599	622
599	704
599	641
599	605
600	769
600	645
600	770
600	666
600	669
601	718
601	801
601	670
601	793
601	689
601	650
601	632
602	603
602	799
603	626
603	795
603	787
603	651
604	678
604	728
604	623
604	778
604	720
604	647
605	690
605	673
605	793
605	648
606	764
606	774
606	730
607	798
607	775
607	616
607	751
607	635
608	619
608	724
608	755
608	752
608	650
608	809
609	613
609	678
609	808
609	789
609	720
609	728
609	696
609	623
610	670
610	652
610	793
610	667
610	786
610	683
611	687
611	657
611	807
611	677
611	639
612	634
612	624
612	747
612	761
612	790
612	777
613	696
614	631
614	725
614	732
614	795
614	782
615	736
615	751
615	784
615	668
615	749
615	635
616	635
616	751
616	736
616	798
616	784
617	660
617	803
617	729
617	674
617	705
618	706
618	730
618	712
618	802
619	792
619	765
619	683
619	750
619	723
620	804
620	684
620	799
621	800
621	646
621	657
622	643
622	661
622	638
622	671
622	718
623	655
623	637
623	720
623	783
623	728
623	663
624	772
624	761
624	747
624	634
624	817
625	712
625	726
625	693
625	737
625	764
626	738
626	709
627	700
627	656
627	757
628	787
628	732
628	714
628	744
629	646
629	679
629	698
629	657
629	788
629	717
630	804
630	782
631	796
631	799
631	651
631	675
631	787
632	704
632	731
632	648
632	805
632	752
633	755
633	643
633	753
633	754
633	771
633	685
634	747
634	761
635	798
635	784
635	749
635	736
636	738
636	701
636	684
636	651
636	714
636	804
636	675
637	720
637	647
637	808
637	783
637	878
638	792
638	755
638	672
638	686
638	680
638	702
639	741
639	687
639	677
639	679
639	698
639	665
639	807
640	745
641	699
641	801
641	644
641	716
641	650
641	754
641	766
641	723
642	747
642	761
642	730
643	766
643	809
643	682
643	664
643	662
643	768
644	765
644	711
644	811
644	752
644	753
644	731
644	685
644	742
645	666
645	773
645	740
645	719
645	790
645	678
645	770
645	952
646	677
646	717
646	681
646	800
646	665
646	759
647	715
647	743
647	785
648	752
648	722
648	683
648	724
648	699
649	682
649	786
649	702
649	767
649	672
650	658
650	718
650	713
650	670
650	664
651	762
651	701
651	684
652	662
652	724
652	723
652	708
653	694
654	716
654	659
654	672
654	673
654	750
654	786
654	697
654	724
655	808
655	715
655	663
655	678
656	700
656	896
657	687
657	665
657	781
657	788
657	679
657	800
658	722
658	671
658	680
658	752
659	805
659	722
659	686
659	697
659	702
659	809
659	671
660	734
660	721
660	777
660	748
660	960
660	674
660	820
660	984
661	765
661	713
661	670
661	682
661	664
661	771
662	704
662	755
662	811
663	757
663	678
663	821
663	696
663	789
663	746
664	702
664	763
664	750
664	742
664	708
664	682
664	768
664	673
665	741
665	807
665	781
665	791
666	740
666	669
666	691
666	790
666	770
666	769
666	904
666	733
666	773
666	875
667	727
667	767
667	690
667	671
667	682
667	793
668	784
668	749
668	775
668	798
668	751
668	736
669	770
669	773
669	691
669	769
670	686
670	704
671	754
671	688
671	727
672	750
672	680
672	708
672	683
672	690
672	988
672	752
673	688
673	690
673	680
674	729
674	734
674	748
674	756
675	714
675	709
675	738
676	748
676	803
676	729
676	758
676	721
676	733
676	777
677	741
677	807
677	781
677	695
678	806
678	696
679	759
679	741
680	805
680	779
680	699
680	793
681	741
681	717
681	800
681	807
681	791
681	695
681	687
682	786
682	689
682	702
683	742
683	688
683	727
683	690
683	763
683	765
684	787
684	744
684	795
684	982
685	704
685	771
685	779
685	809
686	753
686	708
687	759
687	791
687	695
687	807
688	689
688	718
688	786
688	735
689	779
689	702
690	809
690	750
690	724
690	716
690	792
691	773
692	782
692	709
692	738
693	712
693	733
693	810
693	706
695	788
695	741
695	698
695	791
696	778
697	765
697	753
697	705
697	754
697	846
698	717
698	788
699	766
699	708
699	793
699	801
701	762
701	738
701	776
701	725
702	727
703	780
703	794
703	725
704	722
704	742
704	768
705	758
705	777
705	721
705	734
706	726
706	737
706	764
706	810
706	712
708	779
708	750
708	718
708	722
709	762
709	804
710	797
710	735
710	739
710	936
711	753
711	793
711	750
711	722
711	754
711	779
711	767
711	780
712	810
712	774
712	737
713	716
713	792
713	755
713	731
713	786
713	753
714	787
714	732
714	725
714	799
714	804
715	808
715	806
715	778
716	768
716	766
716	792
716	763
717	741
717	800
717	791
718	809
718	754
718	763
719	740
719	773
719	770
719	790
719	853
720	778
721	756
721	900
721	758
721	803
721	922
722	754
723	811
723	805
723	771
723	765
723	754
724	793
725	804
725	776
726	737
726	733
727	763
727	809
727	805
727	731
728	806
728	757
729	756
729	758
729	777
729	734
730	810
730	802
730	774
731	811
731	805
731	767
733	802
733	810
733	737
734	748
734	758
735	739
735	797
736	775
736	751
736	798
736	749
737	774
739	797
740	816
740	770
741	807
741	791
742	786
742	779
742	767
742	755
742	801
743	757
743	783
744	796
746	760
747	761
748	758
748	777
748	924
749	775
749	784
750	810
751	775
751	784
752	792
752	805
754	786
755	805
755	780
756	758
756	803
757	808
757	778
758	803
759	781
759	800
759	788
759	791
762	782
762	776
762	787
763	771
763	809
763	793
763	801
764	774
765	768
766	779
766	811
767	805
767	793
767	792
768	801
768	771
769	790
769	770
769	773
770	790
770	773
770	796
771	811
775	784
776	796
776	795
777	845
781	800
781	788
782	844
782	895
783	785
783	808
783	796
783	806
784	798
785	789
785	808
787	799
787	795
788	807
788	791
789	806
789	993
790	810
791	800
792	805
794	929
796	917
797	874
804	850
806	808
810	883
811	951
812	844
812	942
812	867
812	887
812	909
812	856
812	906
813	977
813	968
813	927
813	863
813	912
813	831
813	916
813	926
814	995
814	830
814	934
814	987
814	960
814	868
814	997
814	943
814	962
815	822
815	966
815	900
815	964
815	931
815	892
815	847
815	859
815	926
815	877
816	836
816	841
816	969
816	854
816	985
816	938
816	867
816	873
816	964
816	976
817	911
817	842
817	890
817	985
817	976
817	979
817	896
817	894
817	966
817	915
818	898
818	921
818	836
818	881
818	892
818	916
818	932
818	926
818	946
818	890
818	999
818	854
818	878
819	882
819	934
819	872
819	851
819	971
819	871
819	953
819	839
819	950
819	995
819	991
820	993
820	865
820	966
820	948
820	920
820	901
820	959
820	936
820	911
820	935
821	958
821	878
821	993
821	858
821	983
821	923
821	970
821	965
821	956
821	928
821	880
821	968
821	988
822	893
822	920
822	914
822	881
822	989
822	886
822	864
822	892
822	949
822	940
823	869
823	962
823	833
823	834
823	897
823	960
823	987
823	883
823	872
823	980
823	876
823	944
823	828
824	841
824	890
824	864
824	965
824	829
824	863
824	921
824	844
824	862
824	957
824	840
824	911
824	959
824	937
825	938
825	917
825	961
825	912
825	841
825	878
825	925
825	891
825	842
825	845
825	892
826	885
826	838
826	829
826	870
826	986
826	972
826	958
826	865
826	895
826	847
826	937
826	948
826	841
827	930
827	871
827	987
827	944
827	897
827	837
828	930
828	996
828	871
828	953
828	998
828	839
828	876
828	833
828	830
828	884
828	971
828	910
828	943
829	990
829	831
829	976
829	940
829	959
829	841
829	955
829	886
829	898
829	836
829	909
829	878
829	929
829	966
829	988
830	995
830	851
830	839
830	850
831	956
831	940
831	967
831	975
831	845
831	915
831	964
831	885
831	903
831	923
831	874
831	848
831	870
831	938
832	841
832	874
832	836
832	994
832	842
832	908
832	975
832	863
832	958
833	995
833	882
833	991
833	850
833	897
833	953
833	910
833	996
834	934
834	851
834	930
834	884
834	871
834	850
834	960
835	878
835	860
835	966
835	959
835	874
835	841
835	981
835	988
835	890
835	994
835	848
835	976
835	979
836	853
836	977
836	966
836	999
836	858
836	925
836	937
836	856
836	928
837	950
837	996
837	871
837	924
837	998
837	882
837	930
837	978
837	861
837	960
838	879
838	870
838	982
838	920
838	964
838	973
838	985
838	968
838	926
838	931
838	961
838	880
838	904
838	908
838	983
838	841
838	844
839	882
839	953
839	998
839	889
839	960
839	876
839	943
840	957
840	948
840	896
840	886
840	898
840	986
840	881
840	959
840	927
840	903
840	969
841	896
841	923
841	974
841	949
841	948
841	863
841	977
841	917
841	842
841	984
841	900
841	956
841	921
841	881
841	918
841	983
842	967
842	880
842	993
842	964
842	919
843	876
843	996
843	960
843	850
843	924
843	962
843	980
843	910
843	953
843	995
844	969
844	952
844	914
844	903
844	951
844	932
844	911
844	894
844	942
844	904
844	856
844	946
844	885
844	993
845	857
845	867
845	932
845	921
845	916
845	981
845	949
845	853
845	957
845	887
846	935
846	970
846	957
846	925
846	986
846	938
846	901
846	903
846	993
847	877
847	899
847	880
847	887
847	906
847	961
847	952
847	858
847	873
847	926
848	912
848	875
848	949
848	928
848	922
848	937
848	913
848	905
848	917
848	970
848	973
849	953
849	960
849	995
849	884
849	991
849	889
849	962
850	995
850	861
850	953
851	998
851	947
851	960
851	882
851	991
851	872
851	910
851	962
851	869
851	889
852	902
852	963
853	898
853	890
853	928
853	912
853	922
853	877
853	964
853	860
853	965
854	859
854	896
854	913
854	874
854	999
854	890
854	857
854	961
855	896
855	870
855	888
855	901
855	981
855	958
855	972
855	878
855	966
855	999
855	957
855	904
855	881
855	911
856	919
856	865
856	926
856	970
856	938
856	886
857	881
857	898
857	903
857	970
857	994
857	901
857	860
857	928
857	875
857	945
857	874
857	958
858	958
858	983
858	888
858	972
858	919
858	903
858	874
858	967
859	899
859	890
859	935
859	879
859	888
859	921
859	923
859	964
859	881
860	961
860	923
860	958
860	880
860	891
860	916
860	951
860	966
861	869
861	997
861	960
861	953
861	987
861	897
862	898
862	951
862	955
862	966
862	925
862	867
862	922
862	994
862	972
862	959
862	985
863	903
863	949
863	964
863	905
863	920
863	893
863	898
863	879
863	878
863	921
864	986
864	911
864	965
864	955
864	909
864	984
864	922
864	983
865	870
865	979
865	916
865	945
865	886
865	892
865	936
865	955
865	935
865	888
865	881
865	967
865	913
865	965
865	928
865	956
866	963
866	989
866	907
867	899
867	968
867	974
867	975
868	997
868	882
868	971
868	872
868	924
868	987
868	889
869	944
869	978
869	872
869	934
869	884
869	910
869	950
869	924
869	882
869	995
870	929
870	955
870	913
870	984
870	894
870	886
870	979
870	923
871	950
871	971
871	884
871	872
871	943
871	960
871	933
872	995
872	943
872	910
872	971
872	998
872	897
872	960
872	947
873	969
873	964
873	958
873	878
873	993
873	896
873	945
873	911
874	938
874	892
874	905
874	936
874	972
874	956
874	878
874	891
875	958
875	892
875	993
875	964
875	914
875	975
875	926
875	974
876	950
876	978
876	971
876	930
877	984
877	911
877	921
877	981
877	970
877	990
877	969
877	903
877	878
877	885
878	906
878	976
878	981
878	905
878	926
878	984
878	952
878	961
878	880
879	925
879	974
879	955
879	961
879	931
879	929
879	916
879	914
879	981
879	906
880	932
880	966
880	981
880	920
880	951
880	949
881	898
881	949
881	912
881	909
881	972
881	964
881	970
882	889
882	987
882	978
882	924
882	897
882	960
882	962
883	998
883	997
883	889
883	924
883	962
883	991
884	998
884	978
884	980
884	962
885	945
885	949
885	922
885	891
885	927
885	888
885	976
885	974
886	966
886	890
886	916
886	936
886	903
886	989
886	923
886	887
887	961
887	970
887	948
887	967
887	974
887	969
887	966
887	925
887	990
887	895
887	986
887	920
887	972
888	969
888	970
888	951
888	983
889	996
889	991
889	998
889	910
889	995
889	934
889	924
889	962
889	950
889	971
890	918
890	895
890	973
891	973
891	915
891	939
891	985
891	949
891	938
892	993
892	896
892	973
892	929
892	928
892	955
892	900
892	989
893	976
893	905
893	918
893	933
893	982
893	927
893	946
893	969
893	935
894	903
894	914
894	939
894	977
894	901
894	926
894	956
894	915
895	979
895	985
895	975
895	958
895	896
895	983
895	936
895	935
895	911
896	903
896	911
896	984
896	993
896	905
896	906
897	998
897	910
897	924
897	943
898	992
898	921
898	908
898	958
898	913
898	903
898	909
899	926
899	939
899	965
899	925
899	945
899	908
899	901
899	994
899	974
900	959
900	951
900	945
900	938
900	909
900	957
900	927
900	994
900	958
900	901
901	940
901	956
901	917
901	946
901	914
902	963
903	964
903	913
903	916
903	906
903	928
903	981
903	959
903	984
903	958
903	912
903	945
904	927
904	993
904	906
904	956
904	970
904	994
904	999
904	935
904	983
904	941
905	957
905	915
905	927
905	937
905	908
906	966
906	946
906	949
906	973
906	964
906	941
906	928
907	963
908	976
908	968
908	973
908	989
908	965
908	942
908	981
908	984
909	933
909	969
909	936
909	922
909	935
909	932
909	986
910	971
911	957
911	959
911	915
911	965
911	918
912	955
912	977
912	933
912	928
912	994
912	986
912	942
912	918
912	952
912	914
913	961
913	938
913	993
913	957
913	994
914	925
914	933
914	979
914	988
914	938
914	917
914	967
915	933
915	957
915	984
915	928
915	966
915	940
916	958
916	969
916	972
916	966
917	983
917	992
917	969
917	989
918	938
918	939
918	988
918	933
918	942
918	992
919	922
919	949
919	931
919	964
919	941
920	974
920	982
920	989
920	970
921	964
921	940
921	952
922	976
922	923
922	970
922	957
922	941
922	925
923	958
923	949
923	948
923	931
924	991
924	943
924	934
924	995
925	979
925	965
925	990
925	952
926	986
926	969
926	939
926	976
927	988
927	981
927	940
927	941
927	984
927	951
927	985
928	937
928	949
928	994
928	957
928	992
928	983
928	939
929	974
929	985
929	972
929	967
930	971
930	998
930	944
930	991
930	995
931	989
931	984
931	948
931	993
931	969
931	946
931	958
932	977
932	979
932	965
932	945
933	993
933	970
933	976
933	945
934	995
934	962
934	978
935	964
935	981
935	986
935	983
936	975
936	974
936	986
936	970
937	942
937	982
938	939
938	965
938	981
939	961
939	946
939	940
939	975
939	964
940	989
940	945
941	999
941	992
941	961
942	974
942	985
942	966
942	981
942	988
943	950
943	947
943	953
943	960
944	978
944	953
944	996
944	950
945	966
945	952
945	974
946	983
946	964
947	996
947	953
947	998
947	962
948	982
948	972
948	967
948	968
948	999
948	990
949	952
949	974
949	957
949	970
950	960
950	980
950	978
950	953
951	965
951	974
951	958
951	967
951	979
952	959
953	962
953	978
953	995
953	996
954	963
955	986
956	990
956	992
956	973
956	957
956	984
957	993
957	994
958	969
959	979
960	978
960	996
961	994
961	974
962	971
962	997
964	965
965	990
966	982
966	967
967	973
968	972
968	983
968	984
968	982
969	977
970	989
971	978
971	987
972	974
972	990
973	985
974	977
975	982
975	990
976	994
976	989
977	993
977	981
977	992
977	979
978	991
978	998
979	994
980	991
980	998
983	992
985	993
987	998
987	996
988	990
989	990
991	998
991	996
992	999
996	997
997	998
