0	557
0	610
0	850
0	543
0	337
0	777
0	978
0	996
0	459
1	639
1	909
1	975
1	947
1	149
2	971
2	669
2	752
2	626
2	933
2	766
2	916
2	665
2	40
3	478
3	806
3	471
3	750
3	487
3	569
4	908
4	815
4	719
4	334
4	332
5	707
5	925
5	678
5	679
6	933
6	629
6	626
6	736
6	713
6	752
6	897
6	756
6	766
6	705
7	9
7	854
7	949
7	13
7	814
7	711
7	315
7	73
7	590
8	11
8	998
8	945
8	649
8	579
8	13
9	13
9	691
9	820
9	898
9	798
9	71
9	73
9	156
9	927
10	13
10	11
10	111
10	814
10	649
10	73
10	655
10	315
10	734
10	322
11	12
11	631
11	945
11	74
11	71
11	711
11	655
11	159
12	734
12	636
12	998
12	684
12	740
12	317
12	320
13	945
13	111
13	740
13	998
13	74
13	848
14	15
14	16
14	298
14	299
14	297
14	95
14	97
14	296
14	995
14	287
15	19
15	18
15	298
15	91
15	299
15	17
15	94
15	780
15	387
16	19
16	297
16	17
16	299
16	296
16	128
16	55
16	615
16	324
17	18
17	297
17	295
17	707
17	484
18	299
18	297
18	295
18	296
18	573
18	557
19	295
19	299
19	297
19	296
19	95
19	97
19	851
19	837
20	294
20	300
20	348
20	92
21	852
21	555
21	837
22	27
23	26
23	166
25	556
26	882
26	545
26	537
27	48
28	121
28	277
28	125
28	737
29	32
30	34
30	121
30	124
30	279
30	275
30	123
31	273
31	274
31	124
31	32
32	34
33	279
34	119
34	121
35	36
35	40
35	167
35	665
35	38
35	690
35	766
35	986
35	606
36	39
36	163
36	952
36	629
36	626
36	161
36	897
36	965
36	761
37	341
37	918
37	372
38	41
38	166
38	165
38	916
38	933
38	552
38	690
38	626
38	862
39	41
39	161
39	167
39	653
39	933
39	965
39	664
40	41
40	669
40	933
40	978
41	940
41	756
41	167
41	592
42	84
42	45
42	43
42	377
42	404
43	45
43	48
43	46
43	456
43	84
43	454
44	47
44	456
44	458
44	46
44	469
45	458
45	113
45	47
45	931
46	454
46	458
46	116
47	48
47	460
47	456
48	113
49	919
49	413
49	712
49	642
49	748
49	970
49	981
50	54
50	258
50	253
50	973
50	764
50	385
51	843
51	256
51	593
51	481
51	618
51	485
51	856
51	587
51	827
51	757
52	53
52	910
52	132
52	383
52	637
52	853
52	794
52	842
52	855
52	968
53	637
53	842
53	130
53	910
53	826
53	795
53	973
53	764
54	257
54	741
54	872
54	383
54	906
54	826
55	550
55	924
55	389
55	685
55	127
55	95
55	573
55	959
55	584
56	62
56	57
56	60
56	352
57	62
57	60
57	353
58	61
58	59
58	292
59	61
60	62
60	464
62	463
63	69
63	66
63	216
63	214
63	213
63	65
63	406
63	242
63	98
63	401
64	67
64	403
64	211
64	100
64	68
65	214
65	216
65	210
65	66
65	400
65	212
65	239
65	243
65	404
66	216
66	215
66	400
66	402
66	69
66	242
66	401
66	101
67	211
67	100
68	403
68	100
69	212
69	213
69	241
69	104
69	405
69	216
69	215
69	702
70	74
70	848
70	73
70	76
70	927
70	597
70	71
70	319
71	73
71	75
71	711
71	655
71	814
71	740
71	317
72	76
72	848
72	655
72	604
72	335
72	636
72	75
72	734
72	597
72	319
73	773
73	854
73	157
73	273
74	740
74	597
74	711
74	814
74	798
75	691
75	335
75	321
75	684
76	631
76	579
76	773
76	898
76	691
76	317
77	817
77	78
77	823
77	749
77	994
77	714
77	544
78	994
78	746
78	817
78	611
78	83
78	867
78	889
79	83
79	714
79	954
79	976
79	776
79	817
79	962
79	824
79	844
80	724
80	944
80	967
80	722
80	537
81	83
81	586
81	749
81	962
81	611
81	824
81	817
81	823
81	821
82	811
82	895
82	807
82	839
83	556
83	821
83	714
83	749
83	544
83	817
84	89
84	90
85	87
85	86
85	446
85	453
86	88
86	87
86	448
87	88
87	449
88	446
88	449
89	90
91	96
91	97
91	95
91	94
91	295
91	298
91	131
91	128
91	685
92	300
92	294
92	93
93	958
93	294
94	95
94	97
94	96
94	296
94	299
94	298
94	420
94	615
95	96
95	97
95	299
95	612
95	297
96	307
96	97
96	985
96	295
96	297
96	924
96	120
97	685
97	127
97	390
97	387
98	99
98	102
98	103
98	240
98	244
98	402
98	400
98	399
98	401
99	103
99	242
99	239
99	401
99	406
99	150
100	403
101	103
101	244
101	210
101	213
101	102
102	103
102	243
102	173
102	240
102	405
102	210
103	242
103	240
103	164
104	241
104	244
104	242
104	399
104	314
105	107
105	803
105	972
105	603
105	917
105	980
105	703
105	588
105	633
105	137
106	110
106	938
106	698
106	917
106	869
106	107
106	801
106	845
106	109
106	133
107	632
107	555
107	572
107	904
107	882
107	591
107	999
108	938
108	845
108	951
108	547
108	732
108	716
109	110
109	608
109	904
109	847
109	772
109	845
109	783
109	953
110	680
110	852
110	988
110	223
111	579
111	684
111	700
111	995
111	927
111	848
111	321
111	597
112	115
112	463
112	461
112	467
112	455
112	439
112	438
113	454
113	456
113	458
113	116
113	460
114	455
114	464
114	465
114	466
114	461
114	467
114	463
114	336
114	858
114	438
114	574
114	739
115	461
115	466
115	464
115	455
115	465
115	356
115	574
115	779
115	963
115	546
116	460
116	454
116	458
117	457
117	462
117	459
117	557
118	462
118	459
118	557
118	850
118	996
119	121
119	122
119	273
119	120
120	276
120	123
120	122
120	274
120	277
120	124
120	121
121	273
121	125
121	123
122	124
122	276
122	274
122	851
123	276
123	277
123	274
123	279
124	125
124	277
124	273
124	278
125	279
125	275
125	274
126	127
126	612
126	389
126	573
126	128
126	685
126	520
126	174
127	128
127	550
127	390
127	851
127	573
127	584
127	612
128	390
128	389
128	573
128	559
129	130
129	132
129	826
129	254
129	542
129	910
129	968
129	435
130	383
130	385
130	384
130	797
130	826
130	794
130	795
131	765
131	851
131	615
131	296
131	811
132	386
132	637
132	383
132	384
132	388
132	254
132	786
132	968
133	137
133	136
134	135
135	137
135	529
135	840
136	138
136	139
138	869
138	532
138	463
138	441
138	298
140	145
140	141
140	146
140	166
141	145
141	146
142	144
142	306
142	909
142	361
143	304
143	302
144	305
144	306
144	656
145	146
145	810
146	324
147	152
147	149
147	172
147	173
147	174
147	153
147	170
147	309
147	151
147	169
148	150
148	153
148	151
149	170
149	171
149	153
149	172
149	168
150	151
150	172
150	152
150	169
150	174
151	170
151	173
151	171
151	152
151	168
152	169
152	168
153	171
153	172
153	174
153	817
154	157
155	156
156	158
156	631
156	949
156	159
156	205
157	700
157	332
158	949
158	321
158	655
158	961
159	579
159	160
160	898
160	691
161	165
161	164
161	163
161	699
161	719
161	690
162	599
162	607
163	167
163	606
163	965
163	736
163	971
164	165
164	166
164	629
164	756
164	940
164	862
164	986
164	167
165	166
165	690
165	343
165	952
165	713
165	653
166	167
166	669
166	665
166	952
166	713
167	736
167	818
167	862
167	766
168	172
168	170
168	171
168	169
168	173
169	172
169	171
169	173
170	172
170	427
171	173
171	174
172	173
172	174
173	174
175	285
175	281
175	362
175	179
175	176
176	363
176	364
176	178
176	366
177	286
177	284
177	365
177	280
178	366
178	281
178	179
178	363
178	180
178	361
179	180
179	281
179	285
179	360
179	361
179	883
180	366
180	363
180	361
180	360
180	827
180	282
181	280
181	359
181	283
181	286
181	284
182	184
182	197
182	271
183	185
183	270
183	188
183	187
183	186
184	187
184	200
184	201
184	272
184	188
185	188
185	186
185	202
185	267
185	269
185	197
185	270
185	196
186	188
186	201
186	196
187	267
187	270
187	200
187	202
187	197
188	269
188	199
188	268
188	711
188	997
189	978
189	850
189	190
189	610
189	777
190	543
190	850
190	978
190	564
191	884
191	644
191	577
191	621
191	841
191	568
191	511
191	873
192	963
192	808
192	581
192	558
192	760
192	941
192	541
192	829
192	562
192	463
193	731
193	339
193	816
193	624
193	828
193	790
194	793
194	909
194	902
194	768
194	977
194	964
194	975
194	840
194	937
195	336
195	808
195	922
195	541
195	779
195	465
195	574
195	598
196	199
196	198
196	269
196	272
196	900
197	198
197	200
197	268
197	269
198	199
198	200
198	266
198	201
198	270
199	201
199	271
199	272
199	641
200	201
200	202
200	268
200	266
200	333
201	272
201	266
201	271
201	269
202	266
202	267
203	206
203	209
204	208
204	919
204	666
204	981
205	207
205	645
206	209
206	496
207	857
207	254
207	409
208	755
208	919
210	215
210	212
210	401
210	399
210	214
212	214
212	213
212	399
212	215
212	401
212	238
212	223
213	214
213	215
213	216
213	243
213	404
214	216
214	215
214	400
214	401
214	239
215	216
215	404
215	239
215	399
216	404
216	239
216	399
217	220
217	219
218	219
220	547
220	697
220	438
221	223
224	225
224	229
225	426
225	754
226	229
226	272
227	784
228	230
230	433
230	581
231	234
232	235
232	751
233	234
233	574
234	237
237	995
238	241
238	239
238	240
238	242
238	399
239	244
239	243
239	401
239	762
240	241
240	244
240	404
241	242
241	404
241	402
242	243
242	284
243	406
244	399
245	248
245	249
245	357
245	396
245	394
245	395
245	683
246	247
246	251
246	392
246	395
246	393
247	250
247	249
247	398
248	394
248	391
249	396
249	920
250	396
251	398
251	349
252	674
252	470
252	619
252	476
252	282
253	257
253	258
253	255
253	718
253	579
253	794
254	786
254	855
254	853
254	542
254	553
254	386
254	857
255	257
255	258
255	645
255	991
255	623
255	616
255	696
255	553
255	838
256	618
256	587
256	571
256	595
256	479
256	474
256	757
256	903
257	258
257	838
257	741
257	857
257	797
258	764
258	973
258	838
258	675
258	906
258	795
259	261
259	264
259	263
259	293
260	265
260	262
261	263
261	264
261	292
262	265
263	264
263	290
264	288
265	286
266	269
266	272
266	268
267	271
268	272
268	271
269	270
269	271
270	271
270	272
270	740
273	275
273	279
273	274
273	899
273	548
274	279
275	278
275	276
276	278
276	993
280	283
280	359
280	284
280	365
280	286
281	363
281	282
281	366
281	360
281	285
282	285
282	364
282	362
282	360
282	594
283	286
283	359
283	284
283	365
283	287
284	359
285	360
285	361
286	365
286	359
287	288
287	289
287	290
287	293
287	291
287	292
288	292
288	290
288	291
288	289
288	940
289	291
289	292
289	440
290	292
290	293
290	291
291	292
291	293
291	388
292	293
292	559
292	948
294	958
295	296
295	837
295	550
295	521
296	297
296	298
296	299
297	298
297	299
298	924
298	432
299	758
300	442
301	307
301	303
302	304
303	307
305	306
305	639
305	601
306	791
308	312
308	314
308	311
308	828
309	313
309	310
310	313
311	314
311	312
311	315
312	314
312	690
315	631
315	773
315	316
315	927
315	740
315	321
316	317
316	319
316	655
316	504
317	318
317	798
318	998
318	391
319	604
319	691
319	998
319	898
320	321
320	684
320	933
321	734
321	684
322	327
322	323
322	325
322	428
322	426
322	328
323	427
323	325
324	328
324	327
324	326
324	431
324	432
325	328
325	425
325	430
325	326
327	426
327	433
327	328
327	837
328	421
328	550
328	780
329	332
329	908
329	809
329	546
329	659
329	789
329	752
330	956
330	913
330	710
330	516
331	984
331	893
331	654
331	890
331	580
331	744
331	880
331	936
332	659
332	770
332	586
333	893
333	668
334	894
334	789
334	908
334	719
334	809
334	815
334	673
335	684
335	961
335	579
335	691
335	734
335	898
335	700
335	636
336	769
336	708
336	892
336	963
336	808
336	651
336	660
336	443
337	777
337	860
337	996
338	833
338	601
338	909
338	964
338	656
338	865
338	643
339	828
339	731
339	816
339	624
339	790
340	731
340	624
341	688
341	918
341	942
341	583
342	643
342	735
342	870
343	348
343	588
344	348
345	349
346	349
347	350
347	905
347	790
348	717
350	600
351	354
351	357
351	358
351	393
352	355
352	356
352	353
353	356
353	355
354	358
354	357
354	394
355	356
355	708
357	358
358	395
359	365
360	363
360	364
360	361
360	366
360	362
361	363
361	364
362	363
362	366
362	364
363	366
363	821
363	917
364	366
365	402
367	373
367	372
367	371
367	374
367	918
368	370
368	369
369	370
371	373
371	372
372	373
372	374
373	374
373	688
374	688
375	702
375	886
375	715
375	831
375	974
375	378
376	974
376	899
376	715
376	866
376	914
376	377
376	702
377	899
377	974
377	866
377	702
378	715
378	565
378	875
378	914
379	745
379	861
379	545
379	871
379	911
380	672
380	890
380	614
380	580
380	668
380	943
380	497
380	622
381	702
381	899
381	886
382	983
382	789
383	386
383	388
383	826
383	855
383	553
383	542
384	386
384	388
384	385
384	797
384	795
384	397
385	386
385	675
385	388
385	842
385	797
385	553
385	542
386	388
386	855
386	842
386	853
386	637
387	390
387	389
387	573
387	685
387	780
387	924
388	842
388	741
388	623
388	853
389	390
389	851
389	638
389	693
390	615
390	559
390	550
390	425
390	432
391	395
391	393
391	394
391	397
391	398
391	396
392	397
392	394
392	396
393	396
393	395
394	398
394	865
395	397
395	396
395	398
396	398
396	543
398	827
399	401
399	405
400	406
400	402
400	404
402	404
404	775
405	406
407	992
407	712
407	859
407	413
407	412
407	686
408	681
408	540
408	414
408	887
408	849
408	900
408	775
409	411
409	415
409	781
409	645
409	768
410	979
410	887
411	415
411	795
411	872
411	623
411	741
412	413
412	737
412	706
413	737
413	755
413	825
414	775
414	570
414	836
415	696
415	872
415	764
415	991
416	417
416	424
416	420
416	472
417	419
417	421
417	423
417	418
417	422
418	421
418	423
418	422
419	424
419	421
420	424
421	422
421	423
421	712
421	818
421	761
423	424
423	924
425	428
425	429
425	427
425	426
426	429
426	431
426	837
426	685
427	429
427	431
428	433
428	432
428	924
429	431
429	432
430	432
430	876
431	433
431	612
432	433
433	612
434	463
434	437
434	558
434	580
435	436
435	574
436	437
436	443
436	834
436	465
436	463
437	892
437	834
437	760
437	932
437	739
437	765
438	440
438	562
438	708
438	511
439	769
439	463
439	963
439	723
440	467
440	464
440	461
441	963
441	834
441	442
441	589
442	609
442	455
442	858
443	760
443	496
443	519
444	445
444	450
444	451
444	447
444	452
445	451
445	450
445	590
446	453
446	448
447	452
447	450
448	449
448	453
449	453
450	452
450	600
450	957
451	452
451	747
452	767
454	456
454	458
454	460
455	466
455	464
455	467
455	461
455	829
457	462
457	543
457	668
458	460
459	462
459	557
461	465
461	467
461	464
461	466
461	609
461	558
462	996
463	466
463	465
463	941
463	892
464	467
464	466
464	465
464	723
464	935
464	892
465	467
465	466
465	541
465	932
465	760
466	467
466	941
466	574
466	760
467	708
467	858
467	779
468	471
468	487
468	478
468	469
468	806
468	486
468	634
468	868
469	487
469	634
470	484
470	476
470	989
470	585
470	674
470	774
471	486
471	478
471	750
471	487
472	473
472	482
473	482
474	485
474	587
474	635
474	843
474	796
474	582
475	481
475	479
475	827
475	657
475	587
475	763
475	903
475	856
475	757
476	585
476	549
476	677
476	774
477	742
477	729
477	483
477	488
479	485
479	481
479	946
479	920
479	663
479	582
479	805
479	856
480	742
480	483
480	694
480	567
480	959
480	721
481	485
481	946
481	843
481	804
481	763
481	903
481	568
483	694
483	729
483	969
484	822
484	774
484	662
484	605
484	677
484	585
485	730
485	635
485	582
485	587
485	856
485	804
486	634
486	928
486	709
487	750
487	806
488	782
488	742
488	959
488	726
489	504
489	507
489	493
489	503
489	500
489	501
489	505
490	495
490	491
490	500
490	501
490	509
490	505
490	502
490	503
491	501
491	495
491	504
491	496
491	502
491	499
491	508
491	507
492	506
492	494
493	503
493	505
493	509
493	495
493	497
493	499
493	507
493	496
494	506
495	502
495	498
495	503
495	507
496	500
496	508
496	502
496	497
496	507
496	504
497	508
497	500
497	498
497	509
497	504
498	499
498	505
498	504
498	502
498	810
499	500
499	508
499	503
500	502
500	503
500	507
500	509
500	553
501	508
501	504
501	505
501	509
502	509
502	505
502	508
502	507
503	508
503	507
503	648
504	505
504	508
505	508
505	509
507	508
509	916
509	518
509	681
510	530
510	537
510	533
510	528
511	524
511	517
511	518
511	922
512	533
512	513
512	528
512	515
512	522
512	530
512	536
513	516
513	536
513	537
513	523
513	515
514	532
514	517
514	521
514	538
515	522
515	535
515	523
515	913
515	527
516	528
516	519
516	523
516	527
516	530
516	522
516	535
516	536
516	956
516	692
517	520
517	534
517	526
517	532
517	525
518	525
518	538
518	524
518	539
519	533
519	967
519	535
519	530
520	539
520	529
520	532
521	526
521	534
522	531
522	523
522	528
522	530
522	535
522	724
522	537
522	722
523	537
523	535
523	970
524	534
524	526
525	538
525	532
526	534
526	532
526	538
527	530
527	536
527	528
528	535
530	533
530	531
530	710
531	535
531	533
532	925
533	537
533	535
533	956
534	539
535	537
535	536
535	934
536	537
537	944
537	765
538	539
540	785
540	640
540	775
540	570
540	887
540	687
541	935
541	723
541	858
541	708
541	808
542	853
542	797
542	794
542	826
542	842
543	777
543	850
543	978
543	996
544	817
544	738
544	867
544	749
544	556
544	889
544	823
544	926
545	871
545	745
545	861
546	908
546	789
546	929
546	894
546	659
547	938
547	987
547	608
547	901
547	999
547	682
547	591
547	551
547	717
547	819
548	601
548	948
548	909
548	964
548	937
549	693
549	585
549	677
549	774
549	619
549	662
549	650
549	674
550	615
550	573
550	924
551	999
551	863
551	980
551	951
551	877
551	572
551	921
551	869
551	939
551	575
551	727
552	897
552	752
552	617
552	606
552	690
552	933
552	736
552	630
552	563
552	665
553	826
553	855
553	910
553	675
553	842
553	786
554	836
554	775
554	687
555	703
555	647
555	912
555	627
555	846
555	921
555	904
555	901
555	588
555	575
556	817
556	762
556	746
556	749
556	824
556	962
556	994
556	776
556	611
556	881
556	586
557	610
557	850
557	978
557	564
557	777
557	996
557	860
558	562
558	892
558	922
558	769
558	723
558	609
558	829
558	651
559	765
559	851
559	924
559	612
559	942
559	733
560	782
560	959
560	694
561	966
561	705
561	997
561	810
561	563
561	613
561	788
562	922
562	574
562	609
562	829
562	651
562	723
563	788
563	664
563	620
563	966
563	971
564	978
564	777
564	733
564	610
565	715
565	914
565	974
565	831
565	875
566	622
566	919
566	981
566	859
566	671
566	712
566	748
567	726
567	878
567	969
567	729
567	782
567	694
567	742
568	644
568	841
568	594
568	873
568	787
568	621
569	868
569	928
569	634
570	836
570	720
570	640
570	681
570	754
571	587
571	593
571	618
571	827
571	903
571	805
571	663
571	595
571	763
571	730
572	921
572	987
572	888
572	938
572	915
572	778
572	727
572	701
572	628
573	924
573	685
573	851
574	808
574	609
574	922
574	769
574	581
574	760
575	743
575	783
575	987
575	877
575	939
575	652
576	695
576	819
576	990
576	778
576	732
576	905
576	603
576	877
576	938
576	879
576	847
576	602
577	787
577	873
577	594
577	644
577	884
578	830
578	904
578	727
578	701
578	588
579	798
579	711
579	684
579	998
579	814
579	961
579	927
579	636
580	890
580	943
580	744
580	654
580	983
580	893
581	760
581	963
582	827
582	843
582	730
582	635
582	763
582	946
582	920
582	593
582	903
583	909
583	768
583	902
583	625
583	661
583	799
583	977
583	833
584	612
584	837
584	765
584	615
584	924
584	780
585	674
585	774
585	605
586	714
586	954
586	746
586	823
586	844
586	817
586	762
586	994
586	881
587	843
587	657
587	595
587	946
587	663
587	903
587	805
588	921
588	917
588	778
588	771
588	767
588	703
588	727
588	953
588	698
588	819
588	590
588	988
589	598
589	704
589	955
589	993
590	701
590	591
590	905
590	879
590	647
590	917
590	921
590	912
590	756
591	602
591	682
591	783
591	753
591	778
592	788
592	705
592	620
592	997
592	664
592	966
593	663
593	804
593	618
593	920
594	787
594	884
594	931
595	663
595	757
595	856
595	657
596	759
596	876
596	839
596	813
597	854
597	734
597	636
597	998
597	798
597	945
597	740
598	993
598	704
598	808
599	607
600	676
600	888
600	680
600	951
600	670
600	602
600	939
601	937
601	975
601	865
601	799
601	840
601	964
602	951
602	888
602	923
602	939
602	904
603	753
603	670
603	647
603	830
603	680
603	847
603	767
603	999
603	987
604	949
604	649
604	961
604	655
604	927
604	814
604	854
604	631
604	691
605	693
605	650
605	674
605	662
605	935
606	761
606	653
606	699
606	728
606	630
606	669
608	778
608	847
608	882
608	743
608	703
608	863
608	877
608	972
609	834
609	808
609	829
609	941
609	708
609	769
609	922
609	935
609	891
610	850
610	733
611	962
611	867
611	994
611	954
611	976
611	821
611	746
611	844
612	615
612	780
612	851
613	997
613	620
613	810
613	770
613	617
614	890
614	668
614	880
614	792
614	744
614	943
615	837
615	924
615	851
616	906
616	968
616	696
616	991
616	741
617	653
617	713
617	952
617	630
617	940
617	971
617	756
617	986
618	757
618	856
618	843
618	763
618	804
619	662
619	677
619	693
619	650
619	822
619	989
620	788
620	705
620	728
621	864
622	642
622	970
622	686
622	648
622	706
623	645
623	781
623	802
623	696
623	855
624	828
624	816
625	840
625	656
625	909
625	964
625	768
625	799
625	947
625	833
626	752
626	653
626	897
626	665
626	728
626	713
626	952
626	630
626	788
627	950
627	999
627	632
627	676
627	801
627	747
627	953
628	987
628	680
628	830
628	896
628	716
628	863
628	695
629	713
629	818
629	761
629	752
629	952
629	699
630	940
630	699
630	766
630	690
630	897
630	744
631	820
631	691
631	649
631	773
631	636
631	949
631	854
631	655
631	898
632	904
632	921
632	951
632	647
632	732
632	999
632	771
633	950
633	753
633	988
633	869
633	801
633	917
633	972
634	868
634	709
635	843
635	657
635	730
635	827
635	749
635	663
636	655
636	700
636	649
636	798
636	820
636	945
636	814
636	848
636	949
636	691
637	794
637	675
637	797
637	984
638	775
638	979
639	833
639	799
639	840
639	975
639	661
639	964
640	720
640	887
640	785
641	679
641	725
641	678
641	721
641	707
642	812
642	748
642	648
642	919
642	737
642	671
642	706
643	870
643	735
644	787
644	864
644	884
644	782
645	764
645	968
645	838
645	696
645	741
646	939
646	727
646	701
646	912
646	960
647	904
647	695
647	980
647	896
647	847
647	743
647	901
648	748
648	658
648	930
648	712
648	751
648	919
648	692
649	798
649	945
649	949
649	691
651	932
651	963
651	892
651	769
651	760
651	708
651	660
651	941
651	836
652	912
652	891
652	667
652	915
652	717
652	670
653	971
653	690
653	986
653	818
653	752
653	952
653	788
653	669
654	983
654	984
654	936
655	691
655	700
655	848
655	945
655	734
655	740
655	711
655	773
656	865
656	661
656	799
656	975
656	793
656	947
656	768
656	977
657	796
657	663
658	825
658	992
659	789
659	719
659	673
659	770
660	739
660	858
660	808
660	760
660	963
660	922
660	932
660	966
661	791
661	948
661	977
662	693
662	822
663	946
663	941
664	705
664	966
665	756
665	690
665	971
665	940
665	728
665	952
666	981
666	930
666	919
666	825
666	686
667	905
667	819
667	771
667	732
668	984
669	818
669	897
669	965
670	830
670	863
670	682
670	999
670	778
670	877
670	904
671	692
671	919
671	755
672	893
673	719
673	894
673	809
673	815
674	989
675	794
675	696
675	853
676	819
676	727
676	891
676	939
676	882
676	951
676	771
676	901
676	863
677	774
677	693
677	822
678	907
678	721
678	707
678	725
678	925
679	721
679	925
679	707
679	725
680	879
680	847
680	972
680	938
680	869
680	767
680	915
680	852
681	754
681	979
682	819
682	960
682	835
682	778
683	861
683	871
683	911
683	745
683	878
683	793
684	927
684	995
684	820
684	798
684	898
684	961
684	734
684	949
685	780
685	765
685	837
685	851
686	825
686	800
687	720
687	887
688	942
688	918
689	994
689	889
689	762
690	933
690	736
690	897
690	752
691	734
691	854
691	848
691	820
691	798
691	814
692	712
692	706
692	800
692	970
692	930
693	822
694	878
694	742
694	782
694	891
695	877
695	701
695	960
695	980
695	845
695	990
695	888
696	781
696	741
696	802
696	718
696	991
696	764
697	883
697	838
697	968
698	743
698	830
698	753
698	939
698	877
698	988
699	736
699	761
700	898
700	998
700	945
700	820
700	773
700	949
700	711
701	717
701	988
701	923
701	957
701	938
702	831
702	899
702	715
703	772
703	950
703	845
703	747
703	957
704	955
704	993
704	834
705	966
705	788
705	997
706	930
706	859
706	986
707	725
707	832
707	925
708	723
708	941
708	769
708	892
709	868
710	913
710	874
710	956
711	773
711	898
711	740
711	945
711	961
712	919
712	930
712	812
712	748
712	751
713	940
713	986
713	897
713	752
713	766
714	844
714	889
714	823
714	994
714	881
714	746
714	976
714	954
714	824
715	914
715	866
715	875
715	974
716	801
716	901
716	772
716	912
716	869
716	846
716	835
717	921
717	901
717	990
717	803
718	781
718	764
718	906
718	802
719	894
719	929
720	979
720	775
721	907
721	832
721	725
722	724
722	967
722	944
723	858
723	779
723	892
723	769
723	739
724	967
724	944
725	925
725	907
727	819
727	882
727	891
727	877
727	852
727	912
727	743
727	999
727	845
728	952
728	752
728	940
728	986
728	933
728	763
728	766
729	959
729	969
729	782
730	805
730	903
730	763
730	946
730	843
731	982
731	790
732	960
732	801
732	912
732	767
733	850
733	978
733	996
733	860
734	995
734	740
734	949
734	773
734	998
735	870
735	902
736	965
736	862
736	752
736	940
737	812
737	981
737	800
737	992
737	784
738	776
738	889
738	976
738	844
738	962
738	994
738	881
738	762
738	867
739	941
739	834
739	932
739	858
739	963
739	935
739	829
739	922
739	832
740	798
740	848
740	854
740	949
740	961
741	857
741	883
741	991
742	934
742	959
743	917
743	987
744	792
744	880
744	943
744	893
744	984
744	983
745	861
745	871
745	911
746	867
746	762
746	994
746	823
746	962
747	767
747	830
747	904
747	778
747	988
747	951
748	800
748	859
748	751
748	784
748	812
748	981
748	992
749	867
749	881
749	824
749	817
749	762
749	889
749	926
750	868
750	928
751	885
752	940
752	897
752	952
752	916
753	951
753	835
753	815
753	990
754	836
754	887
754	900
754	785
755	859
755	812
755	885
756	940
756	862
756	916
756	818
757	843
757	827
757	805
757	804
758	985
759	813
759	876
759	839
760	779
760	808
760	769
761	916
761	971
761	940
761	766
761	933
761	809
762	926
762	844
762	823
762	976
763	843
763	805
763	856
763	920
764	857
764	795
765	924
765	837
766	916
766	986
766	971
767	990
768	977
768	865
768	947
768	902
768	793
768	964
768	909
769	858
769	935
769	779
769	932
769	829
770	908
770	809
770	789
770	920
771	988
771	877
771	869
772	905
772	819
772	951
772	987
772	938
773	927
773	848
773	945
774	989
774	822
775	836
775	849
776	889
776	994
776	926
776	881
778	957
778	882
779	941
779	829
779	892
780	851
781	857
781	968
781	973
781	802
782	878
782	969
783	904
783	846
783	905
783	966
784	812
786	842
786	910
787	884
788	874
788	810
789	908
790	982
790	828
790	816
791	977
791	833
791	975
791	937
792	890
792	880
793	833
793	975
793	840
793	909
793	865
794	797
794	853
795	991
795	857
796	804
796	827
796	843
796	856
796	892
797	853
797	842
797	883
798	854
798	820
798	848
798	995
798	949
798	927
798	814
798	945
799	977
799	948
799	964
799	865
800	812
800	859
801	987
801	923
801	830
801	951
801	905
802	883
802	906
802	973
802	991
802	968
803	901
803	912
803	845
803	904
803	980
803	923
804	856
805	843
805	903
805	920
806	868
807	895
807	811
807	848
809	929
809	908
811	895
812	981
812	914
813	839
813	876
813	895
814	949
814	854
814	820
815	908
816	982
816	828
816	947
817	954
817	926
817	824
818	916
818	897
819	917
819	869
820	945
820	998
821	867
821	844
821	824
821	954
821	962
821	926
822	989
823	976
823	867
823	926
823	824
824	994
824	844
824	962
825	992
826	842
826	906
826	910
827	946
828	982
829	834
829	963
829	858
829	935
830	912
830	999
830	888
830	901
831	974
831	866
831	875
831	886
832	907
832	925
833	909
833	975
833	865
834	941
834	963
834	935
834	922
834	932
835	990
835	882
835	951
835	905
836	849
838	968
838	906
838	973
839	876
840	937
840	865
840	964
840	902
840	947
841	931
842	853
843	920
843	856
844	976
844	889
844	881
844	954
845	990
845	939
845	921
845	917
845	877
845	852
845	863
845	888
846	901
847	921
847	988
847	953
848	961
848	998
848	995
848	949
849	900
850	978
851	924
852	915
852	960
852	950
852	980
853	910
854	995
854	998
854	898
854	945
856	946
856	920
858	892
858	963
858	932
859	992
860	978
861	911
862	916
862	933
863	877
863	891
863	904
863	905
864	884
864	873
865	975
865	977
866	875
866	974
866	914
866	899
867	889
868	928
869	912
869	980
870	965
871	911
873	931
874	913
874	956
875	914
877	990
879	988
879	953
879	923
880	890
880	943
880	893
880	936
881	954
882	915
882	950
882	904
882	888
884	931
885	930
886	974
888	915
888	999
889	994
889	954
889	962
890	984
891	904
891	901
891	957
891	912
892	941
892	922
893	984
894	908
896	905
896	987
896	980
896	904
897	965
897	971
897	952
898	995
899	974
901	987
901	938
901	921
902	975
902	909
902	948
902	937
902	964
904	990
904	960
904	950
904	957
905	988
905	923
906	973
909	975
912	923
912	999
912	957
914	974
916	986
916	971
917	980
918	942
921	950
922	941
922	932
923	951
923	939
927	995
927	961
933	940
936	983
936	943
937	964
938	939
939	972
939	950
939	987
942	975
943	984
944	967
945	995
945	998
947	977
948	964
949	998
952	965
952	971
953	972
954	976
955	993
960	972
961	995
964	977
966	997
970	981
970	992
971	986
972	988
975	977
978	996
981	992
983	984
995	998
