0	937
0	2
0	670
0	827
0	809
0	803
0	725
0	714
0	778
0	858
0	984
0	825
0	472
0	99
0	658
0	29
1	906
1	189
1	160
1	194
1	178
1	181
1	604
2	670
2	803
2	725
2	937
2	714
2	984
2	827
2	809
2	858
2	778
3	783
3	708
3	622
3	828
3	544
3	156
3	846
4	846
4	997
4	699
4	982
4	980
4	814
4	328
4	908
5	606
5	38
5	40
5	39
5	615
5	630
5	955
5	724
5	712
6	954
6	624
6	703
6	171
6	885
6	741
6	170
6	953
7	13
7	9
7	120
7	10
7	459
7	560
7	471
7	443
7	465
7	267
7	511
7	430
7	556
7	559
7	266
7	362
7	849
7	622
8	124
8	11
8	119
8	693
8	439
9	13
9	10
9	120
9	465
9	559
9	471
9	459
9	266
9	450
9	366
9	362
10	13
10	120
10	559
10	465
10	560
10	556
10	450
10	443
10	471
10	199
10	651
11	125
11	124
11	119
11	765
12	436
12	331
12	336
12	334
12	959
12	754
12	649
12	724
12	367
12	831
13	120
13	559
13	443
13	450
13	556
13	267
13	459
13	471
13	266
14	15
14	19
14	107
15	19
16	17
16	743
16	947
16	797
17	743
17	845
17	797
18	854
18	969
18	900
18	958
20	629
20	979
20	634
20	27
21	26
21	25
22	27
22	63
22	65
22	69
22	66
22	337
22	157
23	24
23	67
23	68
23	279
23	284
24	67
24	64
24	68
24	267
25	26
25	43
27	65
27	63
27	66
27	69
27	400
28	166
28	113
29	30
29	152
29	153
29	33
29	32
29	167
29	594
29	586
29	582
30	150
30	32
30	33
30	31
30	575
30	602
30	603
30	162
30	576
31	33
31	151
31	152
31	32
31	598
31	240
31	783
31	586
31	579
32	150
32	148
32	33
32	594
32	597
32	589
32	276
33	152
33	151
33	148
33	153
33	167
33	165
34	149
34	568
34	599
34	38
35	41
35	646
35	704
35	675
35	728
35	867
35	609
36	873
36	159
36	872
36	639
36	874
36	673
36	612
36	839
36	835
37	544
37	783
37	619
38	39
38	40
38	416
38	674
38	417
38	568
38	283
38	376
38	375
39	40
39	417
39	606
39	256
39	863
39	260
39	404
40	674
40	606
40	416
40	283
40	599
40	124
40	948
40	919
41	867
41	728
41	550
41	613
41	675
41	328
41	510
41	646
41	964
42	46
42	44
43	48
43	45
43	47
43	107
44	46
45	47
45	48
45	106
47	48
47	107
48	106
49	55
49	52
49	54
49	460
49	469
49	53
49	414
49	466
50	458
50	321
51	467
51	464
51	415
51	411
51	286
52	469
52	53
52	55
52	54
52	460
52	414
52	476
53	55
53	54
53	469
53	460
53	254
54	55
54	460
54	469
54	414
54	640
54	316
55	469
55	443
56	60
56	62
56	59
56	61
56	58
56	57
56	839
56	548
56	673
57	59
57	60
57	62
57	61
57	58
57	635
57	667
57	695
57	882
58	60
58	59
58	62
58	61
58	242
58	382
58	919
58	267
59	61
59	60
59	62
59	873
59	557
59	874
59	491
60	62
60	61
60	919
60	639
60	557
60	608
61	62
61	339
61	548
61	608
61	839
62	667
62	673
63	69
63	65
63	66
63	73
64	68
64	67
64	977
64	150
65	66
65	69
66	69
66	279
66	131
67	68
67	157
68	373
69	632
70	74
70	73
70	76
70	859
70	790
70	277
70	308
70	786
71	73
71	76
71	74
71	822
71	786
71	801
71	764
71	311
71	948
72	701
72	309
72	960
72	760
72	665
72	316
73	76
73	74
73	859
73	764
74	76
74	993
74	764
74	306
74	822
75	719
75	313
75	713
75	168
76	790
76	859
76	773
76	734
76	308
77	83
77	81
77	78
77	503
77	488
77	496
77	80
77	494
77	495
77	502
77	87
77	493
77	792
78	80
78	81
78	83
78	491
78	493
78	495
78	498
78	488
78	503
78	502
78	847
78	718
79	82
79	216
79	489
79	767
80	83
80	81
80	496
80	502
80	494
80	503
80	488
80	214
80	498
80	493
80	491
81	503
81	210
81	491
81	493
81	495
81	496
81	83
81	502
81	498
81	494
81	893
81	488
81	873
81	675
81	606
82	489
82	216
82	767
83	498
83	502
83	488
83	494
83	491
83	496
83	503
83	493
83	462
84	89
84	87
85	86
85	88
85	126
85	146
86	90
86	88
86	683
87	89
88	90
88	300
90	670
90	643
91	94
91	95
91	93
91	750
92	98
92	103
93	94
93	95
93	129
94	95
95	450
96	97
96	447
97	447
98	100
98	102
98	220
98	223
98	103
98	217
98	219
98	222
98	726
99	104
99	221
99	565
99	101
99	418
99	842
100	222
100	102
100	218
100	223
100	220
100	365
100	219
100	701
101	104
101	221
101	766
101	644
101	988
102	222
102	220
102	218
102	103
102	952
102	223
102	219
103	223
103	217
103	218
103	222
103	220
103	636
103	379
104	565
104	803
104	988
105	111
105	108
106	109
106	110
106	107
107	109
107	110
108	111
109	110
109	621
109	594
112	724
112	959
113	114
113	115
113	118
114	118
114	115
114	466
115	118
115	466
116	117
117	368
118	566
119	124
119	125
119	236
120	471
120	459
120	362
120	450
120	547
120	366
120	878
120	512
120	331
120	838
121	123
121	122
121	158
121	457
121	470
121	366
121	461
121	162
122	123
122	470
122	461
122	457
122	158
122	782
122	237
123	461
123	470
123	457
123	976
123	778
123	779
124	125
125	373
125	498
126	128
126	816
126	614
126	663
126	785
126	129
126	765
126	616
126	132
126	888
126	810
126	638
126	479
126	962
127	838
127	626
127	404
127	528
127	403
127	525
127	948
127	131
127	399
127	742
127	939
127	706
127	818
127	808
128	129
128	616
128	132
128	505
128	638
128	888
128	785
128	632
128	810
128	765
128	925
128	795
128	816
128	663
128	614
128	781
129	888
129	616
129	810
129	632
129	505
129	663
129	765
129	614
129	132
129	785
129	202
130	836
130	824
130	687
130	896
130	755
130	970
130	655
130	806
131	706
131	818
131	626
131	808
131	742
131	939
131	402
131	540
131	399
131	531
131	350
131	838
131	980
132	505
132	765
132	663
132	785
132	614
132	810
132	816
132	638
132	795
132	187
133	134
133	136
133	137
133	395
133	615
133	691
133	135
133	830
133	772
133	897
134	139
134	136
134	389
134	137
134	768
134	392
134	856
134	615
134	660
135	138
135	139
135	391
135	392
135	611
135	136
135	393
135	660
135	833
136	396
136	390
136	138
136	389
136	139
136	833
136	768
137	138
137	394
137	392
137	396
137	660
137	772
137	918
137	897
138	396
138	391
138	897
138	390
138	658
138	830
138	468
139	396
139	388
139	630
139	918
139	661
139	611
139	830
140	141
140	198
141	198
142	146
142	143
142	145
142	929
142	784
142	935
142	182
142	557
143	145
143	146
143	196
143	784
143	929
143	935
143	877
143	257
144	200
144	980
144	904
144	281
144	893
144	929
144	813
145	146
145	935
145	196
145	929
145	784
146	196
146	784
146	935
146	929
146	182
146	773
147	545
147	552
148	152
148	151
148	153
148	162
148	579
148	590
148	917
148	600
149	599
149	568
149	416
150	151
150	152
150	165
150	600
150	603
150	753
150	162
151	567
151	592
151	535
151	162
151	577
151	296
152	153
152	162
152	586
152	576
152	165
153	576
153	578
153	598
153	575
153	583
153	276
154	564
154	217
155	368
155	680
156	544
156	157
156	982
156	679
156	794
156	408
156	783
156	279
156	814
157	544
157	708
157	783
157	832
157	953
158	461
158	782
158	457
158	199
159	548
159	557
159	873
159	409
159	807
159	835
160	195
160	906
160	975
160	604
160	180
161	164
161	163
161	274
161	574
162	165
162	167
162	602
162	578
163	164
164	274
164	572
164	633
165	167
165	570
165	598
165	577
165	601
165	582
166	466
167	594
167	671
167	575
168	310
168	719
169	172
169	183
169	712
169	938
169	882
169	681
169	800
169	879
169	621
169	941
170	171
170	280
170	885
170	992
170	506
170	954
170	521
170	624
170	741
170	949
171	281
171	696
171	280
171	885
171	506
171	703
171	624
171	521
171	909
172	183
172	712
172	938
172	879
172	882
172	681
172	184
172	621
172	800
172	764
173	278
173	986
173	776
173	769
173	808
174	903
174	682
174	857
174	998
174	472
175	490
175	887
175	225
176	179
176	177
176	181
176	178
176	180
176	497
176	604
176	195
177	179
177	178
177	180
177	497
178	180
178	181
178	179
178	747
178	499
178	195
178	189
179	181
179	180
179	499
179	975
179	424
180	181
180	606
181	424
181	497
181	906
181	235
182	877
182	196
183	184
183	882
183	879
183	938
183	249
183	681
183	800
183	455
184	882
184	879
184	621
184	938
184	681
184	504
184	705
185	187
185	276
185	779
185	853
185	671
185	852
185	887
185	602
185	569
185	593
185	583
186	826
186	731
186	201
186	595
187	279
187	779
187	853
187	799
187	887
187	217
187	569
187	590
188	707
188	923
188	967
188	641
189	195
189	194
189	604
189	906
190	192
190	191
190	999
190	871
190	753
190	618
190	558
190	522
190	453
190	434
191	193
191	192
191	917
191	715
191	449
191	620
191	759
191	256
192	193
192	620
192	848
192	449
192	871
192	875
192	845
192	369
193	620
193	753
193	715
193	848
193	956
193	449
193	618
193	875
194	195
194	604
195	975
196	929
196	784
196	935
196	877
197	694
197	702
197	789
197	921
199	200
199	904
199	980
199	893
199	304
199	614
199	997
200	980
200	361
200	933
200	276
200	904
201	731
201	826
202	981
202	851
202	991
202	996
202	775
202	716
203	208
203	204
203	462
203	951
203	610
203	271
203	330
203	644
203	319
204	208
204	644
204	454
204	333
204	787
204	271
204	652
204	746
205	206
205	209
205	686
205	724
205	331
205	458
205	320
205	750
205	649
205	318
206	209
206	686
206	754
206	367
206	724
206	750
206	436
206	321
206	318
207	709
207	870
207	368
207	907
208	983
208	332
208	330
208	878
208	454
208	493
209	754
209	724
209	436
209	334
209	515
209	320
209	948
210	214
210	215
210	493
211	213
211	212
211	428
212	213
214	495
214	498
215	498
215	495
215	503
216	489
216	805
217	223
217	219
217	222
217	218
217	270
217	220
218	220
218	223
218	219
218	642
218	270
218	564
219	220
219	223
219	222
219	952
219	509
220	222
220	270
220	223
221	988
221	344
221	636
221	818
222	744
223	365
223	642
224	227
224	262
224	259
225	226
225	264
225	263
225	315
225	915
225	757
225	926
226	261
226	265
226	264
226	762
226	316
226	915
226	757
226	936
227	262
227	259
228	229
228	260
228	230
228	813
228	607
228	974
229	260
229	607
229	618
229	585
230	715
231	233
231	235
231	237
231	236
231	232
231	234
231	937
231	507
232	233
232	237
232	234
232	235
232	236
232	817
233	235
233	234
233	237
233	236
233	847
233	833
234	236
234	235
234	966
234	237
234	254
234	635
234	494
235	237
235	236
236	237
236	764
237	560
237	773
238	244
238	384
238	379
238	386
238	292
238	380
239	243
239	240
239	381
239	341
239	849
239	812
239	774
239	246
239	861
240	381
240	243
240	774
240	849
240	950
240	924
240	280
241	387
241	841
242	382
242	383
242	339
243	381
243	849
243	774
243	924
243	893
243	699
243	256
244	384
244	379
244	385
244	386
244	380
244	777
244	349
244	650
245	246
245	250
245	381
245	859
246	250
246	248
247	722
247	895
247	421
248	250
248	280
248	956
249	938
250	626
251	779
251	279
252	255
252	258
252	254
252	257
252	256
252	253
252	827
253	256
253	254
253	255
253	258
253	257
253	591
253	740
253	494
253	502
254	258
254	256
254	255
254	810
254	257
254	757
255	257
255	258
255	256
255	581
256	258
257	258
257	279
257	771
259	262
259	610
260	607
260	813
260	715
261	263
261	265
261	757
261	915
261	926
261	831
261	315
261	264
261	864
261	316
263	265
263	926
263	315
263	915
264	265
264	936
264	668
264	904
264	762
265	831
265	926
265	864
265	757
265	316
265	315
266	443
266	450
266	267
266	375
266	511
266	366
267	366
267	362
267	430
267	559
267	511
268	271
268	454
268	463
268	462
268	333
268	330
268	610
268	787
268	506
268	332
268	445
269	437
269	439
269	426
269	429
270	365
270	643
271	454
271	462
271	463
271	330
271	333
271	332
271	644
271	951
271	319
271	746
272	450
272	366
272	430
272	443
272	556
272	459
272	547
272	560
273	369
273	453
273	449
273	440
273	434
273	446
273	549
273	875
273	848
273	715
273	956
273	444
274	710
274	804
274	523
274	584
274	587
274	573
275	280
275	954
275	741
275	521
275	506
275	281
275	624
275	827
276	279
276	779
276	887
276	671
276	853
276	593
276	600
277	764
277	886
277	645
277	705
277	734
277	478
278	986
278	785
278	776
278	609
279	887
279	853
279	947
279	577
279	595
279	372
280	281
280	696
280	885
280	670
280	678
280	703
280	992
280	936
281	954
281	885
281	521
281	992
281	453
282	284
282	729
282	957
283	674
283	606
284	697
284	721
285	289
285	749
286	866
286	700
286	771
286	811
286	927
286	487
287	728
287	553
287	748
287	547
288	667
288	698
288	557
288	839
289	749
289	909
290	899
290	752
290	866
290	718
291	292
291	650
291	338
292	495
293	296
293	295
293	297
293	913
294	774
294	849
294	381
294	916
295	296
295	297
295	699
296	297
297	926
298	299
298	302
299	302
299	420
300	303
300	304
300	820
300	645
301	303
301	820
301	305
301	304
301	769
303	304
303	305
303	932
304	305
305	972
305	912
306	311
306	308
306	993
306	859
306	333
307	309
307	717
307	960
307	701
308	311
308	786
308	734
308	645
308	886
308	801
309	665
309	717
309	960
310	312
310	880
310	313
310	659
310	971
310	635
311	790
311	786
311	764
311	801
311	886
312	313
312	719
312	880
313	719
314	320
314	318
314	321
314	920
314	750
314	649
314	436
314	367
314	464
315	316
315	915
315	831
315	757
315	936
315	864
315	668
315	876
315	972
316	762
316	668
316	915
316	936
316	876
316	831
316	926
316	757
317	910
317	368
317	758
317	692
318	320
318	321
318	649
318	750
318	959
318	334
318	515
319	951
319	652
319	644
319	454
319	983
319	787
319	332
319	330
320	321
320	920
320	750
320	335
320	516
320	754
321	724
321	959
321	666
321	920
321	331
322	324
322	958
322	854
322	969
322	900
323	327
323	326
323	325
323	990
323	817
323	843
323	981
323	763
324	900
324	969
324	854
325	327
325	326
325	979
325	894
325	941
325	990
325	944
326	327
326	894
326	944
326	763
326	817
326	843
326	518
326	634
327	990
327	941
327	944
328	329
328	797
328	845
328	732
328	947
328	793
328	493
328	663
328	713
329	797
329	845
329	685
329	732
329	793
329	607
329	786
330	333
330	337
330	463
330	610
330	470
331	334
331	336
331	516
331	750
331	666
331	335
332	337
332	463
332	983
332	787
332	644
332	333
333	337
333	463
333	995
333	454
334	335
334	336
334	754
334	516
334	750
334	920
335	336
335	367
335	649
335	754
335	724
336	436
336	959
336	920
337	462
337	787
337	951
337	652
337	463
338	384
338	988
339	382
339	383
340	343
340	973
340	653
340	656
341	861
341	849
341	774
342	387
342	351
342	850
342	841
342	798
343	508
343	946
343	829
344	345
344	738
344	872
345	608
346	350
346	352
346	348
346	626
347	349
347	353
347	650
347	385
348	350
348	352
348	540
349	353
350	352
351	850
351	841
351	938
352	443
353	380
353	885
354	359
354	357
354	355
354	358
354	371
355	357
355	358
355	359
355	374
356	361
356	980
357	359
357	358
357	669
358	359
358	739
359	370
360	739
360	981
362	366
362	450
362	547
362	430
362	443
363	452
363	513
363	448
363	996
364	447
364	445
364	526
364	887
365	636
365	642
366	450
366	443
366	547
367	516
367	649
367	436
367	920
367	515
368	907
368	692
368	910
368	709
368	445
369	449
369	446
369	440
369	558
369	434
369	453
369	753
369	956
369	618
369	848
370	376
370	375
370	373
370	371
370	372
370	374
370	996
370	964
370	592
371	373
371	377
371	376
371	374
371	378
371	372
371	863
372	375
372	377
372	378
372	376
372	962
372	966
372	495
373	378
373	376
373	377
373	948
373	375
374	375
374	378
374	376
374	377
374	488
374	913
375	377
375	376
375	378
376	378
376	498
376	891
377	378
377	770
377	769
377	653
377	995
378	834
378	616
378	756
379	385
379	386
379	676
379	384
380	384
380	385
380	386
380	777
380	676
381	945
381	916
381	685
381	950
382	383
383	667
384	386
384	385
384	777
384	650
384	930
385	386
385	576
386	777
386	650
388	392
388	390
388	393
388	391
388	891
388	661
388	611
388	788
388	615
389	390
389	393
389	394
389	833
389	772
389	660
389	891
389	768
390	395
390	393
390	394
390	772
390	615
390	891
391	392
391	395
391	661
391	772
391	918
391	611
391	830
392	396
392	393
392	394
392	395
392	897
393	395
393	396
393	658
393	833
393	856
394	772
394	788
394	611
394	891
394	918
394	833
395	396
395	833
395	658
395	897
395	918
396	691
396	615
396	611
397	405
397	399
397	543
397	403
397	542
397	537
397	540
397	939
397	742
397	818
398	402
398	529
398	406
398	530
398	539
398	399
398	524
398	527
398	808
398	948
399	540
399	530
399	403
399	529
399	706
399	818
400	401
400	688
400	536
400	407
401	688
401	407
401	536
401	698
402	535
402	541
402	540
402	530
402	538
402	626
402	526
402	406
403	406
403	404
403	530
403	532
403	525
403	742
403	706
404	535
404	531
404	526
404	541
404	532
404	527
404	528
405	528
405	537
405	533
405	532
405	406
405	535
405	742
405	838
405	818
406	526
406	533
406	534
406	528
406	524
406	626
407	536
407	688
407	751
408	708
408	828
408	997
409	698
409	457
410	413
410	412
411	415
411	418
411	467
412	413
413	687
414	460
415	418
415	464
415	644
416	417
417	674
418	464
418	467
418	620
419	420
419	422
420	422
421	423
421	427
421	428
422	473
422	442
423	427
423	428
423	909
424	499
424	497
424	747
425	490
425	737
426	429
426	500
426	437
426	579
427	428
427	617
428	909
429	500
429	437
430	450
430	443
430	465
431	441
431	438
431	985
431	689
432	433
432	442
433	442
434	440
434	549
434	446
434	558
434	715
434	848
434	914
434	879
435	438
435	441
435	985
435	631
436	750
436	920
436	724
436	686
437	439
437	500
438	441
438	689
439	500
440	449
440	453
440	558
440	715
440	914
440	618
440	871
440	704
440	549
441	631
443	450
443	559
443	459
444	522
444	956
444	620
445	447
445	759
446	449
446	453
446	549
446	558
446	871
446	618
446	620
446	999
446	917
448	452
448	513
448	514
449	549
449	558
449	453
449	848
449	917
450	511
450	459
450	560
450	981
451	522
451	871
451	753
451	914
452	991
452	851
453	549
453	914
453	715
453	753
453	759
454	462
454	644
454	951
454	983
454	787
454	716
455	456
455	501
455	492
456	501
456	593
457	461
457	470
459	471
459	465
460	469
461	470
461	837
461	486
462	463
462	787
462	610
462	644
462	951
462	966
463	746
463	787
463	644
463	951
464	467
464	904
464	808
465	471
465	556
465	547
465	511
466	468
466	566
466	562
466	891
466	897
466	691
466	660
468	562
468	566
468	615
468	660
468	897
470	662
470	739
471	560
471	556
472	475
472	481
472	479
472	483
472	553
473	480
473	477
473	485
473	476
473	486
473	482
473	478
473	474
474	484
474	478
474	480
474	477
474	486
474	476
474	485
474	482
475	481
475	483
475	487
475	531
476	486
476	482
476	480
476	477
476	485
476	484
476	478
477	480
477	486
477	485
477	482
477	478
477	484
477	725
478	486
478	484
478	480
478	485
478	482
478	809
479	487
479	481
479	483
479	493
479	742
480	485
480	482
480	486
480	484
481	487
481	483
481	495
481	692
482	485
482	486
482	484
483	487
483	652
483	837
484	485
484	486
484	661
485	486
487	627
488	496
488	493
488	495
488	498
488	491
488	502
488	494
488	503
488	797
488	796
489	942
490	994
491	498
491	495
491	494
491	493
491	496
491	503
491	847
492	501
493	498
493	502
493	494
493	495
493	496
494	503
494	496
494	495
494	498
494	502
495	502
495	498
495	496
495	503
496	502
496	503
496	498
496	738
496	779
497	499
498	502
498	503
498	851
498	517
501	956
502	503
503	954
504	933
504	928
504	922
504	883
504	840
504	641
504	893
504	923
504	963
504	571
505	638
505	816
505	614
505	785
505	810
505	888
505	765
505	720
505	632
505	795
505	616
506	741
506	624
506	678
506	992
506	954
507	508
507	823
507	653
507	517
507	555
507	656
508	946
508	973
508	656
508	633
508	653
508	561
509	726
509	881
509	744
510	646
510	867
510	613
510	609
510	964
510	675
512	921
512	901
512	852
512	647
513	775
513	514
514	851
514	739
514	991
514	996
514	775
514	981
515	686
515	750
516	959
517	946
517	898
517	656
517	653
517	555
517	633
517	988
517	668
518	520
518	941
518	865
518	990
518	979
518	634
518	751
518	944
518	763
518	629
519	971
519	713
519	659
520	751
520	865
520	944
520	817
520	894
520	629
520	979
520	941
520	763
520	843
520	634
521	885
521	696
521	678
521	992
521	624
521	954
521	703
521	741
522	715
523	710
523	804
523	815
524	543
524	542
524	527
524	535
524	533
524	528
524	534
524	948
525	531
525	537
525	526
525	527
525	529
525	818
525	948
525	742
526	542
526	534
526	541
526	529
526	533
527	529
527	539
527	528
527	742
527	541
527	531
528	539
528	533
528	706
528	626
529	533
529	539
529	542
529	543
529	535
530	543
530	532
530	808
530	542
530	540
530	818
531	541
531	532
531	533
531	538
531	706
532	541
532	537
532	818
532	706
532	838
533	539
533	543
533	534
534	539
534	543
534	948
534	537
534	939
534	706
535	541
535	537
535	543
535	538
536	688
537	543
537	541
537	538
537	948
538	539
538	542
538	838
538	948
538	742
538	808
539	540
539	541
539	818
540	541
540	542
540	543
540	939
542	626
542	808
542	838
543	939
544	908
544	699
544	814
544	622
544	619
544	794
544	846
545	552
546	551
546	563
546	554
546	662
547	559
547	560
547	556
548	557
548	667
548	608
548	673
548	698
549	558
549	753
549	848
549	618
549	999
549	875
550	553
550	704
551	554
551	563
551	756
553	704
553	646
553	675
553	964
553	609
553	613
553	867
553	711
554	563
554	672
555	823
555	633
556	560
556	559
557	807
557	673
557	872
557	738
557	835
557	889
558	620
558	715
558	914
559	560
561	708
561	828
561	619
561	832
561	862
561	982
561	622
562	566
562	658
562	974
562	772
563	756
566	768
566	888
567	570
567	588
567	592
567	600
567	595
567	590
567	583
567	723
568	599
569	577
569	578
569	602
569	603
569	598
569	585
569	600
569	840
570	575
570	589
570	594
570	595
570	582
570	588
570	583
570	592
571	572
571	580
571	804
572	584
572	580
572	574
572	587
573	580
574	587
574	584
575	597
575	603
575	585
575	583
575	598
575	671
576	590
576	583
576	598
576	586
576	853
577	601
577	593
577	598
577	602
577	583
577	597
578	586
578	601
578	598
578	600
578	588
578	592
578	671
579	588
579	592
579	602
579	585
579	600
579	583
579	603
581	596
582	588
582	597
582	594
582	590
582	586
583	595
583	598
584	587
584	710
585	602
585	595
585	589
585	594
585	603
585	590
586	593
586	597
586	589
586	603
588	589
588	601
588	887
589	594
589	600
589	592
589	590
589	602
590	593
590	595
590	597
591	596
592	601
592	603
592	779
593	594
593	595
593	603
593	602
594	601
595	601
595	602
597	600
597	779
597	601
597	853
598	601
600	603
604	975
604	906
605	735
605	927
605	677
605	664
605	792
605	811
605	767
605	805
605	752
606	788
606	768
608	612
608	639
608	873
608	839
608	919
609	646
609	704
609	867
610	951
610	652
610	787
610	644
610	746
610	983
611	856
611	615
611	772
611	897
611	648
611	891
611	630
611	691
611	661
611	833
611	830
611	974
611	788
612	639
612	839
612	673
612	919
612	738
612	667
612	698
612	874
612	872
613	646
613	748
613	675
614	765
614	638
614	795
614	632
614	816
614	785
614	663
615	856
615	897
615	658
615	768
615	630
615	660
615	974
615	648
615	833
615	772
615	788
615	891
615	766
615	691
616	816
616	765
616	795
616	810
616	888
616	638
616	785
616	632
616	963
616	663
616	800
617	895
617	657
617	695
617	723
617	961
617	943
617	977
617	722
617	912
617	930
617	913
617	869
617	802
617	965
617	909
617	637
618	848
618	917
618	620
618	715
618	956
618	759
618	875
618	914
618	999
618	901
619	814
619	846
619	982
619	862
619	832
619	783
619	622
619	828
619	708
619	997
619	908
619	651
620	875
620	715
620	753
620	914
620	871
620	848
620	956
620	759
620	999
621	800
621	882
621	681
621	712
621	879
621	938
622	699
622	862
622	640
622	828
622	832
622	997
622	794
622	908
622	708
623	822
623	790
623	773
623	801
623	734
623	886
623	993
623	842
623	859
624	703
624	885
624	741
624	696
624	678
624	954
624	727
624	762
625	911
625	934
625	763
626	838
626	818
626	939
626	706
626	948
626	742
626	808
626	980
626	917
627	847
627	782
627	766
627	966
627	834
627	635
627	995
627	770
628	796
628	819
628	693
628	702
628	791
629	990
629	751
629	843
629	763
629	894
629	941
629	634
629	817
629	865
629	944
629	979
630	768
630	648
630	658
630	691
630	897
630	772
630	918
630	856
630	833
630	974
630	891
630	660
630	830
630	876
631	689
631	820
631	985
631	972
631	669
632	785
632	810
632	765
632	888
632	663
632	795
632	816
633	653
633	823
633	898
633	942
633	672
634	865
634	979
634	990
634	941
634	763
634	751
634	817
634	894
634	843
635	966
635	770
635	834
635	766
635	995
635	782
635	847
635	962
635	925
635	979
636	952
636	643
637	723
637	965
637	860
637	943
637	912
637	781
637	909
637	695
637	895
637	869
637	913
637	930
637	802
638	795
638	785
638	810
638	663
638	765
638	816
638	888
638	792
639	839
639	738
639	874
639	807
639	919
639	667
639	873
639	673
639	872
639	860
639	811
640	846
640	814
640	699
640	832
640	679
640	828
640	997
640	783
640	845
640	862
640	953
641	683
641	933
641	963
641	928
641	840
641	707
642	952
642	643
643	952
644	746
644	652
644	787
644	951
644	734
645	734
645	886
645	764
645	705
645	801
645	993
646	748
646	964
646	675
646	728
647	921
647	852
647	694
647	791
648	830
648	660
648	918
648	768
648	974
648	661
648	788
648	897
648	772
648	658
648	891
649	754
649	724
649	666
649	750
649	959
650	676
650	777
651	844
651	955
651	987
651	761
651	718
651	884
651	745
651	733
652	951
652	787
652	746
653	946
653	656
653	823
654	892
654	780
655	806
655	755
655	824
655	932
655	896
655	687
655	970
656	973
656	898
656	823
656	946
657	723
657	965
657	695
657	869
657	909
657	943
657	855
657	722
657	802
657	860
657	930
657	913
657	961
657	912
657	781
658	772
658	833
658	918
658	768
658	830
658	856
658	691
658	897
658	661
658	974
659	719
659	880
659	978
659	713
660	691
660	830
660	891
660	974
660	788
660	661
660	897
660	918
660	856
660	772
661	974
661	691
661	788
661	891
661	768
661	833
662	672
662	942
662	837
662	821
662	902
662	775
663	785
663	795
663	816
663	810
663	989
663	988
663	888
664	735
664	792
664	767
664	677
664	931
664	700
665	701
665	890
665	717
666	724
666	920
666	750
666	959
666	754
666	867
667	835
667	873
667	756
668	757
668	936
668	876
668	915
668	926
668	831
668	762
668	864
669	972
669	820
669	985
669	689
669	880
670	825
670	827
670	778
670	803
670	858
670	937
670	725
670	809
670	984
671	779
671	887
671	995
672	902
672	756
672	837
672	942
672	821
673	874
673	889
673	839
673	919
673	698
675	748
675	704
676	777
677	805
677	735
677	927
677	899
677	752
677	767
677	931
678	885
678	954
678	741
678	992
679	862
679	982
679	814
679	794
679	828
679	997
679	699
679	863
679	783
679	708
679	846
680	949
680	798
680	905
681	938
681	879
681	882
682	903
682	857
682	998
683	933
683	840
683	883
683	928
683	922
683	963
683	989
684	960
684	701
684	826
684	760
685	861
685	924
685	950
685	916
685	812
685	945
686	750
687	755
687	970
687	932
687	836
687	806
687	896
687	824
689	985
689	820
689	972
690	987
690	976
690	733
690	761
690	718
690	884
690	955
690	962
691	918
691	772
691	788
691	833
691	897
691	830
691	856
691	974
691	768
692	907
692	910
692	870
693	819
693	791
693	796
694	702
694	789
695	895
695	781
695	869
695	965
695	913
695	909
695	961
695	912
695	855
695	860
695	723
695	722
695	943
695	802
696	703
696	954
696	992
696	885
696	741
697	729
697	721
697	957
697	730
698	873
698	874
699	908
699	863
699	783
699	794
699	846
699	997
699	814
700	771
700	866
700	927
701	960
701	717
701	760
702	789
703	885
703	954
703	992
703	741
704	964
704	728
704	748
705	801
705	734
705	886
705	764
706	939
706	742
706	838
706	948
706	808
706	725
706	818
707	923
707	840
708	997
708	794
708	846
708	832
708	908
708	863
708	982
709	907
709	870
709	910
710	815
711	721
711	729
711	957
711	730
712	800
712	938
712	882
712	879
713	719
713	971
714	825
714	858
714	803
714	984
714	778
714	827
714	725
715	917
715	759
715	848
715	999
715	956
715	753
715	871
715	875
716	996
716	991
716	775
716	739
716	981
716	851
718	884
718	733
718	976
718	761
718	987
718	955
718	745
718	743
718	807
719	978
719	880
720	829
720	727
720	740
720	799
720	955
720	848
721	729
721	957
721	730
722	869
722	855
722	943
722	909
722	930
722	860
722	723
722	977
722	895
722	802
722	912
722	965
722	781
723	869
723	912
723	965
723	930
723	802
723	860
723	913
723	977
723	855
724	959
724	750
724	754
724	920
725	825
725	778
725	809
725	937
725	858
725	803
725	964
726	881
726	744
727	989
727	740
727	799
727	829
727	979
728	867
728	964
729	957
729	730
730	957
731	826
732	947
732	793
733	761
733	987
733	976
733	884
733	955
733	844
733	933
734	764
734	886
735	752
735	805
735	767
735	811
735	927
735	866
736	911
736	934
737	994
738	872
738	889
738	919
738	874
738	835
738	807
738	839
738	786
739	981
739	991
739	851
739	996
739	775
740	799
740	829
740	989
740	793
741	992
741	954
741	787
742	838
742	939
742	948
742	808
742	818
742	902
742	940
743	797
743	947
743	793
744	881
745	844
745	976
745	987
745	884
745	761
745	955
745	867
746	787
746	951
748	867
750	754
750	959
750	920
751	843
751	944
751	865
751	990
751	817
752	805
752	792
752	811
752	931
752	771
753	999
753	917
753	914
753	956
753	871
753	759
753	875
753	936
754	920
754	959
755	824
755	932
755	970
755	896
755	836
755	806
755	807
756	902
756	821
757	926
757	831
757	876
757	864
757	915
757	762
757	936
758	842
758	910
759	871
759	956
759	875
759	914
759	999
759	848
759	917
759	813
761	955
761	884
761	976
761	987
761	844
762	926
762	864
762	936
762	831
762	876
762	915
763	843
763	941
763	944
763	990
763	979
763	865
763	894
764	886
764	822
765	816
765	785
765	795
765	888
766	925
766	770
766	962
766	782
766	995
766	966
766	847
766	915
767	792
767	811
767	899
767	931
767	805
767	866
767	771
767	859
768	830
768	788
768	897
768	974
768	918
768	772
768	891
769	986
769	776
770	782
770	995
770	962
770	925
770	847
770	966
770	834
771	866
771	899
772	891
772	788
772	856
772	918
772	974
773	993
773	786
773	822
773	790
773	886
774	849
774	812
774	945
774	861
775	981
775	991
775	834
776	986
776	917
778	827
778	825
778	803
778	984
779	887
779	853
779	877
780	892
781	860
781	913
781	909
781	855
781	961
781	895
781	912
781	930
781	943
781	802
781	869
781	965
781	977
782	925
782	995
782	962
782	834
782	847
782	966
783	863
783	982
783	814
783	794
783	908
783	832
783	957
784	929
784	935
785	810
785	888
785	892
785	795
785	816
786	859
786	822
786	790
786	993
786	886
786	801
787	951
788	833
788	856
788	830
788	918
788	974
788	897
789	819
790	993
790	859
790	801
790	816
791	819
791	796
792	811
792	931
792	899
792	927
792	805
793	797
793	947
793	878
793	845
794	863
794	832
794	997
794	846
794	908
794	828
794	953
794	982
795	816
795	810
795	888
796	819
797	845
797	878
798	905
798	949
799	829
799	989
799	871
800	879
800	882
800	938
802	977
802	855
802	895
802	909
802	869
802	961
802	912
802	943
802	913
802	965
803	937
803	825
803	809
803	858
803	851
803	984
804	815
805	927
806	836
806	896
806	932
806	970
806	824
807	872
807	835
807	839
808	838
808	939
808	818
808	948
808	968
809	858
809	827
809	825
809	984
809	937
810	888
810	816
811	899
811	931
811	927
812	945
812	924
812	916
812	950
812	849
814	997
814	846
814	863
814	862
814	982
814	829
816	888
817	990
817	865
817	944
817	941
817	979
817	843
818	948
818	939
818	838
820	985
820	972
821	942
821	902
821	837
822	859
822	993
823	898
823	946
824	970
824	896
824	932
824	836
825	827
825	984
825	937
825	858
827	984
827	858
827	940
828	997
828	982
828	862
828	908
829	989
830	974
830	856
830	918
831	936
831	864
831	926
831	915
831	876
832	997
832	846
833	856
833	918
833	897
833	891
833	954
834	995
834	925
834	962
834	847
835	874
835	872
835	839
835	919
836	932
836	970
836	896
837	902
837	942
837	838
838	939
838	948
838	869
838	868
839	872
839	874
839	919
839	889
840	928
840	933
840	922
840	963
842	870
843	894
843	941
843	990
843	944
843	865
844	884
844	955
844	976
845	878
845	947
845	885
846	982
846	908
846	862
847	962
847	966
847	995
847	926
848	875
848	956
848	999
848	914
848	917
848	871
849	866
851	996
851	981
851	991
852	901
852	921
853	887
854	969
854	900
854	958
855	943
855	930
855	912
855	965
856	891
856	918
856	897
856	974
857	998
857	903
858	937
858	984
859	993
859	886
860	943
860	909
860	965
860	930
860	913
860	869
860	961
860	977
860	895
860	912
861	916
861	950
861	924
861	945
862	982
862	908
863	997
863	908
863	982
864	936
864	915
864	876
864	926
865	990
865	941
865	894
865	979
865	944
868	968
868	940
869	909
869	961
869	913
869	943
869	965
869	930
870	910
870	907
871	875
871	917
871	956
871	999
871	914
872	874
872	889
873	919
874	889
875	956
875	999
875	914
875	917
876	936
876	915
876	926
879	938
879	882
880	971
880	978
882	938
883	922
883	928
883	933
883	963
883	967
884	987
884	976
885	954
886	993
888	981
889	919
891	918
891	897
891	974
893	980
894	941
894	990
894	979
894	944
895	965
895	977
895	961
895	930
895	912
895	909
895	913
896	932
897	974
897	918
898	973
898	946
898	933
899	931
900	969
900	958
901	921
902	942
903	998
904	980
905	949
906	975
907	910
908	982
908	953
909	912
909	965
909	930
909	913
909	943
909	977
911	934
912	930
912	943
912	977
912	913
912	965
913	977
913	930
913	965
913	961
914	956
914	999
915	926
915	936
916	924
916	950
916	945
917	999
918	974
920	959
922	928
922	963
922	933
923	967
924	950
924	945
925	966
925	995
925	962
927	931
928	963
928	933
928	967
929	935
930	965
930	977
930	943
932	970
933	963
937	984
939	948
940	968
941	990
942	975
943	965
943	977
943	961
944	979
944	990
945	950
946	973
954	992
955	987
955	976
956	999
958	969
959	991
961	977
961	965
962	995
962	966
965	977
966	995
971	978
972	985
976	987
979	990
981	996
981	991
982	997
991	996
