0	826
0	595
0	774
0	893
0	973
0	525
0	931
0	938
0	561
0	791
1	630
1	694
1	972
1	818
1	982
1	563
1	541
1	914
1	943
2	814
2	557
2	798
2	746
2	654
2	937
2	694
2	949
2	643
2	568
3	766
3	593
3	703
3	611
3	805
3	591
4	954
4	942
4	714
4	535
4	886
4	917
4	882
4	761
4	423
5	505
5	776
5	983
5	751
6	821
6	987
6	817
6	767
6	684
6	531
6	63
7	167
7	8
7	11
8	12
8	9
8	508
8	727
9	13
10	12
10	373
10	13
10	914
10	728
11	13
12	13
12	908
12	89
13	418
14	19
14	15
14	24
14	18
14	27
14	149
14	537
15	17
15	27
15	22
15	19
15	26
15	21
15	24
16	25
16	23
16	301
16	359
17	18
17	24
17	19
17	27
17	22
18	22
18	19
18	26
18	21
19	21
19	26
19	24
20	307
20	302
20	469
20	643
20	746
21	27
21	24
21	22
21	942
22	26
22	27
23	25
23	305
23	304
24	27
24	305
25	301
25	303
26	27
27	164
27	918
28	33
28	34
28	31
28	245
28	293
28	275
29	31
29	30
29	32
29	34
29	249
29	248
29	245
29	251
30	31
30	33
30	207
30	978
31	251
31	246
31	34
32	34
32	248
32	247
32	240
32	206
32	208
33	34
33	245
33	249
33	250
33	287
33	284
34	246
34	249
34	250
34	102
34	247
35	38
35	37
35	486
35	498
35	490
36	37
36	494
36	573
37	41
37	493
37	492
37	39
37	839
38	40
38	489
38	41
38	496
39	41
39	40
39	488
39	489
40	492
40	486
41	490
42	48
42	44
42	47
42	769
42	809
42	665
43	46
43	44
43	769
43	740
43	913
43	571
43	203
44	48
44	559
45	769
46	47
46	998
46	571
46	960
46	682
47	48
47	585
47	913
48	960
48	885
48	682
49	54
49	433
49	438
49	166
49	162
49	435
49	52
50	440
50	433
50	53
50	438
50	52
50	439
50	161
50	166
51	52
51	440
51	438
51	163
51	433
51	164
51	434
52	54
52	433
52	53
53	54
53	435
53	436
53	438
53	166
53	441
54	438
54	441
54	434
54	442
54	55
54	436
54	163
55	440
55	439
55	437
55	167
56	60
56	61
56	704
56	878
56	752
56	480
56	237
57	62
57	58
57	59
57	839
57	874
57	476
57	714
57	882
58	60
58	59
58	529
58	482
58	480
59	761
59	954
59	701
59	555
59	627
59	752
60	62
60	882
60	485
60	716
61	62
61	722
61	761
61	874
61	476
62	761
62	603
62	878
62	606
63	69
63	900
63	527
63	455
63	863
64	69
64	922
64	851
65	69
65	67
65	900
65	895
65	860
66	69
66	68
66	904
66	537
67	539
67	900
68	656
69	803
69	681
69	895
70	76
70	74
70	267
70	272
70	266
70	361
70	787
70	976
71	271
71	269
71	73
72	270
72	75
72	272
72	268
72	267
73	269
73	271
73	912
74	270
74	75
74	266
74	76
75	267
75	268
75	76
75	308
75	270
75	385
75	965
76	267
76	272
76	501
76	270
77	80
77	83
77	125
77	119
77	219
77	78
78	83
78	81
78	80
78	120
78	121
78	123
78	79
78	124
78	125
79	82
79	80
79	81
79	122
79	350
80	83
80	121
80	125
80	81
81	83
81	124
81	125
81	552
81	183
81	753
82	122
82	123
82	125
82	969
82	283
83	122
83	121
83	124
83	648
84	89
84	88
84	90
84	85
84	890
84	926
84	154
85	86
85	676
85	890
85	985
85	418
85	778
86	87
86	88
86	536
86	564
86	926
87	89
87	88
87	90
87	676
87	536
87	890
88	528
88	564
88	778
88	89
88	963
88	676
89	926
90	985
90	980
90	890
90	536
90	564
91	95
91	94
91	448
91	92
92	94
92	95
92	265
93	135
93	138
94	95
94	502
95	917
96	97
96	133
96	134
97	134
97	133
98	100
98	230
98	224
98	296
98	104
98	120
99	100
99	227
99	309
99	310
99	313
99	312
99	103
99	230
99	299
100	228
100	224
100	227
100	297
100	357
100	169
101	104
101	312
101	228
101	226
101	102
101	298
101	103
101	313
102	104
102	103
102	228
102	297
102	298
102	225
102	310
102	312
103	229
103	309
103	315
104	227
104	300
104	315
104	312
104	742
105	111
105	424
105	110
105	109
106	110
106	111
107	358
108	111
108	109
108	130
109	111
109	870
110	906
112	115
112	116
112	113
113	116
113	115
113	262
114	118
114	117
115	116
115	253
116	265
117	118
118	408
119	120
119	123
119	124
119	121
119	753
119	739
120	125
120	124
120	123
120	870
121	122
121	553
121	884
122	123
122	124
122	343
122	997
123	125
123	241
123	553
123	984
125	626
126	131
126	132
126	181
126	128
126	177
126	176
126	174
127	175
127	879
128	177
128	131
128	181
128	130
128	132
129	175
129	178
129	812
129	871
130	132
130	131
130	181
130	179
130	177
130	176
130	180
131	132
131	181
131	180
131	177
131	179
132	177
132	180
132	176
132	457
133	134
133	697
134	723
135	138
136	606
136	666
137	610
139	592
139	621
140	142
140	990
140	560
140	678
140	906
140	711
140	346
140	889
140	726
140	967
141	142
141	144
141	744
141	675
141	556
141	530
141	990
141	756
141	939
142	144
142	145
142	644
142	789
142	678
142	554
142	908
142	996
143	606
143	146
144	992
144	678
144	871
144	996
145	744
145	990
145	560
145	726
145	711
145	273
146	606
146	666
147	150
147	273
147	851
148	150
148	152
149	152
149	151
149	153
149	615
149	235
150	152
150	365
151	153
152	153
152	804
152	923
152	476
153	485
154	156
154	155
154	157
155	156
155	157
155	536
156	157
156	676
157	763
158	160
158	159
158	180
159	160
161	165
161	163
162	164
162	437
162	442
162	982
162	706
163	164
163	166
163	442
163	360
164	167
164	165
164	166
165	166
165	440
166	440
166	437
167	366
168	171
168	173
168	877
169	174
169	170
169	171
169	182
169	173
169	172
169	401
170	173
170	185
170	172
170	187
170	171
171	172
171	182
171	188
172	185
172	186
172	184
173	183
173	508
173	188
173	185
174	184
174	183
174	349
175	178
176	180
176	181
176	179
176	857
177	181
177	179
178	874
179	181
179	180
179	689
180	181
180	461
181	540
182	183
182	186
182	184
183	188
183	187
184	185
184	186
184	187
184	523
185	187
185	188
186	187
187	188
187	665
188	279
188	866
189	194
189	195
190	192
190	193
190	191
190	411
191	192
191	193
192	193
192	407
193	411
194	195
196	197
196	202
196	198
196	509
197	202
197	198
197	645
198	202
198	438
199	200
199	307
200	307
200	464
201	305
201	301
203	208
203	288
203	287
203	209
203	205
203	204
203	293
203	248
204	209
204	205
204	206
204	292
204	287
205	293
205	207
205	206
205	292
205	247
205	289
205	288
206	291
206	288
206	209
206	292
206	246
206	249
207	209
207	290
207	291
207	208
207	245
207	246
208	292
208	293
208	291
209	291
209	292
209	289
210	212
210	244
210	387
210	211
211	215
211	216
211	212
212	215
212	381
212	387
212	216
212	382
213	216
213	382
213	215
213	910
214	216
214	383
214	382
214	380
214	215
215	382
215	384
215	925
216	387
216	384
216	386
216	380
216	831
217	219
217	221
217	220
217	223
218	220
218	221
218	223
218	407
218	410
218	408
218	222
218	219
218	947
219	412
219	406
219	414
219	409
219	511
219	608
220	409
220	407
220	411
220	408
220	410
220	412
220	221
221	414
221	409
221	412
221	411
221	413
222	223
222	411
222	414
222	407
222	408
223	412
223	407
224	227
224	228
224	309
224	310
224	308
224	313
224	296
224	294
225	226
225	308
225	311
225	229
225	315
225	300
225	313
225	230
225	294
226	227
226	309
226	313
226	312
226	228
226	229
226	296
226	311
227	230
227	313
227	314
227	311
227	228
228	309
228	315
228	314
228	310
229	308
229	312
229	300
229	270
229	296
229	230
229	294
230	308
230	314
230	312
230	309
230	300
231	232
231	235
231	482
231	234
231	237
231	485
231	878
231	708
232	237
232	482
232	475
232	477
232	478
232	235
232	954
232	603
233	237
233	481
233	478
233	618
234	235
234	236
234	475
234	478
234	483
234	476
234	237
234	615
235	237
235	477
235	479
235	478
235	483
236	485
236	484
236	481
236	305
237	482
237	478
237	555
238	244
238	354
238	628
238	906
239	240
239	241
239	242
239	436
240	243
240	242
240	932
240	331
241	244
241	361
242	244
242	397
242	957
244	421
244	306
245	251
245	248
245	247
245	250
245	246
246	249
246	251
246	248
246	292
247	251
247	289
247	248
248	250
248	249
249	250
249	251
249	293
250	251
250	499
250	287
250	288
251	290
251	292
252	257
252	264
252	256
252	265
253	255
253	265
253	261
254	263
254	256
254	255
254	259
254	264
255	256
255	263
255	259
255	258
256	258
256	265
256	262
256	261
256	264
257	264
257	259
257	262
257	265
257	258
258	265
258	261
258	600
259	263
259	262
260	264
260	261
260	263
260	262
261	265
261	436
262	263
262	479
263	264
264	265
266	267
266	268
266	270
267	270
267	272
268	272
269	271
271	801
273	279
273	275
273	278
273	368
273	560
273	714
274	278
275	277
276	277
276	279
277	937
278	770
280	286
280	790
280	574
280	719
280	773
280	725
280	662
281	671
281	948
281	558
281	444
282	286
282	597
282	283
282	731
282	725
282	773
283	286
283	829
283	993
283	808
283	285
284	750
284	894
284	923
285	286
285	807
285	773
285	693
285	323
286	664
286	693
286	728
286	856
286	979
286	661
287	293
288	291
288	293
288	289
289	293
289	291
290	292
290	291
290	516
291	293
291	292
294	295
294	925
295	299
295	296
296	297
296	300
297	299
297	311
297	359
299	315
299	300
299	637
300	427
300	358
301	304
301	303
301	306
301	522
301	814
302	307
302	798
303	304
303	305
303	306
304	305
304	306
304	620
305	306
306	322
306	922
306	881
308	310
308	314
308	313
308	315
308	311
309	315
309	314
309	311
309	313
310	313
310	311
310	314
310	312
310	315
311	312
311	340
311	314
312	314
313	314
314	315
315	689
316	321
316	322
316	319
316	352
317	323
317	320
317	967
317	565
318	732
318	549
318	920
318	320
319	321
319	322
319	602
320	323
320	565
321	322
324	331
324	327
324	330
325	328
325	326
326	328
327	329
327	331
327	330
329	330
329	331
332	333
332	336
333	336
334	337
334	339
334	338
335	339
335	337
335	338
337	339
337	338
338	339
339	967
340	342
340	341
341	345
341	347
341	876
342	343
342	345
342	694
343	345
343	844
344	378
344	347
345	347
346	449
347	381
347	351
347	644
348	350
348	355
348	352
349	351
349	354
349	353
350	355
350	352
351	353
351	354
352	355
353	354
353	782
355	505
356	360
356	363
356	362
357	363
358	362
358	430
358	361
359	452
360	503
360	795
361	363
361	673
361	871
361	530
362	558
363	365
364	365
364	366
365	369
365	448
365	385
366	369
366	367
368	369
368	371
369	444
369	626
372	373
372	378
372	446
372	376
372	749
373	376
374	379
374	377
375	379
375	612
376	377
378	379
379	611
379	835
380	384
380	386
381	383
381	384
381	385
381	654
382	387
382	385
382	383
382	386
383	385
383	384
383	386
384	386
384	387
385	387
388	392
388	389
388	390
388	737
389	394
390	392
390	443
391	396
391	394
391	527
392	702
393	395
393	793
394	396
397	402
397	403
398	400
398	402
399	405
399	401
399	400
400	401
400	405
400	943
400	716
402	404
402	403
402	674
403	661
404	405
404	435
404	814
406	408
406	414
406	407
406	413
406	410
406	409
406	412
407	411
407	413
407	412
407	410
408	414
408	410
408	409
409	411
409	413
409	414
410	411
410	414
410	412
410	413
411	412
412	413
412	428
413	414
413	651
414	428
415	418
415	420
415	416
415	588
416	419
416	418
416	420
416	776
417	422
417	421
417	423
418	419
419	420
420	946
421	422
421	423
422	423
425	429
425	426
425	430
427	430
427	428
428	429
428	431
428	430
428	432
428	471
429	432
433	436
434	439
434	435
435	442
435	441
436	438
436	439
437	442
437	439
437	888
438	439
438	442
438	441
440	441
440	442
443	451
444	452
444	448
445	450
445	447
445	448
445	557
445	469
446	451
447	452
447	768
449	450
450	464
451	452
452	729
453	454
453	463
453	458
453	759
454	458
454	463
455	457
455	456
455	459
456	461
456	460
456	462
456	740
456	482
457	461
457	460
457	462
457	459
457	694
457	855
458	463
459	460
459	462
460	461
460	462
461	462
461	603
464	468
464	469
464	472
464	467
464	471
464	473
465	470
465	474
465	466
465	982
466	470
466	474
466	996
467	468
467	471
467	469
467	473
467	472
467	928
468	469
468	473
468	472
468	617
469	471
469	472
469	473
470	474
470	477
471	473
471	472
472	473
472	818
473	652
473	982
474	625
475	479
475	484
475	482
475	515
475	713
476	478
476	483
476	480
476	485
477	479
477	485
477	484
478	482
478	480
478	481
478	609
479	482
479	484
479	485
480	482
480	882
481	484
481	483
481	722
481	874
482	485
483	484
483	752
484	874
486	489
486	493
486	498
486	495
487	492
487	490
487	495
487	489
488	490
488	489
488	492
489	494
489	491
489	496
489	490
490	493
490	497
490	492
491	497
491	498
491	493
491	494
491	495
492	498
492	495
492	497
493	498
493	495
493	496
494	496
494	495
496	497
496	563
499	514
499	506
499	505
499	754
499	611
499	819
500	503
500	501
500	508
500	519
500	939
501	503
501	519
501	508
502	516
502	504
502	636
502	837
502	640
502	526
502	720
502	868
502	550
503	508
503	512
503	561
504	513
504	509
504	507
504	658
504	763
504	525
504	796
504	651
504	822
505	759
505	983
505	981
506	518
506	514
506	593
506	766
507	520
507	510
507	651
507	509
507	822
507	695
507	792
507	934
507	715
507	763
507	516
508	512
508	519
509	511
509	796
509	594
509	762
509	931
509	670
510	639
510	755
510	651
510	640
510	868
510	774
510	763
510	658
510	569
510	695
511	516
511	520
511	902
511	862
511	893
511	742
511	642
512	519
512	795
513	516
513	520
513	931
513	583
513	715
513	902
513	639
513	777
513	594
513	741
514	884
514	946
514	590
514	593
515	517
515	622
515	701
515	609
515	882
515	716
515	954
515	713
515	761
516	745
516	615
516	862
516	868
516	583
516	893
516	931
517	878
517	844
517	761
517	562
517	942
517	529
518	751
518	989
518	981
518	983
520	822
520	745
520	931
520	973
520	832
520	602
521	916
521	684
521	866
521	900
521	775
521	656
521	863
522	995
522	654
522	749
522	972
522	928
522	623
522	888
523	888
523	928
523	955
523	749
523	971
523	806
523	746
523	782
524	660
524	686
524	578
524	929
524	786
524	724
524	799
524	677
525	837
525	958
525	594
525	868
525	938
525	777
525	826
525	720
526	625
526	958
526	973
526	832
526	826
527	817
527	736
527	922
527	904
527	619
527	539
527	863
527	851
527	803
527	987
528	604
528	778
528	985
528	536
528	859
528	926
528	564
528	980
528	963
529	878
529	886
529	942
529	603
529	752
529	555
529	609
529	701
529	761
529	874
529	839
529	835
530	644
530	610
530	871
530	744
530	697
530	891
530	657
530	785
530	608
531	987
531	619
531	735
531	873
531	817
531	683
531	772
531	916
532	841
532	665
532	827
532	957
532	559
532	809
532	585
532	769
533	596
533	951
533	961
533	825
533	932
533	584
533	547
534	953
534	686
534	667
534	757
534	688
534	660
534	925
534	786
534	570
534	968
534	965
534	933
534	875
535	603
535	839
535	917
535	713
535	976
535	555
535	701
536	778
536	890
536	963
536	985
536	859
536	564
537	922
537	705
537	877
537	803
537	656
537	900
537	873
538	897
538	696
538	828
539	866
539	706
539	735
539	797
539	851
539	681
539	736
540	573
540	635
541	818
541	943
541	654
541	982
541	707
541	643
541	846
541	542
541	630
541	563
541	949
541	601
541	617
542	928
542	971
542	643
542	937
542	623
542	546
542	814
542	563
542	617
542	718
542	652
542	995
542	630
542	601
542	972
542	949
543	968
543	929
543	686
543	688
543	641
543	568
543	724
543	667
543	655
543	945
543	965
544	617
544	746
544	943
544	806
544	548
544	601
544	971
544	949
545	672
545	600
545	892
545	880
545	631
545	954
546	630
546	654
546	746
546	674
546	643
546	652
546	814
546	588
546	707
546	982
546	623
547	673
547	802
547	780
547	833
547	952
547	861
547	811
548	795
548	643
548	617
548	563
548	928
548	588
548	949
548	914
548	798
548	972
548	749
549	920
549	732
550	720
550	837
550	826
550	651
550	796
550	774
550	958
550	893
550	575
550	594
551	612
551	903
551	624
552	870
552	984
552	739
552	997
552	966
553	969
553	984
553	626
553	966
554	678
554	675
554	891
554	996
554	871
554	908
554	748
554	831
554	801
554	560
554	697
554	608
555	609
555	917
555	752
555	713
555	714
555	788
555	562
555	993
556	675
556	996
556	871
556	748
556	608
556	889
556	785
556	831
556	964
556	678
556	801
557	818
557	588
557	623
557	943
557	949
557	749
557	928
557	581
557	674
557	842
557	652
557	888
557	806
557	937
558	750
558	671
559	571
559	836
559	645
559	721
559	628
559	827
559	781
559	905
559	909
559	944
559	648
560	990
560	697
560	964
560	657
560	996
560	869
560	744
560	908
560	644
560	891
561	670
561	826
561	595
561	931
561	868
561	768
561	742
561	582
561	893
562	844
562	878
562	701
562	917
562	976
562	954
562	882
562	942
562	653
562	722
563	914
563	630
563	842
563	707
563	746
563	806
563	617
563	955
563	971
563	655
564	890
564	604
564	859
564	676
564	778
564	985
565	598
565	614
565	812
566	673
566	936
566	679
566	861
566	579
567	898
567	638
567	918
567	692
567	843
568	953
568	667
568	929
568	875
568	786
568	578
568	933
568	570
568	945
568	986
568	799
568	724
568	660
569	934
569	958
569	636
569	651
569	883
569	938
569	774
569	755
569	822
570	702
570	784
570	945
570	649
570	799
570	660
570	641
570	875
570	953
570	650
570	667
571	957
571	905
571	836
571	960
571	769
571	998
571	885
571	645
571	841
571	682
571	585
572	780
572	834
572	679
572	845
572	848
572	899
572	951
572	861
573	813
573	835
573	872
574	858
574	770
574	633
574	880
574	829
574	597
574	719
574	979
574	773
575	804
575	640
575	741
575	668
575	715
575	625
575	902
575	837
575	582
575	594
575	595
575	629
575	762
575	774
575	934
576	661
576	737
576	725
576	854
576	930
576	631
576	790
576	879
576	829
576	858
576	664
576	597
576	709
576	663
576	849
577	656
577	877
577	860
577	851
577	619
577	684
578	688
578	965
578	925
578	784
578	929
578	667
578	650
578	757
579	789
579	820
579	941
579	802
579	811
580	899
580	810
580	586
580	848
580	861
580	825
580	779
581	818
581	972
581	654
581	782
581	652
581	749
581	601
581	806
581	955
581	643
581	674
581	846
582	804
582	642
582	651
582	902
582	868
583	902
583	639
583	893
583	804
583	741
583	668
583	629
583	883
583	934
583	695
583	862
584	855
584	780
584	952
584	810
584	596
584	861
584	907
585	998
585	841
585	975
585	740
585	665
585	885
585	648
585	944
586	951
586	779
586	961
586	991
586	607
586	679
587	838
587	947
587	618
587	867
587	733
588	674
588	749
588	700
588	694
588	746
588	928
588	601
588	842
588	630
588	955
589	750
589	758
589	747
589	948
589	743
590	730
590	983
591	884
591	946
592	632
592	717
592	621
592	687
593	981
593	703
594	625
594	934
594	745
594	774
594	741
594	837
594	720
595	651
595	658
595	670
595	762
595	832
595	720
595	695
595	791
595	934
596	845
596	729
596	825
596	679
596	855
597	620
597	979
597	808
597	773
597	854
597	672
597	865
597	829
598	614
598	967
598	812
599	699
599	692
599	787
599	638
599	918
600	605
600	663
600	631
600	659
600	829
600	773
600	880
600	910
600	865
601	700
601	943
601	746
601	643
601	652
601	972
601	846
601	928
601	630
601	654
602	883
602	639
602	934
602	615
603	942
603	878
603	761
603	886
603	844
603	954
603	722
603	713
603	622
604	676
604	926
604	963
604	980
605	663
605	661
605	959
605	728
605	947
606	912
606	924
606	666
607	825
607	616
607	961
607	789
607	673
608	711
608	992
608	964
608	891
608	871
608	906
608	994
608	801
608	657
608	748
608	889
608	697
608	744
609	917
609	627
609	704
609	954
609	716
609	701
609	713
610	906
610	908
610	996
610	889
610	756
610	869
610	675
610	990
611	776
611	754
611	989
611	723
612	793
612	624
612	864
612	935
612	712
613	835
614	812
614	967
615	883
615	822
615	804
615	893
615	755
615	642
615	973
615	695
615	715
616	919
616	679
616	779
616	951
616	780
616	820
616	673
616	848
616	845
616	834
616	961
617	971
617	995
617	674
617	937
617	643
617	782
617	630
619	772
619	797
619	706
619	803
619	647
620	999
620	959
620	930
620	892
620	808
620	927
620	977
620	709
621	896
621	771
622	714
622	713
622	704
622	627
622	917
622	839
622	882
622	954
622	701
623	846
623	818
623	700
623	814
623	798
623	937
623	982
624	903
624	935
624	794
625	902
625	883
625	670
625	658
625	832
625	777
625	763
625	715
625	668
625	868
625	792
625	768
626	984
626	966
626	753
626	739
626	870
626	969
626	997
627	722
627	844
628	680
628	885
628	905
628	781
628	721
628	944
628	913
628	960
628	665
628	841
629	639
629	763
629	832
629	862
629	792
629	668
629	934
629	741
629	642
630	972
630	643
630	818
630	914
630	814
630	971
630	937
630	654
630	674
630	718
630	943
631	633
631	728
631	962
631	910
631	879
631	892
632	710
633	849
633	765
633	879
633	659
633	770
633	959
634	805
634	754
635	815
635	872
635	764
635	940
635	850
636	832
636	668
636	695
636	745
636	720
637	773
637	709
637	790
637	664
637	962
637	865
637	880
638	787
638	918
638	800
638	823
638	692
639	670
639	973
639	642
639	804
639	763
639	791
639	768
639	658
639	695
640	670
640	796
640	868
640	822
640	762
640	745
640	832
640	768
640	668
640	777
641	667
641	875
641	925
641	965
641	650
641	799
641	702
641	929
641	945
641	688
642	862
642	958
642	763
642	651
642	868
642	670
642	832
643	818
643	971
643	718
643	842
643	694
643	949
643	955
643	846
644	871
644	711
644	908
644	996
644	994
644	748
644	891
644	756
644	785
644	678
644	990
644	881
645	836
645	960
645	913
645	680
645	885
645	648
645	841
646	845
646	834
646	825
647	922
647	900
647	705
647	821
647	803
647	817
647	767
648	809
648	909
648	885
648	682
648	721
648	665
648	998
648	740
649	686
649	965
649	921
649	925
649	875
649	757
649	677
649	784
650	945
650	702
650	968
650	784
650	929
650	686
650	986
651	868
651	791
651	804
651	745
651	720
651	774
651	826
652	928
652	806
652	982
652	888
652	937
652	818
652	914
652	718
653	733
653	867
654	782
654	718
654	674
654	943
654	798
654	746
654	971
654	694
654	888
655	686
655	660
655	921
655	887
655	784
655	847
655	757
655	986
656	873
656	821
657	785
657	891
657	869
657	994
657	678
657	908
658	792
658	670
658	668
658	742
658	868
659	790
659	662
659	770
659	974
659	910
660	965
660	784
660	702
660	968
660	686
660	933
660	875
660	724
661	725
661	865
661	672
661	824
661	854
661	977
661	993
661	856
661	880
662	993
662	719
662	693
662	770
662	709
662	664
662	728
662	731
662	808
662	977
662	856
662	854
662	879
663	880
663	765
663	691
663	974
663	728
663	824
664	824
664	865
664	790
664	672
664	979
664	731
664	808
665	680
665	721
665	909
665	781
666	912
666	924
667	686
667	688
667	786
667	968
667	945
667	757
667	965
668	804
668	868
668	763
668	822
668	768
668	958
669	956
669	728
669	880
669	709
669	892
669	927
669	765
669	979
670	741
670	796
670	695
670	774
670	832
670	804
670	902
670	911
671	747
671	750
671	894
671	948
672	765
672	930
672	790
672	979
672	773
673	679
674	955
674	782
674	707
674	949
674	806
675	678
675	889
675	994
675	939
675	869
675	711
675	990
675	871
675	996
675	992
675	697
675	785
676	985
676	890
676	859
676	778
676	926
677	786
677	784
677	921
677	965
677	945
677	847
677	887
677	724
677	968
677	799
678	748
678	939
678	994
678	697
678	801
678	744
678	785
678	992
678	906
679	845
679	919
679	941
679	811
679	852
679	899
679	991
679	951
680	913
680	909
680	975
680	957
680	885
680	905
680	721
680	769
681	863
681	860
681	900
681	803
681	821
681	895
682	740
682	960
682	827
682	998
682	909
682	836
682	781
682	913
683	851
683	866
683	904
683	775
683	727
684	860
684	706
684	803
684	895
685	910
685	824
685	999
685	758
686	784
686	875
686	925
686	968
686	799
687	830
687	710
687	896
688	986
688	887
688	786
688	724
688	921
689	793
689	864
689	712
690	708
690	897
691	930
691	959
691	910
691	956
691	773
691	719
691	880
691	849
691	807
691	808
691	927
691	974
692	843
692	918
692	787
692	699
693	709
693	854
693	974
693	979
693	865
693	719
693	927
693	892
693	773
693	977
694	971
694	806
694	842
694	846
694	746
694	982
695	832
695	934
695	741
695	902
696	970
696	897
697	908
697	711
697	748
697	831
697	889
697	990
697	726
697	992
697	891
697	939
698	950
698	816
698	771
698	978
698	761
699	800
699	843
699	898
699	823
700	995
700	982
700	718
700	888
701	722
701	788
701	844
701	976
702	887
702	786
702	925
702	965
702	757
702	968
702	875
702	921
702	929
702	847
703	759
703	766
703	983
703	776
704	917
704	722
704	882
704	878
704	844
704	788
704	886
704	714
704	716
705	767
705	895
705	987
705	866
706	735
706	821
706	876
706	736
706	922
707	937
707	949
707	782
707	914
707	806
707	746
708	828
708	734
708	897
709	849
709	773
709	979
709	959
709	865
709	977
710	896
710	988
710	760
710	738
710	717
711	744
711	881
711	994
711	939
711	726
711	785
711	990
711	793
711	869
712	864
712	793
712	903
712	794
713	844
713	886
714	954
714	942
714	844
715	958
715	902
715	777
715	938
716	942
716	752
716	878
717	830
717	738
718	888
718	928
718	955
718	806
718	903
719	829
719	807
719	993
719	856
719	930
720	777
720	973
721	944
721	781
721	827
721	740
721	905
722	917
722	976
722	878
722	874
722	752
722	886
723	981
723	983
723	989
723	776
723	819
724	953
724	925
724	757
724	986
724	784
724	929
725	854
725	977
725	858
725	807
725	910
725	979
726	871
726	891
726	939
726	889
726	906
726	996
726	908
726	992
727	987
727	863
727	900
728	879
728	765
728	865
728	770
728	927
728	999
728	854
729	811
729	848
729	780
729	861
729	952
730	805
730	884
730	989
731	879
731	993
731	824
731	865
731	807
732	920
733	867
733	911
733	838
734	897
734	970
735	851
735	767
735	873
735	916
735	922
735	803
736	772
736	863
736	900
737	910
737	856
737	854
737	808
739	870
739	997
739	753
739	966
740	827
740	957
740	905
740	885
740	998
740	909
741	777
741	938
741	862
742	934
742	763
743	894
743	948
743	923
743	758
743	857
744	831
744	996
744	994
744	785
744	801
744	906
744	992
744	869
744	881
745	822
745	973
745	902
745	958
746	806
746	943
746	928
746	749
746	982
747	894
747	750
747	758
748	831
748	908
748	871
748	990
748	996
748	994
748	906
748	889
748	785
749	818
749	846
749	888
750	857
750	923
751	805
751	853
752	839
752	761
752	886
752	844
754	981
754	805
754	983
754	766
754	819
754	927
755	934
756	994
756	939
756	908
756	906
756	891
756	992
756	951
756	801
758	923
759	989
760	988
760	896
760	830
761	976
761	886
761	882
762	862
762	777
762	792
763	832
764	850
764	940
765	858
765	993
765	856
765	927
765	956
765	849
766	981
766	989
767	877
767	987
767	904
768	958
768	796
769	809
769	998
769	905
769	913
769	841
769	781
770	865
770	979
770	790
771	978
771	816
771	950
772	987
772	775
772	877
772	860
772	916
773	927
773	829
773	999
773	910
773	856
774	868
774	792
775	821
775	866
776	805
776	981
777	832
777	862
777	902
778	926
778	859
778	980
778	963
779	825
779	855
779	961
779	861
779	907
779	899
780	848
780	991
780	855
780	810
781	905
781	836
781	841
781	809
781	957
781	975
781	944
782	928
782	846
782	972
782	888
782	955
782	943
782	795
783	850
783	940
783	872
784	965
784	786
784	968
784	953
784	929
785	939
785	964
785	891
786	945
786	887
786	933
786	968
786	799
787	800
787	823
787	898
788	976
788	844
788	874
788	839
788	942
788	931
789	936
789	834
789	915
790	927
790	962
790	808
791	796
791	902
791	837
792	796
792	973
792	868
792	826
793	903
793	864
794	903
794	864
794	935
795	937
795	798
795	972
795	982
795	888
795	949
795	928
796	822
797	851
797	895
797	877
798	943
798	914
798	995
798	846
798	842
799	968
799	875
799	933
799	956
800	898
801	964
801	994
801	871
801	869
801	881
802	848
802	907
802	810
802	861
802	833
802	941
803	900
803	873
803	851
803	876
803	904
804	934
804	973
805	946
805	981
806	937
806	971
806	972
806	842
806	949
806	914
807	959
807	849
807	956
807	829
807	824
808	829
808	959
808	856
808	849
809	841
809	913
809	944
809	827
809	909
810	852
810	848
810	833
811	951
811	932
811	991
811	833
812	967
813	872
814	914
814	928
814	971
814	949
814	995
815	835
815	872
816	950
817	873
817	904
817	877
818	846
818	971
818	888
818	943
818	937
818	955
819	884
820	919
820	907
820	852
821	900
821	916
822	934
823	843
824	854
824	858
824	962
825	936
825	932
825	840
825	907
826	883
826	934
826	902
826	938
827	998
827	885
827	975
827	836
827	913
827	944
827	960
828	897
828	935
828	871
829	979
829	993
829	892
830	896
831	996
831	881
831	869
831	908
831	990
833	899
833	936
833	834
833	951
834	932
834	991
835	940
835	872
836	944
836	975
836	841
836	960
837	862
837	938
837	902
838	911
838	867
838	947
839	874
839	976
839	844
840	855
840	991
840	919
840	961
841	905
841	944
841	957
841	885
842	972
842	971
842	949
842	928
843	918
843	898
844	976
844	882
845	932
845	861
845	936
846	937
846	955
846	971
846	914
847	965
847	925
847	953
847	986
848	952
848	936
848	951
848	941
848	919
848	911
849	977
849	927
849	892
849	993
850	940
851	922
851	895
852	915
852	936
852	991
853	946
854	977
854	858
854	999
854	856
854	880
855	932
855	919
856	879
856	927
856	930
856	962
856	865
858	880
858	959
858	892
859	926
859	980
859	963
859	985
861	991
861	961
861	936
863	866
863	987
864	903
865	993
865	927
865	977
866	876
867	947
867	911
868	893
868	938
869	994
869	881
869	906
869	964
870	966
870	969
871	939
871	891
873	895
874	886
874	976
875	929
875	933
875	887
875	925
877	916
878	882
878	886
878	954
879	977
880	993
881	990
881	994
881	992
881	906
881	939
882	886
882	917
883	902
885	960
885	957
885	913
886	942
887	968
887	921
887	965
887	925
888	949
888	995
888	971
889	994
889	908
889	996
889	990
890	985
890	980
890	963
891	990
891	939
891	996
891	906
892	930
892	956
892	910
892	977
893	902
893	938
894	923
894	948
897	970
899	915
900	916
901	912
902	958
902	931
903	935
904	916
905	975
906	908
906	964
906	992
907	952
907	961
908	990
908	964
908	939
908	994
908	992
909	975
909	944
909	957
910	977
910	962
913	975
913	957
913	944
914	937
914	971
914	995
914	972
915	951
916	987
917	954
919	941
919	961
919	991
921	953
921	958
925	986
925	933
926	980
926	963
926	985
927	993
928	995
929	953
929	933
930	956
930	977
930	979
930	974
931	973
932	961
933	965
933	986
933	945
934	958
935	971
937	949
937	982
938	973
939	992
944	960
944	957
945	953
945	986
946	989
950	978
953	965
953	986
954	976
955	982
955	971
956	962
956	977
957	998
957	975
957	964
959	999
959	993
960	998
962	977
963	985
965	968
966	969
966	984
968	986
969	984
971	995
975	998
980	985
