0	931
0	825
0	844
0	841
0	916
0	958
0	927
0	957
0	887
0	989
1	881
1	864
1	855
1	990
1	815
1	145
1	836
1	894
1	981
1	822
2	986
2	854
2	898
2	994
2	836
2	922
2	939
2	937
2	933
2	877
3	909
3	988
3	959
3	168
3	948
3	941
3	994
3	904
3	896
3	817
3	865
3	856
3	192
3	911
3	753
3	756
3	361
3	517
4	727
4	641
4	792
4	13
5	852
5	45
5	43
5	608
5	599
6	953
6	828
6	849
6	995
6	851
6	861
6	794
6	823
6	827
6	525
7	220
7	11
7	221
7	235
7	237
7	231
7	743
7	571
7	532
8	236
8	232
8	234
8	783
9	12
9	219
9	13
9	10
9	223
9	218
9	222
9	204
9	209
9	207
9	345
10	12
10	13
10	219
10	218
10	223
10	222
10	207
10	205
10	795
10	140
11	221
11	220
11	231
11	720
11	678
11	532
11	623
11	609
12	223
12	13
12	222
12	218
12	362
12	219
12	206
12	209
12	348
13	218
13	219
13	222
13	223
13	208
13	206
13	361
14	197
14	18
14	312
14	603
15	17
15	202
15	778
15	261
16	19
16	200
16	242
16	645
17	202
17	593
17	265
18	197
18	474
18	589
19	200
19	242
19	90
20	198
20	201
20	238
20	243
20	310
20	309
20	991
20	849
20	850
20	960
20	897
21	26
21	612
21	716
22	24
22	747
22	894
22	949
23	27
23	25
24	747
24	642
24	463
25	27
25	639
26	612
28	71
28	133
28	134
28	59
29	30
29	34
29	666
30	34
31	33
31	137
31	72
31	75
31	136
31	327
31	324
32	135
32	203
33	75
33	72
33	136
33	461
33	878
33	457
34	203
35	37
35	90
35	84
35	87
35	485
35	977
35	470
35	430
36	40
36	85
36	38
36	41
36	484
36	89
36	475
36	39
36	904
36	472
36	665
37	88
37	84
37	90
37	485
37	87
37	734
37	966
37	992
38	39
38	40
38	41
38	86
38	85
38	475
38	89
38	896
38	477
39	41
39	472
39	40
39	89
39	85
39	86
39	484
39	821
40	86
40	89
40	41
40	475
40	472
40	85
40	103
41	89
41	472
41	85
41	484
41	475
42	866
42	963
42	605
42	650
42	821
42	661
42	617
42	854
42	670
42	989
43	45
43	852
43	652
43	754
44	907
44	902
44	954
44	159
44	154
44	156
44	158
44	806
45	852
45	754
45	704
46	47
46	48
47	48
49	51
49	534
49	395
49	739
50	55
50	426
50	427
50	746
50	100
50	58
50	963
51	739
52	55
52	345
52	746
52	65
52	431
52	659
52	119
53	651
53	349
53	107
54	284
54	710
54	432
54	430
54	735
54	653
54	285
54	316
55	426
55	797
55	58
55	746
55	65
55	586
56	707
56	672
56	632
56	526
56	668
57	594
57	745
57	708
57	999
58	431
58	746
58	427
59	62
59	640
59	560
59	524
59	805
59	71
60	61
60	281
60	399
60	654
61	399
61	555
62	560
62	805
62	524
62	640
62	569
62	573
63	760
63	350
63	105
63	348
63	549
63	433
63	346
63	129
63	397
63	110
64	66
64	68
64	69
64	336
64	67
64	352
64	332
64	322
64	331
64	499
64	855
64	865
64	997
64	841
65	347
65	345
65	746
65	659
65	426
65	394
65	413
65	517
65	577
65	427
65	827
66	69
66	67
66	68
66	331
66	352
66	336
66	332
66	488
66	470
66	840
66	906
66	912
67	69
67	331
67	332
67	352
67	68
67	336
67	933
67	938
67	888
67	899
68	69
68	352
68	332
68	331
68	336
68	329
68	425
68	857
68	968
68	433
69	332
69	336
69	323
69	331
69	352
69	803
69	671
69	599
69	890
70	325
70	796
71	133
71	134
72	137
72	75
72	136
72	363
72	461
73	138
73	74
73	139
73	175
73	795
74	76
74	139
74	692
74	498
75	137
75	136
75	457
75	324
76	139
76	138
76	175
76	692
77	423
77	417
77	420
77	421
77	81
77	342
77	246
77	340
77	338
77	239
78	420
78	79
78	417
78	82
78	422
78	424
78	337
78	418
78	83
78	241
79	81
79	82
79	83
79	420
79	421
79	424
79	80
79	248
79	342
80	82
80	420
80	418
80	422
80	249
80	251
80	247
80	244
80	919
81	421
81	423
81	424
81	419
81	420
81	82
81	341
81	344
82	424
82	418
82	342
82	340
82	247
82	249
83	417
83	419
83	418
83	339
83	423
83	246
83	247
83	340
84	88
84	485
84	87
84	90
84	847
84	938
84	763
85	484
85	477
85	472
85	86
85	971
85	867
86	89
86	475
86	472
86	477
86	484
86	727
86	609
86	787
87	88
87	90
87	485
87	502
87	994
87	358
88	90
88	485
88	512
89	472
89	477
90	470
90	485
90	928
91	93
91	559
91	830
91	189
92	290
92	971
92	359
92	293
92	711
92	360
92	872
92	357
92	718
92	943
93	830
93	559
93	190
94	288
94	780
94	514
94	683
94	913
94	238
94	996
95	96
95	834
95	811
95	680
95	356
95	588
96	588
96	680
96	834
96	811
96	354
97	766
97	998
97	355
97	287
97	793
98	400
98	101
98	396
98	102
98	638
99	394
99	100
99	577
99	119
99	722
100	394
100	659
100	426
100	347
100	413
101	396
101	400
101	102
101	661
102	400
102	396
103	104
103	398
103	393
104	393
104	398
105	110
105	111
105	286
105	348
105	282
105	350
105	415
106	109
106	108
106	574
106	283
106	315
106	958
106	912
107	411
107	651
108	109
108	283
108	315
108	574
108	854
108	867
109	283
109	315
109	574
109	485
109	993
110	111
110	428
110	433
110	346
110	694
110	351
110	350
110	415
111	428
111	433
111	346
111	282
111	351
111	350
111	415
112	116
112	409
112	114
112	115
112	123
112	414
112	125
112	401
112	726
112	765
113	114
113	414
113	416
113	118
113	409
113	117
113	410
113	412
113	542
113	124
114	409
114	410
114	412
114	116
114	118
114	122
114	802
114	592
115	116
115	409
115	410
115	118
115	117
115	416
115	121
115	744
115	994
116	118
116	410
116	414
116	412
116	121
116	782
116	405
117	409
117	412
117	416
117	410
117	123
117	124
117	120
117	542
118	416
118	412
118	121
118	120
118	125
118	409
119	659
119	345
119	577
119	394
119	746
119	567
119	797
119	844
120	124
120	121
120	122
120	125
120	702
120	414
120	123
120	409
121	124
121	125
121	409
121	410
121	860
121	922
122	123
122	124
122	409
122	410
122	762
122	702
122	782
122	536
123	124
123	125
123	553
123	412
123	762
123	993
124	125
124	782
124	625
124	536
125	614
125	658
125	744
125	592
126	132
126	130
126	127
126	131
126	128
126	432
126	425
126	665
126	429
127	128
127	129
127	130
127	132
127	131
127	361
127	432
127	860
128	130
128	132
128	131
128	129
128	430
128	444
129	132
129	130
129	131
129	544
129	430
129	425
130	132
130	425
130	662
130	131
131	132
131	393
131	709
131	429
132	319
132	429
132	432
132	866
133	134
133	560
134	524
135	847
136	137
136	193
136	363
137	368
137	363
137	327
138	139
138	205
138	208
139	795
140	253
140	354
140	682
140	927
140	912
140	903
141	903
141	824
141	877
141	864
141	964
141	977
141	999
141	881
141	939
141	820
142	965
142	892
142	174
142	983
142	891
142	925
142	946
142	173
142	846
142	602
142	878
142	862
142	971
142	921
142	967
143	906
143	957
143	838
143	899
143	905
143	816
143	951
143	989
143	916
143	452
144	989
144	887
144	899
144	916
144	835
144	974
144	841
144	838
144	956
144	283
145	146
145	935
145	820
145	922
145	981
145	937
145	840
145	990
145	999
146	832
146	928
146	875
146	829
146	986
146	964
146	939
146	894
146	938
147	151
147	440
147	150
147	152
147	441
147	442
147	436
147	435
147	437
147	149
148	150
148	435
148	149
148	152
148	442
148	167
148	538
148	151
148	233
148	623
149	153
149	435
149	151
149	439
149	152
149	167
149	162
149	598
150	153
150	435
150	152
150	438
150	439
150	532
150	728
150	167
151	152
151	441
151	439
151	437
151	438
151	743
151	598
152	153
152	434
152	435
152	440
152	571
153	442
153	434
153	440
153	436
153	435
153	604
153	167
154	158
154	156
154	159
154	160
154	155
154	157
154	902
154	274
154	667
155	157
155	158
155	159
155	160
155	954
155	156
155	715
155	667
155	576
156	158
156	907
156	902
156	806
156	159
156	576
156	667
157	160
157	954
157	907
157	159
157	158
157	667
157	757
157	523
158	160
158	530
158	159
158	673
158	277
159	160
159	715
159	954
159	523
160	673
160	907
160	278
160	624
160	446
161	162
161	166
161	163
161	167
161	728
161	165
161	720
161	237
161	604
161	743
162	163
162	164
162	437
162	532
162	233
162	598
162	720
162	947
163	164
163	743
163	571
163	604
163	678
163	439
163	165
163	237
164	167
164	165
164	728
164	571
164	538
164	532
164	231
164	262
165	167
165	166
165	623
165	538
165	728
165	743
165	928
166	167
166	604
166	678
166	743
166	436
166	438
166	231
166	235
167	538
167	801
168	904
168	909
168	988
168	970
168	948
168	821
168	941
168	865
168	896
168	817
168	232
168	856
168	965
168	959
168	443
169	880
169	949
169	859
169	972
169	914
169	455
169	465
169	869
170	172
170	918
170	926
170	831
170	196
171	874
171	862
171	967
171	919
171	873
171	885
171	863
171	888
171	912
171	248
172	918
172	926
172	663
173	174
173	983
173	892
173	965
173	845
173	891
173	940
173	946
173	846
173	925
173	962
173	814
173	862
173	952
174	940
174	965
174	892
174	891
174	983
174	946
174	925
174	846
174	845
174	486
174	837
174	839
174	873
175	692
175	795
175	207
175	204
175	774
176	408
176	636
176	546
176	626
176	684
176	478
176	224
176	648
176	787
177	603
177	566
177	483
177	799
177	407
177	471
177	589
177	583
177	479
177	535
178	403
178	402
178	401
178	179
178	406
178	529
178	181
178	536
178	725
178	592
179	181
179	675
179	545
179	401
179	658
179	542
179	731
179	631
179	802
180	763
180	738
180	944
180	216
180	700
180	978
180	869
180	378
180	997
180	937
180	947
180	372
180	708
180	910
180	882
180	943
180	661
180	686
181	401
181	762
181	725
181	614
181	702
181	406
181	737
181	675
182	793
182	998
182	364
182	522
182	587
183	790
183	254
183	548
183	600
183	596
183	860
183	835
184	253
184	682
185	666
185	252
186	773
186	740
186	769
186	803
187	188
187	691
187	770
187	834
187	356
188	770
188	691
188	586
188	811
189	193
189	194
189	190
189	458
190	194
190	193
190	830
191	192
191	195
191	497
191	986
191	470
192	195
192	264
192	789
193	194
193	493
194	493
194	559
194	614
195	487
195	932
195	334
196	783
196	696
196	647
196	663
197	312
197	341
198	201
198	240
198	309
198	934
198	996
198	884
198	849
198	987
198	828
198	995
199	241
199	239
199	313
199	311
199	244
199	247
199	912
199	878
200	242
200	263
201	310
201	240
201	243
201	861
201	656
201	309
201	889
201	833
201	953
202	613
202	265
203	620
203	217
203	279
203	886
203	893
204	207
204	206
204	205
204	208
204	209
204	910
204	668
204	219
205	208
205	206
205	209
205	207
205	222
205	218
205	795
206	209
206	207
206	208
206	219
206	223
206	222
207	209
207	208
207	218
207	222
208	209
208	846
208	785
209	223
209	218
209	692
210	211
210	212
211	212
211	758
213	287
213	355
213	766
213	258
214	960
214	591
214	930
214	924
215	872
215	357
215	943
215	752
216	978
216	627
216	997
217	620
217	276
217	967
217	952
217	886
217	976
218	223
218	222
218	219
218	798
219	222
219	223
219	366
219	937
220	221
220	233
220	231
220	438
220	871
220	696
220	783
221	235
221	237
221	441
221	532
221	623
221	233
222	223
222	692
223	354
223	869
224	227
224	229
224	684
225	228
225	444
226	491
226	446
227	229
227	648
227	463
228	517
229	787
229	636
230	686
230	550
230	654
230	945
230	590
231	233
231	235
231	440
231	720
232	234
232	236
233	237
233	235
233	260
234	236
234	468
235	237
235	678
235	720
235	798
236	857
237	678
237	532
237	838
238	309
238	310
238	314
238	240
238	876
238	851
238	868
238	995
238	996
238	934
239	313
239	244
239	308
239	241
239	339
239	341
240	243
240	309
240	897
240	828
240	851
240	930
240	995
240	889
241	244
241	313
241	308
241	248
241	862
242	952
243	314
243	309
243	310
243	884
243	823
243	953
243	876
243	868
244	311
244	308
244	343
244	888
245	247
245	246
245	248
245	342
245	419
245	420
245	251
245	677
245	338
245	308
246	249
246	250
246	247
246	248
246	337
246	423
246	338
247	249
247	250
247	251
247	248
248	250
248	338
248	421
248	343
249	251
249	344
249	250
249	342
249	343
249	423
250	251
250	337
250	339
250	344
250	340
250	343
251	337
251	344
251	421
251	424
251	878
252	666
254	790
254	548
254	600
254	786
254	944
254	596
255	256
255	257
255	645
255	258
255	287
255	606
255	793
256	258
256	257
256	645
256	998
256	287
256	606
257	258
257	645
257	358
257	779
257	587
258	645
258	766
258	716
259	261
259	778
259	573
259	593
259	265
259	572
259	613
259	643
259	754
259	805
259	544
259	779
259	652
259	527
260	262
260	263
260	264
260	647
260	785
260	609
260	663
260	789
260	696
260	655
260	783
260	843
260	646
260	801
260	637
260	531
260	571
261	265
261	593
261	572
261	613
261	778
261	573
261	704
261	527
261	599
261	569
261	608
261	652
262	264
262	263
262	655
262	637
262	783
262	785
262	696
262	609
262	663
262	789
262	353
262	646
262	647
262	864
262	654
262	722
263	264
263	785
263	783
263	663
263	789
263	637
263	696
263	655
263	609
263	647
263	698
263	723
263	297
263	488
264	637
264	647
264	655
264	609
264	696
264	698
264	783
264	663
264	843
264	789
264	785
264	801
264	900
264	882
265	572
265	573
265	778
265	613
265	593
265	569
265	652
265	608
265	551
265	754
266	564
266	712
266	585
266	618
266	552
266	775
266	330
267	271
267	621
267	788
267	557
267	781
267	528
267	307
267	807
267	581
267	717
268	269
268	717
268	611
268	788
268	271
268	681
268	621
268	800
268	557
268	741
269	611
269	687
269	581
269	271
269	272
269	306
269	741
269	781
269	557
270	706
270	570
270	767
270	551
270	699
270	724
270	518
270	716
270	713
270	638
270	448
270	375
270	752
270	513
270	659
271	611
271	800
271	681
271	687
271	307
271	306
271	581
272	788
272	781
272	307
272	807
272	621
272	791
272	306
272	473
272	407
273	796
273	974
274	278
274	576
274	806
275	605
275	808
275	919
275	674
276	279
277	278
277	757
277	530
278	530
280	284
280	429
280	430
280	285
280	533
280	432
280	317
280	464
281	539
281	777
281	555
282	286
282	694
282	351
282	397
282	415
282	354
283	315
283	706
283	910
284	653
284	429
284	582
284	430
284	755
284	432
285	653
285	565
285	425
285	430
285	318
285	755
286	694
286	346
286	549
286	760
287	358
287	985
287	998
287	587
287	793
288	780
288	514
288	683
288	913
288	868
288	889
289	843
289	563
289	646
289	723
289	353
289	531
289	871
289	698
289	655
289	789
289	637
289	647
290	293
290	711
290	872
290	718
290	359
290	768
290	971
290	360
290	292
291	580
291	950
292	293
292	943
292	810
292	718
292	360
292	730
292	679
292	844
292	921
293	360
293	971
293	921
293	943
293	711
293	768
293	357
294	300
294	296
294	297
294	979
295	298
295	299
296	300
296	297
296	835
297	300
297	621
298	299
300	334
301	629
301	759
301	919
301	302
301	639
301	677
301	967
301	984
301	888
301	878
301	847
302	303
302	305
302	759
302	695
302	629
302	967
302	893
302	984
302	677
302	858
303	305
303	759
303	629
303	639
303	695
303	893
303	919
303	874
303	873
303	858
304	679
304	357
304	752
304	872
304	595
304	971
304	943
305	639
305	695
305	919
305	677
305	878
305	984
305	967
305	858
305	338
306	621
306	807
306	307
306	557
306	528
306	781
306	799
307	781
307	557
307	621
307	687
307	717
307	741
308	311
308	313
308	893
308	635
309	310
309	314
309	924
309	995
309	389
310	314
310	828
310	934
310	883
310	827
310	897
311	313
311	341
311	893
311	873
311	361
312	603
312	947
313	421
313	422
313	873
314	996
314	884
314	960
314	827
314	833
314	823
314	876
315	574
315	866
316	321
316	319
316	318
316	320
316	430
316	429
316	317
316	649
316	425
317	318
317	321
317	320
317	649
317	319
317	429
317	565
317	879
318	319
318	320
318	321
318	432
318	664
318	755
318	582
319	320
319	321
319	425
319	429
319	710
319	432
319	430
320	321
320	425
320	430
320	432
320	582
321	432
321	429
321	565
321	425
321	561
322	323
324	327
324	368
324	457
324	458
324	461
324	472
325	709
326	367
326	379
326	383
326	492
327	368
327	363
327	461
327	457
327	458
328	760
328	351
329	562
329	635
329	751
329	668
329	798
329	372
329	373
329	375
329	370
329	371
329	964
329	605
330	335
330	520
330	775
330	784
330	736
330	333
330	749
330	615
330	585
330	564
331	336
331	332
331	352
331	511
331	637
332	336
332	352
332	508
332	754
332	729
332	333
332	462
332	453
333	784
333	736
333	749
333	775
333	334
333	520
333	369
333	615
333	335
333	552
334	784
334	615
334	749
334	335
334	520
334	736
334	607
334	775
334	982
335	736
335	615
335	784
335	520
335	775
335	749
335	896
335	672
336	352
336	494
336	856
336	872
336	870
336	682
336	549
337	343
337	340
337	339
337	342
337	418
337	421
338	339
338	344
338	422
338	343
338	548
339	343
339	340
339	420
339	417
339	422
340	344
340	419
340	341
340	343
341	343
341	344
341	422
341	417
341	342
342	422
342	344
342	423
343	418
344	417
344	419
345	347
345	746
345	413
345	431
345	427
345	577
345	659
346	348
346	549
346	760
346	351
346	350
346	694
346	397
347	746
347	427
347	659
347	413
347	431
347	562
347	771
348	350
348	351
348	760
348	428
348	549
348	415
349	651
349	643
349	411
350	351
350	760
350	549
351	549
351	760
351	415
351	397
351	428
351	854
352	494
352	499
352	957
352	877
352	967
353	871
353	801
353	843
353	563
353	723
353	663
353	789
353	785
353	696
353	698
354	682
354	774
354	827
355	358
355	793
355	998
355	587
355	766
355	606
356	588
356	811
356	586
356	680
356	610
356	361
357	359
357	360
357	971
357	718
357	595
357	943
358	998
358	587
358	547
358	645
359	360
359	872
359	752
359	943
359	768
359	595
359	927
360	872
360	711
360	810
360	971
361	365
361	364
361	381
361	496
361	504
361	509
361	492
361	990
361	789
361	669
361	997
361	817
361	734
361	510
361	682
361	865
361	636
361	813
362	366
363	368
363	457
363	458
363	461
364	365
364	384
364	383
364	500
364	372
364	466
364	531
364	890
364	663
364	721
364	848
364	975
364	756
364	971
364	676
364	475
364	978
365	383
365	495
365	509
365	384
365	466
365	993
365	869
365	957
365	371
365	472
367	379
368	458
368	461
368	457
368	947
369	374
369	376
369	616
369	736
370	373
370	372
370	635
370	371
370	375
370	668
370	562
370	751
370	798
370	856
370	862
370	502
370	444
371	372
371	373
371	668
371	798
371	375
371	635
371	751
371	562
371	871
371	977
371	561
372	373
372	668
372	375
372	751
372	562
372	635
372	865
372	798
372	650
373	798
373	562
373	668
373	375
373	635
373	751
373	894
373	845
373	964
373	721
374	607
374	376
374	784
374	749
375	562
375	635
375	798
375	668
375	751
375	877
375	443
375	803
376	616
376	607
376	784
376	950
377	382
377	380
377	378
377	644
378	382
378	380
378	407
379	392
380	382
380	738
381	383
381	384
381	466
382	763
384	459
385	392
385	386
386	392
387	388
387	391
387	389
387	390
387	868
388	391
388	389
388	390
388	827
389	390
389	391
390	391
390	884
391	827
393	398
394	413
394	577
394	426
395	739
395	534
396	400
396	543
397	428
397	760
398	458
399	555
399	539
399	510
400	817
401	762
401	631
401	744
401	776
401	733
401	406
402	403
402	804
402	675
402	405
402	542
402	744
402	592
402	782
402	414
403	406
403	592
403	804
403	776
403	725
403	553
403	631
403	405
404	597
404	630
404	732
404	714
404	758
404	777
404	756
405	744
405	804
405	536
405	542
405	726
405	553
405	776
406	545
406	804
406	592
406	776
406	731
406	536
407	482
407	483
407	481
407	471
407	567
407	619
407	476
407	622
408	787
408	546
408	547
408	578
408	671
408	750
408	701
409	414
410	414
410	416
410	412
411	651
412	416
412	414
412	832
413	577
413	746
413	427
413	797
413	426
414	416
414	894
415	760
415	549
415	694
415	972
416	782
416	553
416	702
417	419
417	421
417	424
417	888
418	424
418	422
418	420
418	423
419	423
419	421
419	422
419	420
420	423
421	424
422	424
423	424
425	432
425	430
425	429
425	710
425	653
425	664
425	866
426	427
426	431
426	746
427	431
427	746
427	659
428	433
428	760
428	929
429	430
429	755
429	582
429	432
429	664
429	447
429	626
430	432
430	735
430	664
430	856
430	780
431	746
431	659
432	710
432	664
432	755
433	549
433	599
434	440
434	441
434	439
434	437
434	538
434	532
434	436
434	598
435	440
435	436
435	437
435	442
436	437
436	441
436	442
436	571
436	696
437	438
437	441
437	439
437	442
438	441
438	440
438	439
438	571
438	598
439	442
439	440
439	538
440	442
440	441
441	442
441	623
442	604
443	446
443	624
443	491
444	517
444	808
444	863
444	932
445	447
445	895
445	915
445	857
445	961
446	624
447	568
447	915
447	857
447	963
448	450
448	451
448	543
449	453
449	521
449	452
449	906
449	951
449	605
449	929
450	451
450	543
450	874
450	778
451	543
451	608
452	453
452	521
452	887
452	979
452	838
453	521
453	923
453	844
453	931
454	456
454	464
454	462
454	468
454	467
454	460
454	955
454	463
454	855
454	747
454	952
454	704
455	468
455	460
455	456
455	462
455	463
455	914
455	859
455	467
455	464
455	906
455	605
456	464
456	463
456	460
456	465
456	880
456	955
456	468
456	949
456	914
456	462
457	458
457	461
458	461
459	466
459	495
459	496
459	512
460	462
460	467
460	465
460	463
460	468
460	544
460	464
460	825
462	465
462	468
462	467
462	463
462	464
462	880
462	859
463	467
463	465
463	468
463	464
463	843
464	468
464	467
464	465
464	972
464	933
465	467
465	468
465	880
465	731
465	914
465	642
466	504
467	914
467	859
467	468
467	865
468	498
468	537
469	473
469	480
469	481
469	476
469	474
469	479
469	483
469	471
469	482
469	583
469	628
469	556
469	581
469	535
470	485
470	574
470	969
470	803
471	474
471	482
471	480
471	476
471	473
471	481
471	535
471	483
471	690
471	689
471	925
472	477
472	484
472	475
472	555
473	474
473	483
473	480
473	479
473	482
473	476
473	481
473	622
473	800
473	515
473	601
474	479
474	480
474	476
474	481
474	619
474	535
474	601
474	589
474	690
474	781
475	484
475	477
476	481
476	479
476	482
476	483
476	583
476	799
476	567
476	515
476	589
477	484
477	748
477	988
478	684
478	671
478	648
478	546
478	701
478	626
478	662
478	750
478	579
479	482
479	481
479	483
479	480
479	567
479	589
479	690
479	799
479	997
480	482
480	481
480	483
480	516
480	799
480	689
480	628
480	567
480	528
481	583
481	689
481	566
481	628
481	482
481	622
482	483
482	689
482	583
482	791
482	567
482	603
483	799
483	566
483	689
483	628
483	583
484	753
485	840
486	503
486	505
486	513
486	507
486	512
486	490
486	498
486	510
486	939
486	489
486	767
486	502
487	497
488	494
488	511
488	508
489	513
489	510
489	512
489	503
489	502
489	505
489	490
489	911
489	498
489	548
489	779
489	507
490	498
490	507
490	505
490	513
490	510
490	502
490	512
490	503
490	946
490	643
490	919
490	562
492	504
492	495
492	496
492	509
492	500
494	508
494	499
495	500
495	504
495	496
495	509
496	504
496	500
496	509
498	502
498	507
498	510
498	512
498	503
498	513
498	505
498	955
498	890
499	508
499	511
500	509
500	504
500	707
501	506
501	517
502	507
502	513
502	505
502	503
502	512
502	510
502	992
502	637
503	505
503	507
503	512
503	510
503	988
503	570
503	513
503	870
503	937
504	509
505	507
505	510
505	513
505	512
505	864
505	866
505	738
505	705
506	517
507	513
507	510
507	512
507	704
507	738
507	941
507	931
508	511
510	513
510	512
510	527
510	952
511	749
512	513
512	863
512	574
513	748
513	570
514	683
514	780
514	913
514	996
514	987
515	556
515	516
515	603
515	567
515	799
515	535
515	601
515	619
516	603
516	583
516	556
516	589
516	628
516	619
516	566
516	689
517	901
518	570
518	551
518	771
518	716
518	767
518	699
518	724
518	706
518	713
518	638
518	640
518	594
518	599
518	927
519	627
519	700
519	978
519	910
520	784
520	736
520	749
520	775
520	616
520	615
520	848
520	632
521	951
521	844
521	906
521	916
522	665
522	998
522	985
522	793
522	606
522	898
523	715
523	530
523	806
523	576
523	757
523	902
524	805
524	640
524	593
524	704
525	794
525	703
525	591
525	558
525	656
525	889
525	995
525	996
526	632
526	707
526	672
526	784
527	652
527	608
527	779
527	544
527	569
527	643
527	754
527	599
527	778
527	573
527	613
527	704
527	976
527	947
527	984
528	657
528	781
528	611
528	791
528	788
528	681
528	741
529	542
529	631
529	782
529	725
529	553
529	731
529	658
529	744
529	877
530	757
530	715
530	806
530	576
531	871
531	563
531	646
531	723
531	655
531	843
531	801
531	789
531	696
532	678
532	623
532	604
532	720
533	649
533	664
533	582
533	755
533	653
534	739
534	995
534	828
535	589
535	689
535	690
535	681
535	601
536	731
536	804
536	693
536	675
536	762
536	696
537	561
537	777
537	729
537	540
537	721
537	756
537	660
537	734
537	676
537	758
537	705
537	748
537	617
537	584
537	674
537	769
537	947
538	728
538	743
538	571
538	598
538	623
538	720
539	555
539	900
539	777
540	758
540	674
540	676
540	705
540	561
540	597
540	756
540	729
540	803
540	584
540	617
540	777
540	721
540	979
540	554
540	895
541	685
541	697
541	764
541	889
541	876
542	782
542	614
542	545
542	658
544	643
544	608
544	569
544	754
544	779
544	652
544	778
544	573
544	572
544	560
544	613
544	704
544	574
544	599
545	553
545	675
545	658
545	592
545	725
545	765
545	920
546	662
546	578
546	671
546	750
546	626
547	648
547	750
547	701
547	578
547	671
547	787
548	790
548	600
548	596
549	760
550	590
550	686
550	943
550	722
551	767
551	570
551	771
551	638
551	713
551	716
551	706
551	724
551	870
551	909
551	699
551	874
552	618
552	564
552	585
552	712
552	615
553	782
553	776
553	765
553	614
554	630
554	732
554	597
554	705
554	748
554	721
555	971
555	803
556	628
556	583
556	603
556	566
556	622
556	799
556	689
557	717
557	741
557	621
557	687
557	807
558	794
558	703
558	851
558	897
558	884
558	960
558	591
558	833
559	830
560	640
560	805
560	763
561	584
561	617
561	748
561	705
561	674
561	803
561	777
561	721
561	630
561	676
561	756
561	660
561	758
561	734
561	729
561	562
561	835
562	751
562	635
562	668
562	798
562	933
563	843
563	698
563	871
563	646
563	723
563	609
563	647
563	637
563	785
564	712
564	585
564	618
564	784
565	735
565	649
566	619
566	628
566	603
566	690
566	601
567	601
567	628
567	589
568	915
568	961
568	942
569	608
569	754
569	779
569	652
569	643
569	599
569	573
569	704
569	613
569	593
569	736
569	986
569	875
570	724
570	706
570	767
570	638
570	716
570	713
570	771
570	973
570	847
570	854
571	598
571	720
571	728
571	743
572	613
572	778
572	593
572	573
572	652
572	643
572	608
572	779
572	599
572	754
573	613
573	778
573	593
573	779
573	652
573	599
575	644
575	633
576	715
576	806
576	667
577	659
577	797
577	919
578	662
578	671
578	750
578	787
578	842
579	722
579	686
579	654
579	817
579	771
580	950
581	800
581	611
581	717
581	687
581	807
581	657
582	664
582	649
583	628
583	799
584	748
584	676
584	758
584	660
584	756
584	803
584	777
584	729
584	927
585	712
585	618
585	950
586	610
586	811
586	588
586	834
586	680
586	719
587	606
587	766
587	665
587	645
587	916
588	834
588	680
588	811
588	691
588	813
588	906
589	619
589	689
590	654
590	686
590	722
590	853
591	794
591	819
591	953
591	960
591	995
591	876
592	675
592	765
592	733
593	778
593	613
593	704
593	599
593	608
593	754
594	745
594	708
595	730
595	810
595	971
595	752
595	679
595	911
596	790
596	917
596	643
596	600
597	732
597	714
597	630
597	734
598	678
598	604
598	728
598	743
598	623
599	704
599	754
599	643
599	779
599	608
599	640
599	990
600	790
600	635
601	689
601	687
601	690
601	741
602	786
602	742
602	809
602	839
602	940
602	846
602	845
602	925
603	619
603	622
604	678
604	728
604	623
604	720
604	743
605	670
605	650
605	753
605	661
605	808
605	963
606	793
606	998
607	616
607	641
608	779
608	704
608	652
608	754
608	643
608	778
608	723
608	766
609	789
609	696
609	655
609	785
609	783
609	663
609	647
609	646
609	768
609	803
609	877
610	811
610	771
611	687
611	657
611	807
611	788
611	799
613	778
613	779
613	704
613	643
614	631
614	725
614	782
614	762
614	658
614	733
615	736
615	784
615	749
615	775
615	939
615	618
616	775
617	660
617	803
617	729
617	674
617	705
617	748
617	732
617	721
617	758
617	734
617	777
617	821
617	756
618	712
618	978
619	690
619	622
619	800
620	982
620	674
621	800
621	657
621	717
621	807
622	690
622	689
622	791
622	753
623	720
623	728
623	678
624	954
624	757
625	726
625	693
625	737
625	802
625	804
625	675
626	636
626	684
626	750
626	648
626	662
626	671
627	700
627	947
628	690
629	677
629	695
629	759
629	639
629	984
629	912
629	885
629	863
630	714
630	705
630	758
630	740
631	675
631	744
631	804
631	776
631	702
632	707
632	672
633	644
634	761
634	772
634	982
634	841
635	798
635	668
635	751
635	941
635	673
636	701
636	684
636	671
636	750
636	974
637	647
637	783
637	663
637	655
637	785
637	789
637	871
637	646
637	696
637	650
638	706
638	699
638	771
638	716
638	724
638	767
638	713
638	988
638	909
638	986
639	677
639	759
639	695
639	873
639	874
639	863
640	805
641	792
641	727
642	747
642	949
643	704
643	652
643	779
643	754
643	798
643	872
646	698
646	801
646	871
646	843
646	723
647	785
647	663
647	655
647	696
647	783
647	789
647	723
647	801
647	914
648	662
648	701
648	671
648	684
648	787
648	793
649	755
649	735
650	670
650	661
650	753
650	963
650	808
650	660
650	821
650	866
652	704
652	852
652	779
652	754
652	982
652	821
652	947
654	722
654	686
655	663
655	789
655	785
655	783
655	696
655	698
655	790
655	874
656	930
656	794
657	687
657	781
657	788
657	800
657	791
657	807
657	690
658	765
658	731
658	702
658	737
658	824
659	746
660	734
660	721
660	777
660	748
660	674
660	729
660	732
660	758
660	676
660	803
660	705
660	756
660	909
660	719
661	670
661	753
661	808
661	963
661	866
662	701
662	750
662	671
663	696
663	789
663	783
663	785
663	945
663	713
665	793
665	998
665	766
667	673
667	954
667	872
668	798
668	751
668	984
668	716
669	971
670	753
670	963
670	808
670	885
671	787
671	722
671	684
671	701
672	707
673	907
673	757
673	902
673	849
674	729
674	734
674	748
674	756
674	777
674	758
674	705
674	721
674	803
674	676
675	762
675	804
675	765
676	748
676	803
676	729
676	758
676	721
676	777
676	734
676	705
676	756
676	724
677	695
677	888
677	952
677	976
677	858
678	720
678	743
678	728
679	872
679	971
679	810
679	752
680	719
680	770
680	729
680	811
680	834
680	898
680	980
681	741
681	717
681	800
681	807
681	791
681	687
681	788
682	774
682	734
683	780
683	913
683	849
684	787
684	701
684	750
685	688
685	996
685	884
685	827
687	791
687	807
688	697
688	764
688	995
688	868
690	799
691	770
691	811
692	795
692	874
693	733
693	737
693	726
693	802
693	702
695	759
695	858
695	893
695	982
695	885
696	783
696	789
696	785
697	995
697	987
697	850
698	723
698	843
698	871
698	801
698	783
699	713
699	706
699	771
699	724
699	767
699	716
699	864
699	842
699	994
699	865
699	993
700	978
701	750
701	787
701	838
702	765
702	731
702	725
702	802
703	794
703	930
703	897
703	924
703	953
703	849
703	861
704	754
704	852
704	779
704	778
705	758
705	777
705	721
705	734
705	714
705	729
705	803
705	756
705	748
706	767
706	716
706	771
706	724
706	713
706	911
706	904
706	772
708	745
709	796
709	862
709	872
710	735
711	810
711	752
711	943
711	768
711	872
711	730
711	718
712	775
712	736
713	716
713	767
713	724
713	771
713	992
713	825
713	774
714	732
714	756
714	734
715	806
715	757
715	907
716	724
716	767
716	771
716	888
717	741
717	800
717	791
717	781
718	768
718	872
718	752
718	971
718	943
718	997
719	770
719	994
720	728
721	756
721	758
721	803
721	734
721	777
721	748
721	729
721	928
722	882
723	843
723	871
723	783
724	771
724	767
724	862
724	885
724	915
725	804
725	776
725	744
725	731
726	737
726	733
726	802
727	792
728	743
729	756
729	758
729	777
729	734
729	748
729	803
730	810
730	768
730	943
730	752
730	971
731	765
731	737
731	821
732	756
733	802
733	737
734	748
734	758
734	803
734	756
734	777
734	971
736	775
736	749
736	952
738	763
738	947
738	997
738	869
738	944
738	978
738	910
738	882
738	887
738	886
739	851
740	773
740	769
741	807
741	791
741	788
742	786
742	839
742	837
742	940
742	935
742	891
742	814
742	845
744	765
744	853
744	875
745	863
746	797
748	758
748	777
748	756
748	803
748	856
749	775
749	784
749	894
750	787
751	798
751	829
751	767
751	965
751	841
752	872
752	768
753	866
753	848
753	932
753	963
753	917
754	779
754	778
754	805
756	758
756	803
756	779
757	806
758	803
758	777
758	773
758	951
758	927
759	967
759	893
759	982
759	976
759	886
761	772
761	825
761	838
762	782
762	776
762	765
762	804
763	910
763	947
763	978
763	944
763	997
763	869
763	882
763	975
764	849
764	850
764	987
765	776
766	793
766	985
766	998
766	900
767	771
767	817
768	971
768	943
768	872
769	773
771	853
771	978
772	905
774	911
774	966
775	784
776	782
776	804
777	803
777	947
778	779
779	795
780	913
781	800
781	788
783	785
783	789
783	801
785	789
785	801
785	911
785	941
786	809
786	962
786	837
786	814
786	946
786	925
787	796
788	807
788	791
789	918
790	981
791	800
792	975
793	998
793	883
794	876
794	827
794	819
796	929
798	986
801	871
801	843
808	866
808	855
808	963
809	839
809	962
809	814
809	946
809	891
809	925
809	983
810	872
810	943
810	902
811	834
812	867
812	879
812	818
812	999
812	939
812	994
812	890
813	968
813	905
813	956
813	929
813	923
813	927
813	887
813	989
813	844
813	901
813	916
813	957
813	899
813	835
813	974
813	838
814	962
814	837
814	845
814	917
814	873
815	822
815	966
815	900
815	964
815	877
815	928
815	881
815	937
815	894
816	841
816	927
816	958
816	968
816	844
816	906
816	989
816	887
816	974
816	973
817	911
817	896
817	959
817	904
817	864
817	988
817	865
817	909
817	821
817	948
817	967
817	941
818	898
818	836
818	881
818	932
818	890
818	999
818	854
818	840
818	970
818	993
818	935
818	853
819	934
819	851
819	953
819	995
819	991
819	987
819	828
819	850
819	996
819	876
819	960
819	861
820	993
820	966
820	920
820	935
820	898
820	840
820	875
820	970
820	994
820	822
820	826
820	903
820	933
821	988
821	948
821	911
821	941
821	959
821	981
821	896
821	865
821	856
821	904
822	920
822	881
822	864
822	853
822	867
822	935
822	922
822	829
822	832
822	842
822	990
822	898
822	831
822	870
823	833
823	897
823	960
823	987
823	883
823	980
823	876
823	828
823	934
823	953
823	996
823	868
823	849
823	827
823	889
824	890
824	864
824	829
824	840
824	937
824	999
824	992
824	854
824	842
824	881
824	836
824	832
824	867
824	981
824	975
824	853
824	928
825	841
825	887
825	958
825	923
825	905
825	974
825	838
825	968
825	927
825	835
825	979
825	906
825	989
825	973
826	829
826	870
826	986
826	937
826	836
826	860
826	964
826	922
826	999
826	990
826	854
826	881
826	879
826	920
826	932
826	848
826	969
826	832
826	928
826	976
827	930
827	987
827	897
827	876
827	849
827	828
827	861
827	884
827	833
827	850
827	960
827	883
827	934
827	996
827	889
827	980
827	995
827	991
827	924
827	953
828	930
828	996
828	953
828	876
828	833
828	884
828	897
828	924
828	849
828	934
828	861
828	980
828	851
828	889
828	987
828	991
828	868
829	990
829	831
829	898
829	836
829	966
829	999
829	840
829	842
829	964
829	975
829	939
829	894
829	933
829	875
829	935
829	867
829	908
829	881
829	981
831	975
831	964
831	903
831	848
831	870
831	938
831	969
831	900
831	877
831	932
831	993
831	864
831	928
831	970
831	977
831	853
831	935
831	875
831	879
831	922
831	990
831	986
831	881
832	836
832	994
832	842
832	908
832	975
832	854
832	928
832	945
832	969
832	964
832	890
832	860
832	932
832	981
832	999
832	990
832	935
832	922
832	917
832	939
832	898
832	970
833	995
833	991
833	850
833	897
833	953
833	996
833	987
833	884
833	851
833	849
833	868
833	876
833	980
833	883
833	861
833	889
833	924
833	960
833	869
834	971
835	841
835	979
835	931
835	844
835	916
835	927
835	929
835	957
835	899
835	951
835	838
835	973
835	989
835	958
835	956
835	906
836	853
836	977
836	966
836	999
836	937
836	928
836	922
836	842
836	854
836	938
836	867
836	900
836	933
836	993
836	969
836	975
836	903
836	840
836	875
836	917
836	848
836	898
836	932
836	894
837	839
837	845
837	940
837	892
837	891
838	973
838	931
838	841
838	844
838	989
838	956
838	927
838	951
838	887
838	968
838	974
838	906
838	958
838	979
838	957
839	962
839	940
839	892
839	863
840	898
840	986
840	881
840	903
840	969
840	975
840	938
840	867
840	864
840	933
840	922
840	932
840	994
840	992
840	935
840	908
840	894
840	977
840	964
840	990
840	870
840	920
840	877
840	842
840	890
840	976
840	879
841	974
841	979
841	899
841	951
841	887
841	958
841	905
841	844
841	957
841	989
841	923
841	968
841	916
841	901
841	927
841	973
841	931
841	906
841	956
842	993
842	964
842	933
842	860
842	922
842	994
842	970
842	986
842	854
842	920
842	864
842	938
842	917
842	939
842	867
842	992
842	848
842	981
842	990
842	870
842	890
842	855
842	900
842	941
842	935
842	903
842	977
842	879
843	871
844	951
844	899
844	901
844	931
844	923
844	958
844	916
844	989
844	974
844	957
844	979
844	906
844	973
844	929
845	940
845	891
845	946
845	846
845	965
845	892
845	983
846	925
846	940
846	983
846	891
846	892
846	946
846	885
846	984
846	862
847	873
847	878
847	976
847	874
847	888
847	919
847	862
847	967
847	912
847	863
847	982
847	886
847	885
847	952
847	893
847	858
847	940
847	979
847	877
848	875
848	928
848	922
848	937
848	917
848	970
848	908
848	938
848	879
848	986
848	981
848	890
848	864
848	945
848	969
848	867
848	994
848	881
848	975
848	854
848	853
848	964
848	999
848	977
848	894
848	933
848	877
848	943
848	860
848	993
848	870
849	953
849	960
849	995
849	884
849	991
849	889
849	876
849	934
849	850
849	924
849	980
849	897
849	883
849	930
849	851
849	861
850	995
850	861
850	953
850	960
850	930
850	934
850	884
850	924
850	851
850	996
850	897
850	883
850	991
850	987
850	980
850	889
850	973
851	960
851	991
851	889
851	897
851	953
851	930
851	861
851	868
851	876
851	883
851	924
851	980
851	884
851	987
851	995
853	898
853	890
853	928
853	922
853	877
853	964
853	860
853	945
853	867
853	977
853	938
853	920
853	854
853	908
853	879
853	932
853	999
853	937
853	966
853	900
853	855
853	975
853	992
853	993
853	875
853	894
853	935
854	999
854	890
854	870
854	860
854	990
854	903
854	993
854	966
854	928
854	970
854	975
854	977
854	964
854	986
854	908
854	879
854	875
854	922
854	877
854	969
854	932
854	937
854	994
855	870
855	981
855	966
855	999
855	881
855	994
855	990
855	894
855	900
855	890
855	964
855	860
855	938
855	939
855	920
855	875
855	986
855	922
855	932
855	917
855	969
855	975
855	912
855	867
855	935
856	865
856	988
856	904
856	909
856	941
856	911
856	959
856	948
856	877
856	863
856	882
857	942
857	915
857	961
857	895
858	919
858	893
858	885
858	873
858	862
858	886
858	982
858	888
858	952
858	984
858	976
858	912
858	863
858	878
858	874
858	965
858	962
859	880
859	955
859	972
859	949
860	966
860	992
860	986
860	937
860	867
860	939
860	928
860	970
860	964
860	932
860	920
860	969
860	877
860	900
860	933
860	945
860	977
860	879
860	898
860	975
860	938
860	993
860	935
860	994
860	917
860	922
860	903
861	960
861	953
861	987
861	897
861	980
861	996
861	883
861	876
861	934
861	884
861	868
861	930
861	924
861	889
862	967
862	873
862	863
862	952
862	982
862	874
862	878
862	984
862	976
862	893
862	888
862	919
862	912
862	885
863	878
863	885
863	912
863	888
863	976
863	919
863	873
863	893
863	952
863	874
863	925
863	984
863	967
863	886
864	986
864	922
864	928
864	969
864	898
864	867
864	977
864	932
864	994
864	937
864	939
864	981
864	870
864	975
864	877
864	945
864	966
864	881
864	993
864	935
864	900
864	964
864	879
864	875
864	890
865	941
865	911
865	948
865	904
865	988
865	909
865	959
865	896
866	963
866	993
867	975
867	992
867	928
867	964
867	898
867	922
867	933
867	939
867	981
867	932
867	969
867	977
867	890
867	994
867	945
867	920
867	938
868	924
868	987
868	889
868	884
868	996
868	883
868	930
868	934
868	960
868	953
868	897
868	980
868	995
869	944
869	978
869	910
869	882
869	947
869	997
869	893
870	894
870	920
870	945
870	992
870	900
870	932
870	933
870	981
870	881
870	977
870	986
870	937
870	994
870	975
870	890
870	993
870	990
870	877
870	898
870	908
870	928
872	943
872	971
872	921
872	882
872	979
873	878
873	885
873	967
873	984
873	874
873	976
873	886
873	982
873	912
873	893
873	919
873	909
873	952
873	888
874	878
874	912
874	885
874	982
874	893
874	919
874	984
874	952
874	967
874	886
875	993
875	964
875	975
875	977
875	922
875	935
875	938
875	920
875	986
875	966
875	933
875	981
875	994
875	939
875	928
875	894
875	999
875	903
875	877
875	900
875	945
875	898
876	930
876	934
876	987
876	953
876	889
876	991
876	897
876	996
876	980
876	883
876	995
876	960
876	924
876	887
877	981
877	970
877	990
877	969
877	903
877	908
877	917
877	966
877	994
877	920
877	922
877	975
877	999
877	900
877	939
877	977
877	890
877	993
877	933
877	928
877	986
878	976
878	984
878	888
878	886
878	885
878	982
878	967
878	912
878	952
878	893
878	964
878	919
878	986
879	981
879	964
879	932
879	970
879	975
879	917
879	986
879	922
879	999
879	993
879	928
879	935
879	948
879	898
879	933
879	966
879	938
879	990
879	890
879	969
879	939
879	908
879	994
880	949
880	955
880	972
881	898
881	964
881	970
881	908
881	935
881	937
881	938
881	894
881	986
881	903
881	975
881	981
881	932
881	993
881	890
881	928
881	945
881	969
881	992
881	933
881	939
881	977
882	978
882	910
882	947
882	944
882	997
882	890
882	935
882	893
883	889
883	924
883	991
883	884
883	934
883	995
883	980
883	960
883	987
883	996
883	930
883	953
884	980
884	960
884	897
884	996
884	889
884	995
884	953
884	924
884	934
884	991
884	930
884	987
885	888
885	976
885	886
885	912
885	984
885	967
885	982
885	892
885	962
885	919
885	952
885	978
886	919
886	967
886	982
886	912
886	952
886	888
886	984
886	976
886	893
886	891
887	974
887	973
887	905
887	899
887	906
887	901
887	929
887	989
887	957
887	958
887	927
887	931
887	951
887	916
888	912
888	984
888	976
888	952
888	982
888	967
888	977
888	919
889	996
889	991
889	995
889	934
889	924
889	960
889	930
889	980
889	897
889	987
890	920
890	908
890	898
890	969
890	903
890	975
890	937
890	938
890	977
890	900
890	986
890	894
890	992
890	966
890	994
890	945
890	970
890	981
890	933
890	990
890	928
891	925
891	940
891	892
891	946
891	983
892	925
892	965
892	946
892	940
892	962
892	983
893	982
893	952
893	912
893	919
893	976
893	967
893	984
893	959
894	903
894	939
894	977
894	945
894	966
894	964
894	992
894	969
894	932
894	920
894	933
894	898
894	975
894	938
894	994
895	936
895	942
895	915
895	961
896	911
896	959
896	941
896	909
896	904
896	988
896	948
896	917
896	935
897	924
897	996
897	930
897	934
897	980
897	995
897	953
897	987
897	991
897	960
898	992
898	908
898	903
898	939
898	975
898	993
898	933
898	999
898	969
898	964
898	981
898	917
898	922
898	945
898	966
899	974
899	989
899	958
899	927
899	968
899	901
899	957
899	951
899	979
899	916
899	931
899	923
899	905
900	945
900	938
900	994
900	903
900	939
900	981
900	933
900	920
900	932
900	922
900	992
900	999
900	937
900	908
900	915
900	993
901	956
901	923
901	905
901	931
901	929
901	957
901	979
901	958
901	951
901	973
901	989
901	968
902	907
902	954
903	964
903	928
903	981
903	945
903	994
903	917
903	937
903	908
903	993
903	938
903	986
903	939
903	966
903	992
903	970
903	999
903	935
903	920
903	990
904	941
904	909
904	988
904	959
904	948
904	911
904	970
904	917
905	956
905	923
905	916
905	958
905	989
905	929
905	951
905	926
905	974
905	973
906	973
906	957
906	958
906	927
906	951
906	916
906	979
906	968
906	931
906	974
906	923
906	956
907	954
908	981
908	964
908	993
908	935
908	992
908	945
908	937
908	932
908	920
908	966
908	922
908	939
908	975
908	994
908	933
908	938
909	941
909	911
909	988
909	948
909	959
910	944
910	978
910	997
910	947
911	959
911	941
911	948
911	988
911	932
912	982
912	976
912	952
912	984
912	990
912	965
912	919
914	972
914	955
915	961
915	936
915	942
916	958
916	974
916	989
916	923
916	931
916	968
916	951
916	979
916	957
916	927
916	966
916	973
917	992
917	969
917	920
917	975
917	922
917	928
917	966
917	938
917	999
917	964
917	977
917	990
917	939
917	986
918	926
919	952
919	982
919	976
919	967
919	984
920	970
920	990
920	986
920	939
920	994
920	969
920	992
920	999
920	938
920	966
920	964
920	935
920	981
920	977
920	937
920	993
922	970
922	935
922	994
922	938
922	992
922	945
922	993
922	964
922	981
922	966
922	933
923	968
923	956
923	929
923	979
923	951
923	989
923	973
923	927
924	991
924	934
924	995
924	996
924	953
924	960
924	987
925	965
925	946
925	983
925	940
927	951
927	973
927	974
927	931
927	989
927	929
927	957
927	956
927	958
927	979
928	937
928	994
928	992
928	939
928	964
928	977
928	986
928	969
928	993
928	945
928	933
928	935
928	976
928	981
928	970
929	968
929	956
929	951
929	979
929	974
929	931
929	973
930	991
930	995
930	980
930	987
930	996
930	960
930	953
931	989
931	958
931	979
931	974
931	957
931	951
931	973
931	932
932	977
932	945
932	938
932	992
932	969
932	970
932	990
932	935
932	994
932	937
932	964
932	981
932	986
933	993
933	970
933	945
933	986
933	992
933	935
933	964
933	994
933	938
933	981
933	975
933	966
933	990
934	995
934	996
934	987
934	953
934	980
934	960
935	964
935	981
935	986
935	999
935	970
935	993
935	937
935	994
935	977
935	945
935	992
935	990
936	961
937	990
937	986
937	993
937	939
937	994
937	945
937	982
937	999
937	977
937	969
938	939
938	981
938	969
938	992
938	964
938	970
938	977
938	966
938	986
938	999
938	975
939	975
939	964
939	969
939	999
939	977
939	993
939	992
939	945
939	986
939	970
940	983
940	965
940	946
941	959
941	948
941	988
941	997
942	961
943	971
944	978
944	947
944	997
944	983
944	998
945	966
945	975
945	964
945	993
945	969
945	992
945	994
945	977
945	990
946	983
946	965
946	962
947	978
947	997
947	984
948	988
948	964
948	959
949	972
949	955
951	974
951	958
951	979
951	956
951	973
951	957
952	982
952	984
952	967
952	983
952	976
953	995
953	996
953	980
953	987
953	991
955	972
956	968
956	979
956	973
956	974
956	982
957	989
957	973
957	968
957	974
958	979
958	974
958	968
958	989
958	973
959	988
960	996
960	991
960	980
960	995
964	969
964	981
964	977
964	994
964	970
964	966
964	992
964	986
965	983
965	967
965	984
966	993
966	969
966	986
966	970
966	999
966	992
967	982
967	976
967	984
968	973
969	977
969	999
969	986
969	975
969	992
970	981
970	990
970	975
970	977
970	994
970	986
970	999
973	989
973	979
974	979
974	989
975	990
975	986
975	994
975	992
976	982
976	984
976	983
977	993
977	981
977	992
977	999
977	994
978	997
979	989
980	991
980	987
980	996
981	986
981	993
981	992
981	994
981	999
985	998
986	994
986	993
986	999
986	992
987	996
987	995
988	994
990	992
990	999
990	993
991	996
991	995
992	999
992	994
992	993
994	999
995	996
