0	973
0	938
0	561
0	643
0	907
0	607
0	658
0	810
0	184
0	586
1	542
1	522
1	718
1	674
1	991
1	868
1	584
1	926
1	774
1	595
2	814
2	694
2	544
2	468
2	20
2	541
2	972
2	546
2	360
2	601
2	856
2	283
3	611
3	99
3	590
3	229
3	315
3	482
3	714
3	788
3	535
3	484
3	989
3	227
3	918
3	231
3	242
4	714
4	535
4	886
4	484
4	231
4	482
4	227
4	315
4	434
4	701
5	776
5	723
5	805
5	750
5	281
5	882
5	102
5	134
5	687
6	821
6	987
6	817
6	767
6	684
6	775
6	656
6	577
6	772
6	803
7	12
7	9
7	36
7	496
7	495
7	488
7	486
7	13
7	257
7	261
7	258
7	738
8	11
8	10
8	767
8	877
9	13
9	487
9	488
9	486
9	496
9	495
9	12
9	36
9	260
9	263
9	254
10	498
10	11
10	756
11	498
11	756
12	13
12	496
12	487
12	36
12	486
12	495
12	488
12	260
12	257
12	252
13	487
13	496
13	36
13	486
13	488
13	495
13	116
13	258
13	261
14	26
14	105
14	443
14	225
14	77
15	19
15	21
15	354
15	18
15	988
15	351
15	128
15	693
15	866
15	786
15	664
16	964
16	869
16	675
16	736
17	24
17	27
17	22
17	621
17	103
17	353
17	452
17	738
17	312
17	948
17	743
18	19
18	21
18	111
18	349
18	682
18	585
18	227
18	627
18	752
19	21
19	988
19	111
19	882
19	752
19	323
19	622
20	544
20	546
20	814
20	138
21	351
21	349
21	988
21	805
21	896
21	609
21	603
22	27
22	24
22	738
22	452
22	103
22	308
22	621
22	593
23	305
23	990
23	608
23	303
24	27
24	452
24	738
24	98
24	103
24	353
24	621
24	694
24	252
25	301
25	166
25	76
25	141
26	443
26	105
26	225
26	532
26	42
27	738
27	353
27	452
27	98
27	308
27	260
28	33
28	34
28	245
28	395
28	396
28	391
28	393
28	784
28	929
28	945
29	32
29	34
29	249
29	248
29	245
29	251
29	288
29	945
29	686
29	291
30	31
30	702
30	289
30	109
30	710
31	289
31	388
31	702
31	355
32	34
32	248
32	247
32	206
32	209
32	292
32	290
32	251
32	287
33	34
33	245
33	249
33	250
33	287
33	784
33	396
33	181
33	434
34	246
34	249
34	250
34	247
34	784
34	203
35	37
35	490
35	41
35	153
35	492
35	489
35	491
35	150
35	497
35	752
35	844
35	713
35	622
35	515
36	488
36	487
36	496
36	495
36	252
36	265
36	263
36	253
36	719
37	41
37	492
37	489
37	150
37	40
37	497
37	917
37	153
37	517
37	713
37	839
37	954
37	805
38	571
38	425
38	493
38	663
39	494
39	43
39	769
39	428
39	418
40	492
40	491
40	497
40	490
40	41
40	489
40	882
40	752
40	622
40	839
40	878
40	232
40	603
41	490
41	497
41	491
41	489
41	153
41	150
41	480
41	861
41	562
41	878
42	721
42	998
42	909
42	70
42	680
42	975
42	162
42	54
42	49
42	437
42	151
42	161
43	769
43	781
43	532
43	559
43	682
43	48
43	944
43	419
43	432
43	152
43	427
43	110
43	836
43	431
44	628
44	645
44	809
44	957
44	648
44	45
44	885
44	585
44	559
44	958
44	836
44	562
44	744
45	957
45	585
45	885
45	645
45	665
45	836
45	648
45	46
46	665
46	585
46	885
46	648
46	645
46	809
46	836
46	957
46	628
46	783
47	960
47	827
47	269
47	75
47	52
47	569
48	682
48	944
48	559
48	781
48	532
48	152
48	769
48	418
48	415
48	515
48	121
48	603
48	939
48	921
49	54
49	433
49	438
49	162
49	163
49	740
49	436
49	998
50	433
50	438
50	439
50	161
50	909
50	334
50	338
51	442
51	435
51	905
51	801
52	53
52	827
52	960
54	438
54	436
54	163
54	998
54	72
54	437
55	167
55	434
55	268
55	189
55	165
55	655
55	564
56	61
56	704
56	878
56	752
56	480
56	479
56	235
56	529
56	481
56	58
57	714
57	886
57	535
57	482
57	716
57	701
57	227
57	590
57	229
57	99
58	59
58	529
58	480
58	713
58	609
58	882
58	622
58	603
58	704
59	761
59	954
59	555
59	627
59	752
59	603
59	517
59	479
59	917
60	233
60	874
60	591
60	228
60	976
60	237
60	713
60	942
60	730
60	766
60	477
61	62
61	722
61	761
61	476
61	236
61	517
61	555
61	150
61	627
62	761
62	603
62	878
62	481
62	236
62	954
62	752
62	839
62	882
63	922
63	735
63	537
63	797
63	667
63	921
63	570
63	616
64	851
64	775
64	863
64	767
64	817
64	705
64	860
64	656
64	683
64	939
65	727
65	615
65	640
65	691
66	863
66	877
66	767
66	775
66	705
66	821
66	527
66	736
66	67
66	656
67	900
67	772
67	684
67	736
67	873
67	817
67	987
67	863
67	375
68	647
68	904
68	895
68	398
68	403
68	401
68	706
68	531
68	404
69	895
69	647
69	531
69	904
69	876
69	403
69	398
69	404
69	324
70	267
70	272
70	270
70	975
70	680
70	841
70	161
70	740
70	271
71	195
71	435
71	992
71	889
72	270
72	272
72	267
72	909
72	680
72	436
72	841
72	438
72	721
72	237
73	266
73	74
73	657
74	266
74	76
74	166
74	440
74	441
74	906
74	657
75	960
75	827
75	624
76	266
76	166
76	440
76	441
76	906
76	657
77	80
77	83
77	125
77	119
77	79
77	753
77	997
77	626
77	121
77	123
77	81
77	553
77	812
77	134
78	739
78	984
78	966
78	780
79	80
79	81
79	124
79	125
79	997
79	553
79	123
79	121
79	870
79	753
79	83
79	969
79	626
80	83
80	121
80	125
80	81
80	626
80	870
80	969
80	124
80	553
80	123
80	119
80	426
80	753
81	83
81	124
81	125
81	753
81	119
81	870
81	553
81	997
81	969
81	775
81	626
81	121
82	122
82	120
82	552
82	444
83	121
83	124
83	553
83	969
83	626
83	125
83	870
83	123
83	997
83	753
84	89
84	88
84	90
84	85
84	890
84	926
84	154
84	86
84	676
84	757
85	86
85	676
85	890
85	926
85	604
85	536
85	980
85	963
85	859
86	88
86	536
86	564
86	926
86	980
86	157
86	676
86	460
87	528
87	778
87	598
87	967
87	337
88	564
88	89
88	963
88	676
88	980
88	604
88	536
88	859
89	926
89	90
89	963
89	980
89	604
89	536
89	386
89	564
90	980
90	890
90	536
90	564
90	676
90	859
90	381
90	963
91	92
91	376
91	373
91	378
91	379
91	578
91	591
92	376
92	373
92	378
92	379
92	517
93	451
93	444
94	95
94	374
94	377
94	375
94	372
94	527
94	987
95	372
95	377
95	374
95	873
95	736
95	560
96	321
96	369
96	364
96	371
97	366
97	367
97	316
97	322
98	312
98	103
98	294
98	308
98	738
99	227
99	310
99	229
99	886
99	482
99	788
99	759
99	989
99	315
99	611
99	590
99	714
100	314
100	104
100	284
100	794
100	948
100	793
101	226
101	313
101	224
101	505
101	593
101	884
101	277
101	819
101	703
101	296
101	577
102	298
102	743
102	230
102	864
102	790
102	299
102	750
102	723
102	894
103	308
103	312
103	294
104	314
104	948
104	284
104	793
104	857
104	551
104	737
105	443
105	760
105	225
105	162
106	107
106	109
106	710
106	447
106	449
106	896
106	717
106	108
106	522
106	469
107	108
107	109
107	447
107	896
107	717
107	710
107	449
107	782
107	450
107	469
107	885
108	109
108	896
108	710
108	717
108	447
108	469
108	449
108	782
109	896
109	717
109	449
109	447
109	450
109	955
109	782
109	240
110	139
110	138
110	592
110	446
111	988
111	354
111	724
111	641
111	609
111	295
111	713
111	722
111	515
112	256
112	511
113	262
113	259
113	264
113	165
114	118
114	117
115	116
115	253
115	265
115	263
116	265
116	257
117	118
118	408
119	123
119	124
119	121
119	753
119	997
119	125
119	872
119	420
119	224
120	552
120	122
120	214
121	553
121	870
121	125
121	753
121	969
121	626
121	368
121	663
121	477
121	862
121	809
121	124
122	552
122	623
123	125
123	553
123	969
123	753
123	870
123	124
123	997
123	626
123	545
124	125
124	969
124	870
124	753
124	626
124	997
124	133
124	986
124	550
125	626
125	997
125	870
125	553
125	368
125	882
126	131
126	132
126	181
126	128
126	177
126	176
126	130
126	737
126	913
126	179
126	899
126	980
127	175
127	129
127	820
127	178
128	177
128	131
128	181
128	130
128	132
128	179
128	180
128	564
128	541
129	175
129	178
129	673
130	132
130	131
130	181
130	179
130	177
130	176
130	180
130	664
130	683
130	927
131	132
131	181
131	180
131	177
131	179
131	176
131	994
131	567
131	851
132	177
132	180
132	176
132	179
132	181
132	535
132	263
132	864
133	134
133	365
133	319
134	319
134	365
135	687
135	575
136	146
136	668
137	992
137	889
139	592
140	142
140	560
140	145
140	869
140	675
140	556
140	939
140	736
140	908
140	772
141	906
141	301
141	166
141	266
141	440
141	969
141	823
142	144
142	145
142	554
142	908
142	939
142	756
142	605
142	728
142	964
143	146
143	912
143	199
143	513
143	511
143	715
143	802
143	745
144	560
144	675
144	964
144	530
144	554
144	756
144	574
144	600
144	805
145	560
145	869
145	831
145	803
145	881
145	683
145	556
145	908
146	912
146	616
146	472
146	961
146	768
146	715
146	646
147	148
147	151
147	149
147	267
148	151
148	149
148	437
149	151
149	272
150	490
150	153
150	491
150	489
150	492
150	497
150	704
150	878
150	722
150	917
152	494
152	559
152	781
153	490
153	491
153	186
153	878
153	752
153	485
153	489
153	839
153	713
153	821
154	156
154	155
154	157
155	156
155	157
155	536
156	157
156	676
158	160
158	159
158	180
159	160
161	163
161	164
161	841
161	433
161	975
161	243
161	906
162	164
162	437
162	439
162	163
162	267
162	747
163	164
163	437
163	909
163	740
163	272
163	335
164	433
164	439
164	975
164	841
164	909
164	436
164	438
165	167
165	268
165	434
165	215
165	880
166	440
166	441
166	266
166	657
166	301
167	434
167	268
167	660
167	610
167	691
168	171
168	173
168	170
168	185
168	359
168	356
168	362
168	360
168	174
168	358
169	174
169	170
169	171
169	182
169	173
169	357
169	358
169	359
169	362
169	186
170	173
170	185
170	187
170	171
170	361
170	359
170	183
170	186
171	182
171	183
171	920
171	549
171	186
171	174
171	824
172	184
172	188
172	363
172	885
172	216
173	183
173	185
173	356
173	359
173	360
173	357
173	187
174	183
174	362
174	360
174	182
174	356
174	361
174	357
175	178
175	825
175	982
176	180
176	181
176	179
176	750
176	177
176	958
177	181
177	179
177	180
177	185
177	632
177	492
178	951
179	181
179	180
179	642
179	772
179	541
180	181
180	608
180	567
180	930
181	672
181	949
182	183
182	186
182	362
182	359
182	358
182	356
182	229
183	187
183	360
183	361
183	732
183	318
184	188
184	363
184	185
185	187
185	358
185	186
185	357
185	361
186	187
186	359
186	357
186	361
187	362
187	357
187	358
187	359
187	361
188	363
188	317
188	621
189	268
190	192
190	193
190	191
190	411
190	423
191	192
191	193
191	413
192	193
192	407
193	411
194	721
194	740
195	748
196	352
196	818
197	202
197	198
197	350
197	469
198	202
198	355
198	914
199	715
200	546
200	468
201	881
201	964
202	914
202	348
203	288
203	287
203	209
203	205
203	204
203	248
203	392
203	207
203	786
204	209
204	205
204	206
204	292
204	287
204	290
204	288
204	246
204	724
205	207
205	206
205	292
205	247
205	288
205	291
205	799
205	847
206	291
206	288
206	209
206	292
206	246
206	249
206	391
207	209
207	290
207	291
207	245
207	246
207	287
207	799
207	786
208	293
208	389
208	578
208	373
209	291
209	292
209	247
209	784
209	641
210	387
210	211
210	384
210	462
210	925
210	461
210	933
210	455
210	214
210	382
210	734
210	473
210	557
210	630
211	214
211	387
211	380
211	461
211	383
211	384
211	933
211	382
211	925
211	897
211	696
211	828
212	887
212	688
212	552
213	216
213	381
213	953
213	386
213	757
213	677
213	460
213	385
213	859
213	890
213	965
213	564
213	926
213	963
214	383
214	382
214	380
214	384
214	459
214	462
214	387
215	660
215	655
215	456
216	386
216	385
216	677
216	381
216	460
216	757
216	524
216	926
216	604
216	219
216	859
216	300
217	219
217	221
217	220
217	223
217	410
217	408
217	406
217	222
217	414
217	413
218	220
218	221
218	223
218	407
218	410
218	408
218	222
218	219
218	409
218	273
219	412
219	406
219	414
219	409
219	220
219	223
219	417
220	409
220	407
220	411
220	408
220	410
220	412
220	221
221	414
221	409
221	412
221	411
221	413
221	421
221	223
222	223
222	411
222	414
222	407
222	408
222	413
222	409
222	703
223	412
223	407
223	422
223	406
223	445
224	309
224	313
224	296
224	300
224	593
224	279
224	703
224	634
224	226
224	505
224	297
224	853
225	760
225	443
225	335
225	841
226	309
226	313
226	296
226	819
226	853
226	275
226	279
226	983
226	635
226	815
226	505
226	634
226	703
226	588
227	989
227	788
227	611
227	315
227	484
227	716
227	886
227	535
227	866
227	313
228	477
228	233
228	766
228	237
228	942
228	744
228	874
228	591
228	976
228	730
228	873
229	315
229	611
229	759
229	637
229	716
229	448
229	714
230	295
230	776
230	299
230	805
230	747
230	923
230	689
230	935
230	281
231	482
231	886
231	759
231	611
231	714
231	585
231	535
231	761
232	475
232	478
232	235
232	954
232	603
232	713
232	627
232	722
232	562
233	237
233	874
233	591
233	730
233	942
233	935
233	814
233	766
234	235
234	236
234	475
234	478
234	483
234	476
234	844
234	479
234	752
234	627
235	479
235	478
235	483
235	761
235	839
235	917
235	704
236	485
236	481
236	954
236	839
236	704
236	562
236	490
237	976
237	874
237	865
237	730
237	720
237	954
237	591
237	990
237	942
238	244
238	240
238	242
238	243
238	337
238	959
238	283
238	425
239	241
239	334
239	338
239	267
239	975
239	437
239	271
240	243
240	242
240	244
240	339
240	598
241	850
241	335
241	338
241	334
241	270
242	244
242	243
242	337
242	598
242	339
242	535
242	864
242	617
243	244
243	540
243	528
243	337
243	339
244	337
244	573
244	339
244	949
244	900
244	989
245	251
245	248
245	247
245	250
245	246
245	288
246	249
246	251
246	248
246	292
246	875
247	251
247	248
247	393
247	394
247	736
248	250
248	249
248	986
248	786
249	250
249	251
249	291
249	986
250	251
250	287
250	288
250	290
250	391
251	290
251	292
251	641
252	257
252	265
252	254
252	260
252	261
252	263
252	258
252	253
253	265
253	261
253	257
253	254
253	260
253	263
253	258
253	496
253	495
253	452
254	263
254	258
254	265
254	495
254	260
254	261
254	486
254	624
255	639
255	307
256	811
257	265
257	258
257	263
257	261
257	260
257	486
257	592
257	738
258	265
258	261
258	260
258	486
258	263
258	496
258	488
259	262
259	264
259	984
260	261
260	263
260	265
260	495
260	487
260	488
261	265
261	263
261	488
261	487
261	445
262	264
262	797
263	487
263	486
263	621
264	966
265	487
265	495
265	496
265	669
266	440
266	441
266	823
267	270
267	272
267	740
267	909
267	680
267	436
267	721
268	434
268	456
268	601
270	841
270	909
270	998
270	272
270	975
270	271
270	437
270	334
271	975
272	680
272	841
272	721
272	740
272	335
272	998
273	279
273	275
273	277
273	274
273	815
273	635
273	325
273	313
274	275
274	279
274	815
274	309
274	983
274	853
274	766
274	945
275	277
275	279
275	325
275	635
275	884
275	983
276	613
276	326
277	279
277	635
277	634
277	884
277	296
277	313
278	764
278	872
278	328
279	635
279	634
279	300
280	662
280	765
280	731
280	597
280	545
280	999
280	865
280	892
281	750
281	894
281	743
281	747
281	935
281	805
281	723
281	295
281	612
281	576
281	299
281	923
281	957
281	971
282	773
282	993
282	620
282	709
282	962
282	930
282	977
282	530
282	576
282	849
282	431
283	286
283	808
283	790
283	856
283	672
283	959
283	725
283	691
283	379
284	948
284	793
284	314
285	956
285	685
285	979
285	600
285	829
285	605
285	574
285	770
285	659
285	728
285	705
285	656
285	767
285	964
285	386
286	856
286	672
286	807
286	691
286	959
286	808
286	567
287	986
287	392
287	641
287	786
288	291
288	875
288	929
289	388
289	782
289	449
290	292
290	291
290	392
290	394
290	784
291	292
291	986
292	724
293	578
293	389
293	376
294	308
294	312
294	621
294	353
294	452
295	299
295	298
295	776
295	402
295	689
295	723
296	297
296	300
296	505
296	703
296	313
296	593
296	634
296	819
296	864
296	853
296	815
296	321
297	300
297	309
297	884
297	853
297	313
297	634
297	593
297	983
298	776
298	750
298	299
298	743
298	723
298	612
298	720
298	728
299	723
299	689
299	627
299	750
299	612
300	593
300	983
300	884
300	853
300	703
300	357
300	313
300	915
300	515
300	505
300	466
301	657
301	906
302	690
302	888
302	708
302	536
303	305
303	306
303	871
303	711
303	726
303	994
303	785
303	990
303	697
303	867
304	881
304	560
304	869
304	908
304	554
304	900
304	772
304	979
304	877
304	860
304	684
304	803
304	851
304	964
304	831
304	556
304	956
304	817
304	736
304	577
304	675
304	574
304	873
304	683
305	306
305	994
305	711
305	785
305	744
305	699
305	726
305	775
305	697
306	744
306	711
306	990
306	785
306	994
306	871
306	599
306	942
306	726
307	566
307	795
307	572
307	796
308	738
309	313
309	634
309	635
309	505
309	983
309	854
309	471
309	884
309	638
309	815
310	315
310	590
310	611
310	989
310	759
310	714
310	591
310	701
310	878
310	535
310	314
311	751
311	506
311	544
312	621
312	452
312	738
313	819
313	635
313	505
313	983
313	417
313	694
313	705
313	593
314	794
314	948
314	793
314	857
315	590
315	484
315	788
315	886
315	535
315	714
315	716
315	566
315	611
316	322
316	370
316	366
316	367
317	363
318	732
318	549
318	920
319	365
319	368
319	626
320	323
320	503
320	500
320	817
320	880
321	369
321	371
321	364
322	370
322	367
322	366
323	614
323	500
324	331
324	327
324	330
324	876
326	613
327	329
327	331
327	330
327	895
328	872
328	764
328	828
329	330
329	331
329	650
329	400
330	331
330	398
331	766
332	336
332	653
333	996
333	867
334	338
334	335
334	439
335	338
335	767
336	653
337	339
337	528
337	773
338	850
338	975
339	778
339	704
339	556
339	759
340	342
340	341
340	343
340	345
340	347
340	344
340	978
340	346
340	926
341	345
341	347
341	463
341	453
341	344
341	342
341	343
341	346
341	843
342	343
342	345
342	346
342	771
342	347
342	816
342	692
343	345
343	346
343	344
343	347
343	787
343	614
343	843
344	347
344	454
344	346
344	345
344	692
344	724
345	347
345	458
345	816
345	346
345	843
346	978
346	347
346	567
346	363
347	698
347	787
347	692
348	350
348	355
348	782
349	351
349	354
350	355
350	914
351	354
352	818
355	469
356	360
356	362
356	358
356	359
356	357
356	989
357	361
357	358
358	362
358	361
358	359
359	360
360	362
360	361
360	590
361	465
362	508
362	565
364	369
364	371
364	785
365	368
365	847
366	367
366	370
366	898
367	370
367	620
369	371
369	808
370	822
371	703
372	374
372	375
372	377
372	900
372	869
373	376
373	378
373	379
373	445
374	377
374	375
374	873
374	860
375	377
375	860
375	767
376	379
376	378
376	763
377	767
377	736
378	379
378	520
378	389
379	997
380	384
380	455
380	382
380	387
380	933
380	383
380	925
380	459
380	450
380	972
380	943
381	385
381	953
381	524
381	965
381	677
381	757
381	676
381	536
381	859
381	980
381	604
382	387
382	383
382	455
382	457
382	933
382	970
382	971
382	538
382	523
383	384
383	461
383	387
383	457
383	933
383	925
383	734
383	700
383	606
383	581
384	387
384	457
384	459
384	925
384	462
384	933
384	962
384	955
385	460
385	953
385	677
385	386
385	757
385	965
385	604
385	859
385	963
385	536
385	926
386	677
386	757
386	524
386	460
386	980
386	953
386	604
386	859
386	708
387	461
387	457
387	462
387	933
387	581
387	538
388	702
388	588
388	447
389	578
390	392
390	393
390	391
390	394
390	396
390	395
390	929
390	847
390	534
390	650
391	396
391	394
391	650
391	393
391	799
391	395
392	394
392	393
392	395
392	784
392	650
392	534
393	395
393	396
393	394
393	799
393	724
394	396
394	686
394	986
394	650
395	396
395	929
395	986
395	724
395	534
396	534
396	686
396	875
397	402
397	403
397	399
397	400
397	404
397	405
397	647
397	895
397	876
397	531
398	400
398	402
398	401
398	399
398	876
398	895
398	404
399	405
399	401
399	400
399	403
399	895
399	531
399	876
399	402
400	401
400	405
400	402
400	404
400	876
400	403
401	403
401	405
401	404
401	904
401	895
401	996
402	404
402	403
402	405
402	706
402	647
403	405
403	531
403	706
404	405
404	904
404	706
405	706
405	647
406	408
406	414
406	407
406	413
406	410
406	409
406	412
407	411
407	413
407	412
407	410
408	414
408	410
408	409
408	412
409	411
409	413
409	414
410	411
410	414
410	412
410	413
411	412
411	414
412	413
413	414
415	418
415	428
415	424
415	682
416	420
416	431
416	913
416	689
417	422
417	421
417	423
418	419
418	424
419	427
419	781
419	532
420	913
420	533
421	422
421	423
422	423
424	428
424	427
424	432
424	494
424	682
425	571
425	493
426	918
426	599
426	609
427	428
427	432
427	944
427	494
428	432
428	781
428	682
429	430
429	692
430	787
431	913
432	944
432	769
432	532
433	436
433	439
433	740
433	841
433	680
433	550
434	455
435	442
435	905
435	992
435	748
435	441
436	438
436	439
436	539
437	439
437	721
437	998
438	439
438	680
438	721
438	841
439	975
439	998
440	441
440	906
440	657
441	657
441	823
442	905
442	801
442	748
443	760
443	998
443	680
444	451
445	448
445	632
445	830
445	687
446	592
446	610
446	890
446	595
447	449
447	717
447	710
447	896
447	450
447	702
447	776
448	830
448	632
448	687
448	684
448	748
449	450
449	896
449	717
449	710
449	588
449	955
450	710
450	717
450	896
450	588
450	914
450	585
450	782
452	738
452	621
452	733
453	454
453	463
453	458
454	458
454	463
455	457
455	459
455	925
456	660
456	655
457	461
457	462
457	459
458	463
458	950
459	462
459	461
459	933
460	757
460	953
460	965
460	677
460	536
460	926
460	604
460	676
460	564
461	462
461	925
462	933
464	472
464	467
464	937
464	715
464	848
464	934
464	791
464	640
465	470
465	474
465	466
466	470
466	474
467	472
467	617
467	779
467	715
467	934
467	513
467	668
468	972
468	541
468	814
468	601
468	728
468	544
468	546
468	830
468	788
468	694
468	849
469	955
469	588
469	914
469	782
469	896
469	560
470	474
470	644
471	806
471	670
471	596
471	792
471	780
471	852
471	547
472	791
472	848
472	833
472	832
472	919
473	652
473	700
473	630
473	557
473	538
473	734
473	828
473	971
473	970
473	503
474	512
475	479
475	515
475	713
475	761
475	622
475	839
475	517
475	609
476	478
476	483
476	480
476	485
476	555
476	954
476	492
476	679
477	874
477	976
477	942
477	591
477	720
477	821
477	766
477	935
478	480
478	481
478	609
478	752
478	627
478	878
479	485
479	622
479	517
479	603
479	722
480	882
480	761
480	878
480	844
480	954
481	483
481	722
481	609
481	562
481	517
481	882
482	535
482	590
482	714
482	867
482	611
483	752
483	704
483	878
483	622
483	954
483	485
484	701
484	714
484	759
484	590
484	861
484	788
485	562
485	878
485	555
485	515
485	627
486	495
486	488
486	487
486	496
487	495
487	496
487	488
488	496
488	917
489	491
489	490
489	492
489	497
489	722
489	878
489	761
489	622
490	497
490	492
490	491
490	704
490	609
490	627
490	722
491	497
491	492
491	622
491	910
491	722
491	609
491	627
492	497
492	954
492	761
492	704
492	733
493	571
493	772
494	682
494	673
495	496
497	917
497	603
497	713
497	609
497	844
498	956
498	556
499	514
499	754
499	981
499	518
499	589
499	624
499	551
499	558
499	711
499	863
499	671
500	503
500	614
500	877
501	519
501	512
501	812
501	985
501	590
502	575
502	509
502	852
502	780
502	547
502	938
502	855
502	586
502	842
502	972
502	755
502	840
502	949
502	729
502	859
502	762
503	614
504	796
504	822
504	826
504	510
504	774
504	798
504	584
504	639
504	572
504	924
504	991
505	983
505	853
505	884
505	703
505	838
505	634
505	593
506	751
507	625
507	525
507	539
507	897
508	565
509	762
509	670
509	586
509	547
509	533
509	899
509	780
509	679
509	755
509	596
509	842
509	954
509	806
509	546
509	729
509	562
510	639
510	868
510	774
510	595
510	796
510	718
510	822
510	798
510	795
510	623
510	674
510	826
511	513
511	715
511	668
511	569
511	934
511	931
511	745
511	961
511	616
511	791
511	617
511	937
511	580
511	802
511	912
511	834
511	646
512	519
512	812
512	985
513	931
513	715
513	934
513	668
513	580
513	646
513	768
513	919
513	832
513	833
513	569
513	617
513	848
513	749
513	811
513	779
514	518
514	671
514	981
514	758
514	712
514	551
514	903
514	754
515	517
515	622
515	609
515	882
515	954
515	713
515	761
515	844
515	704
515	562
515	917
515	555
515	722
515	972
516	862
516	893
516	742
516	958
516	720
516	619
516	916
516	866
516	523
517	878
517	844
517	761
517	562
517	529
517	882
517	555
517	627
517	722
517	839
517	954
517	917
517	704
517	867
517	806
517	609
518	981
518	754
518	589
518	558
518	551
518	758
518	712
518	862
518	526
518	671
519	812
519	985
519	849
520	602
520	741
520	804
520	902
520	526
520	695
520	762
521	684
521	900
521	775
521	656
521	863
521	527
521	705
522	928
522	623
522	795
522	542
522	718
522	991
523	971
523	630
523	652
523	581
523	557
523	943
523	700
523	897
523	970
523	538
523	696
523	734
524	677
524	953
524	757
524	965
524	859
524	604
524	890
524	536
524	546
524	564
524	963
525	625
525	539
526	883
526	763
526	695
526	602
526	629
526	902
527	817
527	736
527	863
527	851
527	803
527	987
527	772
527	705
527	577
527	775
528	778
528	967
529	878
529	603
529	752
529	555
529	609
529	761
529	839
529	722
529	622
529	704
529	562
529	713
530	675
530	554
530	556
530	560
530	600
530	803
530	817
530	756
530	877
530	908
530	939
530	775
530	736
530	683
530	656
531	647
531	876
531	904
531	706
532	559
532	769
532	682
532	781
532	944
532	560
533	596
533	547
533	810
533	852
533	586
533	658
533	679
533	938
533	805
533	722
533	729
533	840
533	607
534	686
534	786
534	875
534	929
534	724
534	799
534	945
534	784
534	650
534	986
534	847
534	641
534	694
534	996
535	701
535	886
535	716
535	788
535	989
535	611
536	890
536	963
536	859
536	564
536	926
536	676
536	980
536	604
536	953
536	865
536	965
537	922
537	797
537	681
537	735
537	543
537	961
538	897
538	696
538	828
538	734
538	970
538	652
538	971
538	581
538	557
538	682
539	625
540	573
541	601
541	544
541	972
541	546
541	694
541	814
541	786
542	928
542	623
542	718
542	798
542	795
542	674
542	584
542	796
542	991
542	868
542	826
542	639
542	789
542	924
542	572
543	968
543	568
543	667
543	649
543	922
543	921
543	681
544	601
544	814
544	972
544	694
544	546
544	759
544	622
545	892
545	880
545	631
545	879
545	597
545	927
545	731
545	662
545	999
545	765
545	865
545	854
545	874
545	997
545	806
546	814
546	694
546	972
546	824
546	777
546	564
547	780
547	861
547	941
547	679
547	855
547	840
547	792
547	810
547	596
547	670
547	575
547	973
547	658
547	729
548	746
548	982
548	654
548	618
549	920
549	732
550	826
550	796
550	774
550	579
550	566
550	584
550	718
550	623
550	787
550	666
550	994
551	903
551	624
551	712
551	758
551	589
551	843
553	969
553	626
553	870
553	997
553	753
553	786
553	725
553	853
553	628
554	675
554	908
554	831
554	560
554	881
554	939
554	964
554	756
554	860
554	736
554	656
554	877
554	728
554	577
554	851
554	987
554	705
555	609
555	917
555	752
555	713
555	562
555	954
555	622
555	839
555	603
555	761
555	704
555	805
555	882
555	722
555	976
555	896
555	948
555	988
556	675
556	831
556	964
556	560
556	869
556	881
556	756
556	863
556	908
556	987
556	659
556	656
556	979
556	683
556	685
556	900
556	817
556	860
557	943
557	581
557	652
557	630
557	971
557	700
557	734
557	897
557	970
557	828
557	696
558	671
558	589
558	758
558	903
558	624
558	981
558	819
558	946
559	781
559	944
560	964
560	869
560	908
560	939
560	881
560	656
560	821
560	775
560	675
560	900
560	803
560	860
560	851
560	684
560	770
561	670
561	792
561	575
561	973
561	755
561	586
561	780
561	596
561	810
561	855
561	899
561	949
561	852
561	846
561	941
562	844
562	878
562	917
562	954
562	882
562	722
562	622
562	609
562	761
562	704
562	627
562	752
562	839
562	819
562	682
562	603
562	902
562	945
563	617
563	995
563	749
563	937
563	952
563	668
563	616
563	715
563	569
563	802
563	832
563	833
563	811
563	568
564	890
564	604
564	859
564	676
564	980
564	965
564	963
564	926
564	704
564	690
564	993
566	579
566	584
566	572
566	639
566	595
566	623
566	868
566	871
566	666
566	928
566	822
567	692
567	843
567	787
568	667
568	570
568	921
568	922
568	681
568	649
569	934
569	832
569	768
569	745
569	580
569	931
569	952
569	848
569	646
569	995
569	834
569	833
569	616
570	649
570	667
570	921
570	968
570	797
570	580
571	781
572	789
572	991
572	579
572	928
572	796
572	639
572	623
572	584
572	774
574	770
574	633
574	829
574	979
574	600
574	685
574	873
574	683
574	900
574	736
574	877
574	772
575	762
575	973
575	670
575	941
575	607
575	840
575	852
575	643
575	899
575	792
575	679
575	938
576	930
576	709
576	663
576	849
576	977
576	962
576	739
576	773
576	973
577	656
577	877
577	860
577	851
577	684
577	767
577	987
577	803
577	775
577	736
577	817
577	900
577	821
577	683
577	675
577	705
577	979
577	829
577	869
577	772
577	601
577	939
577	881
577	703
579	789
579	991
579	774
579	584
579	798
579	796
579	826
579	674
579	718
579	822
579	639
579	606
580	848
580	779
580	919
580	802
580	616
580	834
580	811
580	646
580	768
580	617
580	832
580	934
580	952
580	931
580	912
580	715
580	937
581	652
581	700
581	943
581	971
581	630
581	897
581	696
582	636
582	837
582	819
583	636
583	837
583	805
584	639
584	595
584	822
584	826
584	718
584	796
584	928
584	789
585	665
585	885
585	648
585	628
585	830
585	957
585	809
585	601
586	607
586	679
586	899
586	941
586	596
586	852
586	861
586	846
586	973
586	658
586	707
586	842
586	938
586	643
587	911
587	813
587	704
588	955
588	782
588	914
588	717
588	997
588	774
589	758
589	671
589	712
589	754
589	981
589	853
590	759
590	701
590	714
590	716
590	989
591	730
591	766
591	942
591	874
591	976
592	606
593	703
593	819
593	634
593	884
593	983
593	881
593	890
594	777
594	642
594	720
594	958
594	893
595	868
595	796
595	789
595	718
595	991
595	674
595	774
595	795
595	822
595	874
596	729
596	679
596	855
596	941
596	755
596	852
596	792
596	840
596	762
596	780
596	938
596	643
596	604
596	710
596	846
596	949
597	854
597	865
597	879
597	892
597	927
597	999
597	910
597	651
597	631
597	936
597	662
597	741
598	967
598	778
599	918
599	898
600	605
600	659
600	829
600	770
600	956
600	633
600	979
600	685
600	756
600	939
600	860
601	972
601	814
601	694
602	883
602	695
602	902
602	804
602	763
602	629
602	609
603	878
603	761
603	844
603	954
603	722
603	713
603	622
603	839
603	752
603	609
603	882
603	917
603	988
603	704
604	676
604	926
604	963
604	980
604	890
604	757
604	953
604	965
604	873
604	862
605	728
605	633
605	956
605	685
605	829
605	659
605	964
605	770
605	817
605	863
605	873
605	736
606	924
606	666
606	901
606	798
606	639
607	780
607	861
607	855
607	899
607	670
607	658
607	755
607	729
607	762
607	810
607	902
608	711
608	871
608	994
608	697
608	744
608	785
608	851
609	917
609	627
609	704
609	954
609	713
609	882
609	878
609	722
609	844
609	839
610	996
610	838
610	733
610	867
610	814
611	989
611	886
611	714
611	759
611	662
611	837
612	864
612	935
612	894
612	747
612	805
612	750
612	991
612	743
614	729
615	640
615	727
616	919
616	779
616	848
616	834
616	961
616	833
616	802
616	952
616	811
616	668
616	832
616	995
616	934
616	931
616	749
616	937
617	995
617	937
617	934
617	811
617	802
617	832
617	745
617	833
617	912
617	649
618	947
618	835
618	783
618	940
619	916
619	862
619	858
619	929
619	720
619	677
619	893
620	930
620	977
620	709
620	849
620	663
620	962
620	993
621	738
621	917
622	713
622	704
622	627
622	917
622	839
622	882
622	954
622	844
622	752
622	988
623	798
623	718
623	795
623	928
623	822
623	674
623	826
623	796
623	901
623	789
624	903
624	981
624	712
626	753
626	870
626	969
626	997
626	687
627	722
627	844
627	761
627	878
627	713
627	954
627	882
627	917
627	752
627	773
627	988
627	839
628	885
628	665
628	809
628	648
628	836
628	645
628	957
628	743
628	868
629	763
629	741
629	695
629	883
629	804
629	902
630	971
630	943
630	700
630	734
630	970
630	652
630	925
631	910
631	879
631	892
631	927
631	854
631	880
631	999
631	865
631	662
631	824
631	765
631	885
632	830
632	687
632	776
632	881
633	659
633	770
633	829
633	956
633	685
633	728
633	979
633	877
633	860
633	656
633	881
633	693
634	703
634	853
634	983
634	884
634	977
635	815
635	977
636	805
637	664
637	737
637	661
637	693
637	858
637	981
638	800
638	699
638	744
639	826
639	822
639	991
639	796
639	789
639	798
640	727
641	875
641	650
641	799
641	929
641	945
641	986
641	686
641	724
641	847
641	786
641	987
641	652
642	777
642	893
642	916
643	842
643	949
643	846
643	707
643	806
643	670
643	861
643	755
643	792
643	870
644	891
644	678
645	836
645	885
645	648
645	809
645	957
645	665
645	923
646	834
646	833
646	952
646	961
646	779
646	848
646	791
646	749
646	668
646	802
647	706
647	904
647	895
648	809
648	885
648	665
648	836
648	661
648	863
648	819
648	945
649	921
649	667
650	945
650	784
650	929
650	686
650	986
650	847
650	724
650	875
650	799
650	786
650	962
651	932
651	907
651	915
651	885
652	971
652	943
652	828
652	897
652	696
652	734
654	746
654	982
654	940
655	660
656	873
656	821
656	900
656	767
656	987
656	775
656	736
656	684
656	863
656	851
656	756
656	772
656	908
656	724
656	877
656	831
656	964
657	906
657	823
658	792
658	670
658	762
658	941
658	861
658	840
658	842
658	806
658	855
658	707
658	903
658	780
659	770
659	979
659	956
659	728
659	685
659	869
659	908
659	987
659	803
659	881
661	664
661	737
661	858
661	693
662	731
662	854
662	879
662	824
662	892
662	880
662	927
662	865
662	999
662	765
663	930
663	962
663	993
663	709
663	977
663	849
663	897
664	693
664	858
664	737
665	957
665	836
665	809
665	849
665	963
666	924
666	901
666	718
666	928
667	968
667	681
667	797
668	768
668	832
668	934
668	834
668	791
668	715
668	937
668	802
668	931
668	919
668	749
669	974
670	755
670	792
670	938
670	949
670	679
670	855
670	852
670	810
670	842
670	861
671	758
671	903
671	712
671	875
672	790
672	691
672	808
672	725
672	733
672	807
672	862
673	845
673	951
673	825
673	820
673	835
674	798
674	774
674	789
674	718
674	901
675	939
675	869
675	756
675	831
675	900
675	817
675	767
675	683
675	821
675	987
675	736
675	979
676	890
676	859
676	926
676	980
676	963
676	677
676	953
676	965
676	886
677	965
677	953
677	757
677	963
678	891
679	941
679	852
679	899
679	861
679	729
679	840
679	973
679	792
679	762
679	686
680	909
680	975
680	721
680	740
680	998
680	841
681	735
681	922
681	919
682	781
682	944
682	769
682	830
683	851
683	775
683	684
683	772
683	705
683	863
683	873
683	987
683	767
683	821
683	829
683	803
683	728
683	756
683	908
684	860
684	803
684	767
684	900
684	736
684	772
684	821
684	863
684	851
684	987
684	775
684	908
684	869
684	973
684	873
684	881
685	979
685	829
685	770
685	956
685	863
685	900
685	817
685	877
686	784
686	875
686	799
686	724
686	847
686	929
686	945
686	986
686	694
687	830
688	887
689	864
689	935
689	747
689	750
689	776
689	894
689	782
689	840
690	708
690	888
691	959
691	807
691	808
691	790
691	856
692	843
692	787
693	737
693	858
694	972
694	814
694	716
694	795
695	741
695	902
695	804
695	883
696	970
696	897
696	828
696	734
696	700
696	925
697	711
697	990
697	726
697	785
697	744
697	994
697	871
697	800
697	699
698	950
698	816
698	771
698	978
699	800
700	971
700	828
700	970
700	734
700	943
700	897
700	933
701	788
701	716
701	886
701	714
702	782
703	983
703	853
703	815
703	884
703	819
704	917
704	722
704	882
704	878
704	844
704	839
704	954
704	769
704	761
705	767
705	987
705	863
705	821
705	775
705	873
705	900
705	736
705	817
705	851
705	803
705	772
705	860
706	876
706	904
707	949
707	806
707	842
707	861
707	852
707	810
708	888
709	849
709	773
709	977
709	962
709	930
710	896
710	717
710	914
711	744
711	994
711	726
711	785
711	990
711	871
711	858
712	903
712	758
712	981
712	869
713	844
713	752
713	722
713	878
713	954
713	882
713	917
713	761
713	799
713	886
714	716
714	759
714	989
714	788
714	809
715	934
715	768
715	745
715	931
715	848
715	833
715	995
715	834
715	919
715	937
715	749
715	952
715	811
715	779
716	788
716	886
716	759
716	962
716	723
716	989
717	896
717	955
718	928
718	795
718	796
718	789
718	924
718	930
718	901
718	798
718	826
719	974
720	893
720	862
720	742
720	958
721	740
721	841
721	909
721	998
721	975
722	917
722	878
722	752
722	954
722	761
722	852
722	882
723	776
723	750
723	743
723	864
723	805
723	923
724	986
724	784
724	929
724	799
724	847
724	875
724	945
724	963
725	807
725	856
725	790
725	808
725	959
725	957
726	871
726	744
726	990
726	800
726	785
726	994
728	770
728	956
728	803
728	772
728	900
728	860
729	780
729	861
729	840
729	810
729	792
729	851
729	847
729	941
730	766
730	942
730	773
731	879
731	824
731	865
731	892
731	927
731	999
731	854
731	880
731	765
731	853
732	920
733	867
733	838
733	996
734	897
734	970
734	971
734	943
734	828
735	922
735	797
735	921
735	968
736	772
736	863
736	900
736	877
736	817
736	767
736	987
736	860
736	821
736	873
736	881
736	979
736	831
736	756
737	858
739	966
739	984
740	998
740	909
740	975
740	856
741	804
741	902
741	763
741	883
742	958
742	893
742	862
742	777
742	916
742	866
743	894
743	923
743	750
743	747
744	994
744	785
744	871
744	990
744	899
744	987
745	931
745	802
745	961
745	952
745	768
745	995
745	912
746	982
746	781
747	894
747	750
747	923
747	776
747	805
748	889
748	801
748	992
749	834
749	848
749	833
749	919
749	811
749	791
749	961
749	934
749	768
749	952
750	923
750	894
750	935
750	776
750	864
750	806
752	839
752	761
752	844
752	878
752	882
752	917
753	870
753	969
753	997
754	981
754	758
754	903
755	973
755	762
755	780
755	855
755	941
755	846
756	939
756	908
756	831
756	881
756	987
756	829
756	775
756	869
756	803
756	877
756	900
756	964
756	760
757	953
757	965
757	890
757	926
758	981
758	903
759	989
759	946
761	882
761	844
761	839
761	878
761	954
761	917
762	792
762	973
762	938
762	899
762	861
762	803
762	810
762	842
762	949
762	780
762	941
763	804
763	902
763	883
764	872
764	932
765	927
765	910
765	880
765	879
765	892
765	999
766	976
766	988
766	874
767	877
767	987
767	860
767	775
767	803
767	863
767	900
767	831
767	873
767	964
767	817
768	791
768	931
768	919
768	961
768	834
768	952
768	934
768	802
768	937
768	833
769	781
769	944
770	979
770	956
770	829
770	900
770	863
770	877
771	978
771	816
771	950
772	987
772	775
772	877
772	860
772	900
772	821
772	863
772	803
772	908
772	881
772	939
772	873
773	930
773	849
773	977
773	962
773	993
774	868
774	822
774	991
774	796
774	798
775	821
775	863
775	817
775	900
775	987
775	851
775	939
775	956
775	831
775	873
775	881
776	805
776	864
776	894
776	949
776	993
777	963
778	967
779	961
779	811
779	802
779	848
779	934
779	952
779	791
779	995
779	832
780	855
780	810
780	840
780	861
780	949
781	944
781	822
781	902
782	955
782	914
783	940
783	947
783	835
784	786
784	929
784	945
784	875
784	986
784	847
784	799
784	888
785	871
785	990
786	945
786	799
786	986
786	875
786	929
786	847
786	879
786	788
787	843
788	989
788	886
788	791
789	868
789	826
790	808
790	807
790	817
790	856
791	961
791	848
791	833
791	811
791	832
791	802
792	973
792	941
792	938
792	899
792	846
792	936
792	840
792	855
792	806
792	994
792	842
792	852
793	794
793	857
793	946
794	857
794	946
794	948
795	798
795	928
795	822
795	901
795	924
795	993
796	822
796	826
796	991
796	924
797	968
798	901
798	928
798	826
799	875
799	847
799	945
799	929
799	877
799	986
801	889
801	992
802	848
802	833
802	961
802	811
802	832
802	937
803	900
803	873
803	851
803	877
803	863
803	987
803	821
803	860
803	829
803	869
803	817
803	908
804	883
804	902
805	923
805	894
805	935
806	842
806	949
806	840
806	899
806	855
806	941
807	959
807	808
807	996
807	874
808	959
808	856
808	861
808	909
809	885
809	836
809	957
809	846
810	852
810	899
810	938
810	949
810	945
810	894
811	833
811	848
811	934
811	937
811	995
811	834
811	952
812	985
813	911
814	972
815	983
815	819
816	950
817	873
817	877
817	860
817	987
817	851
817	821
817	908
817	900
817	831
819	884
819	983
819	853
820	825
820	951
820	845
821	900
821	873
821	860
821	851
821	869
821	964
821	983
821	987
822	868
822	928
822	826
824	854
824	999
824	892
824	880
824	927
824	879
824	826
825	845
825	951
826	868
826	991
826	928
827	960
828	897
828	970
828	943
829	979
829	956
829	860
829	863
831	881
831	869
831	908
831	939
831	956
831	860
831	967
831	923
831	987
832	931
832	834
832	961
832	952
833	834
833	912
833	952
833	931
833	848
834	931
834	937
834	848
834	952
834	912
834	919
834	934
835	940
835	947
836	957
836	885
836	859
837	923
838	867
838	996
838	844
839	844
839	954
839	917
839	878
839	882
840	855
840	941
840	852
841	975
842	949
844	882
844	917
844	954
844	972
845	951
845	957
846	949
846	855
846	929
846	861
847	986
847	929
847	945
847	875
848	952
848	919
849	977
849	993
849	962
851	877
851	873
851	860
851	900
851	964
851	956
851	869
851	987
851	894
852	949
853	983
853	884
854	999
854	880
854	927
854	892
854	879
855	899
855	938
856	959
857	946
857	948
859	926
859	980
859	963
860	873
860	987
860	877
860	863
861	941
861	973
861	938
862	893
862	958
862	916
862	898
863	987
863	873
863	900
863	908
863	881
864	935
865	927
865	879
865	892
865	910
865	880
865	999
866	916
866	893
868	928
868	991
868	997
869	881
869	964
869	939
869	956
869	873
869	877
870	969
870	997
871	994
871	990
873	900
873	939
873	908
873	877
873	985
873	881
874	976
875	929
875	986
875	945
875	922
876	904
877	900
877	987
877	881
877	964
878	882
878	954
878	917
879	892
879	999
879	910
879	880
880	892
880	910
880	932
881	939
881	908
881	894
882	917
882	954
882	988
883	902
885	957
889	992
889	905
890	980
890	963
890	926
890	953
892	910
892	999
892	927
892	938
893	958
893	916
894	923
894	935
895	904
897	970
897	943
898	918
899	941
899	949
900	964
900	987
901	924
901	928
903	981
905	992
907	936
907	915
908	964
908	939
908	979
909	975
909	998
910	927
910	999
914	955
915	936
915	932
917	954
919	961
919	952
921	968
924	928
925	933
926	980
926	963
926	953
929	986
929	945
930	977
931	995
931	937
932	936
934	961
934	952
934	995
937	995
937	952
938	973
938	941
938	949
939	987
940	947
941	949
942	976
943	971
943	970
944	947
945	986
946	948
950	978
952	961
953	965
961	995
962	977
962	993
963	980
963	965
964	987
964	979
966	984
969	997
970	971
975	998
977	993
990	994
