0	557
0	610
0	978
0	459
0	190
0	733
0	860
0	185
1	639
1	909
1	975
1	947
2	971
2	669
2	752
2	626
2	933
2	766
2	916
2	665
2	40
3	478
3	806
3	471
3	750
3	487
3	569
4	908
4	815
4	719
4	334
4	332
5	707
5	925
5	678
5	679
6	933
6	629
6	626
6	736
6	713
6	752
6	897
6	756
6	766
6	705
7	9
7	854
7	949
7	13
7	814
7	711
7	315
7	73
7	848
7	293
8	11
8	998
8	945
8	649
8	579
8	13
8	753
8	798
9	13
9	691
9	820
9	898
9	798
9	71
9	73
9	156
9	927
10	13
10	11
10	111
10	814
10	649
10	73
10	655
10	315
10	734
10	801
11	12
11	631
11	945
11	74
11	71
11	711
11	655
11	159
12	734
12	636
12	998
12	684
12	740
12	317
12	320
12	995
12	233
13	945
13	111
13	740
13	998
13	74
13	848
14	15
14	16
14	298
14	297
14	95
14	97
14	296
14	387
14	559
14	328
15	18
15	298
15	91
15	17
15	780
15	387
15	95
16	297
16	17
16	296
16	55
16	615
16	765
16	387
16	550
17	18
17	297
17	326
17	91
17	685
18	297
18	296
18	325
18	559
18	326
18	550
18	55
19	295
19	299
19	851
19	837
19	301
19	612
20	294
20	300
20	92
20	340
20	790
22	27
23	26
23	166
25	556
25	172
25	819
26	545
26	579
27	48
28	121
28	277
28	125
28	737
29	32
30	34
30	121
30	124
30	279
30	275
30	123
31	273
31	274
31	124
31	32
32	34
33	279
34	119
34	121
34	727
35	36
35	40
35	167
35	665
35	38
35	690
35	766
35	986
35	606
36	39
36	163
36	952
36	629
36	626
36	161
36	897
36	965
36	761
37	341
37	918
37	372
37	96
38	41
38	166
38	165
38	916
38	933
38	552
38	690
38	626
38	862
39	41
39	161
39	167
39	653
39	933
39	965
39	664
40	41
40	669
40	933
41	940
41	756
41	167
41	592
42	84
42	45
42	43
42	377
42	404
43	45
43	48
43	46
43	456
43	84
43	454
44	47
44	456
44	458
44	46
44	469
45	458
45	113
45	47
45	931
45	603
46	454
46	458
46	116
46	631
47	48
47	460
47	456
47	740
48	113
48	389
49	919
49	413
49	712
49	642
49	748
49	970
49	981
50	54
50	258
50	253
50	973
50	764
50	385
51	843
51	256
51	593
51	481
51	618
51	485
51	856
51	587
51	827
51	757
52	53
52	910
52	132
52	383
52	637
52	853
52	794
52	842
52	855
52	968
53	637
53	842
53	130
53	910
53	826
53	795
53	973
53	764
54	257
54	741
54	872
54	383
54	906
54	826
55	550
55	685
55	95
55	430
56	62
56	57
56	60
56	352
57	62
57	60
57	353
58	61
58	59
58	292
59	61
60	62
60	464
62	463
63	69
63	66
63	216
63	214
63	213
63	65
63	406
63	242
63	98
63	401
64	67
64	403
64	211
64	100
64	68
64	518
64	830
65	214
65	216
65	210
65	66
65	400
65	212
65	239
65	243
65	404
66	216
66	215
66	400
66	402
66	69
66	242
66	401
66	101
67	211
67	100
68	403
68	100
69	212
69	213
69	241
69	104
69	405
69	216
69	215
69	702
70	74
70	848
70	73
70	76
70	927
70	597
70	71
70	319
70	233
70	316
71	73
71	75
71	711
71	655
71	814
71	740
71	317
72	76
72	848
72	655
72	604
72	335
72	636
72	75
72	734
72	597
72	319
73	773
73	854
73	157
73	273
73	636
74	740
74	597
74	711
74	814
74	798
74	961
74	318
75	691
75	335
75	321
75	684
75	237
75	820
75	579
75	931
76	631
76	579
76	773
76	898
76	691
76	317
76	321
76	995
77	817
77	78
77	823
77	749
77	994
77	714
77	544
78	994
78	746
78	817
78	611
78	83
78	867
78	889
79	83
79	714
79	954
79	976
79	776
79	817
79	962
79	824
79	844
80	724
80	944
80	967
80	722
80	537
81	83
81	586
81	749
81	962
81	611
81	824
81	817
81	823
81	821
82	811
82	895
82	807
82	839
83	556
83	821
83	714
83	749
83	544
83	817
84	89
84	90
85	87
85	86
85	446
85	453
86	88
86	87
86	448
87	88
87	449
88	446
88	449
89	90
91	96
91	97
91	95
91	298
91	685
91	641
92	300
92	294
92	93
92	828
92	790
93	958
93	294
93	828
93	339
94	299
94	584
94	433
94	426
95	96
95	97
95	297
95	431
95	298
95	751
96	307
96	97
96	297
96	778
96	780
97	685
97	390
97	387
97	430
97	487
97	297
98	99
98	102
98	103
98	240
98	244
98	402
98	400
98	399
98	401
99	103
99	242
99	239
99	401
99	406
100	403
101	103
101	244
101	210
101	213
101	102
102	103
102	243
102	240
102	405
102	210
103	242
103	240
103	164
104	241
104	244
104	242
104	399
104	314
105	803
105	603
105	917
105	980
105	588
105	633
105	939
105	231
106	110
106	917
106	869
106	590
106	950
106	915
107	632
107	555
107	572
107	882
107	578
107	628
107	879
107	529
107	951
107	647
108	845
108	951
108	732
108	646
108	555
108	698
108	925
109	608
109	847
109	772
109	845
109	783
109	953
109	578
109	451
109	572
109	532
110	852
110	980
110	950
110	960
111	579
111	684
111	700
111	995
111	927
111	848
111	321
111	597
112	115
112	463
112	461
112	467
112	455
112	439
112	438
113	454
113	456
113	458
113	116
113	460
114	455
114	464
114	465
114	466
114	461
114	467
114	463
114	336
114	858
114	438
114	574
114	739
115	461
115	466
115	464
115	455
115	465
115	356
115	574
115	779
115	963
116	460
116	454
116	458
117	457
117	462
117	337
117	777
117	996
117	168
118	459
118	557
118	733
118	610
118	860
119	121
119	122
119	273
119	120
120	276
120	123
120	122
120	274
120	277
120	124
120	121
121	273
121	125
121	123
122	124
122	276
122	274
123	276
123	277
123	274
123	279
123	236
124	125
124	277
124	273
124	278
124	390
125	279
125	275
125	274
126	685
126	765
126	550
126	559
126	387
127	128
127	851
127	573
127	584
127	612
127	428
127	426
127	432
127	324
127	242
128	389
128	573
128	612
128	641
129	130
129	132
129	826
129	254
129	542
129	910
129	968
129	435
130	383
130	385
130	384
130	797
130	826
130	794
130	795
131	851
131	295
132	386
132	637
132	383
132	384
132	388
132	254
132	786
132	968
133	137
133	136
134	135
134	590
135	137
135	840
136	138
136	139
136	462
137	424
138	463
138	441
138	307
139	604
139	670
140	145
140	141
140	146
140	166
141	145
141	146
141	151
142	144
142	306
142	909
142	361
143	304
143	302
144	305
144	306
144	656
145	146
145	810
147	172
147	174
147	153
147	170
147	169
147	148
147	716
148	153
148	313
148	169
148	170
148	174
149	171
149	168
149	151
149	150
149	173
149	152
150	151
150	152
150	173
151	173
151	171
151	152
151	168
151	882
152	168
152	171
153	172
153	174
153	170
153	911
153	169
154	157
154	316
154	231
155	156
155	734
155	317
156	158
156	631
156	949
156	159
156	205
157	700
157	533
158	949
158	321
158	655
158	961
158	235
158	320
159	579
159	160
159	604
159	927
159	318
159	597
160	898
160	691
160	707
161	165
161	164
161	163
161	699
161	690
162	599
162	607
163	167
163	606
163	965
163	736
163	971
164	165
164	166
164	629
164	756
164	940
164	862
164	986
164	167
165	166
165	690
165	952
165	713
165	653
166	167
166	669
166	665
166	952
166	713
167	736
167	818
167	862
167	766
168	171
168	173
168	309
169	172
169	174
170	172
171	173
172	174
173	309
175	285
175	281
175	362
175	179
175	176
176	363
176	364
176	178
176	366
177	286
177	284
177	365
177	280
178	366
178	281
178	179
178	363
178	180
178	361
179	180
179	281
179	285
179	360
179	361
179	883
180	366
180	363
180	361
180	360
180	827
180	282
181	280
181	359
181	283
181	286
181	284
182	184
182	197
182	271
183	185
183	270
183	188
183	187
183	186
184	187
184	200
184	201
184	272
184	188
185	188
185	186
185	202
185	267
185	269
185	197
185	270
185	196
186	188
186	201
186	196
187	267
187	270
187	200
187	202
187	197
188	269
188	199
188	268
188	711
188	997
189	978
189	190
189	610
189	557
189	733
190	978
190	860
190	610
191	884
191	644
191	577
191	621
191	841
191	568
191	873
192	963
192	808
192	581
192	558
192	760
192	941
192	541
192	829
192	562
192	463
193	731
193	339
193	816
193	624
193	828
193	790
193	294
193	683
194	793
194	909
194	902
194	768
194	977
194	964
194	975
194	840
194	937
194	531
195	336
195	808
195	922
195	541
195	779
195	465
195	574
195	598
196	199
196	198
196	269
196	272
196	900
197	198
197	200
197	268
197	269
198	199
198	200
198	266
198	201
198	270
199	201
199	271
199	272
199	641
200	201
200	202
200	268
200	266
200	333
201	272
201	266
201	271
201	269
202	266
202	267
203	206
203	209
204	208
204	919
204	666
204	981
205	207
205	645
206	209
206	496
207	857
207	254
207	409
208	755
208	919
210	215
210	212
210	401
210	399
210	214
212	214
212	213
212	399
212	215
212	401
212	238
212	223
213	214
213	215
213	216
213	243
213	404
214	216
214	215
214	400
214	401
214	239
215	216
215	404
215	239
215	399
216	404
216	239
216	399
217	220
217	219
218	219
219	390
219	879
220	697
220	438
221	223
223	615
223	457
224	225
224	229
224	929
225	894
225	230
226	229
226	809
226	230
226	659
227	929
227	673
227	478
228	230
228	789
228	728
229	230
229	908
229	659
230	789
231	234
231	820
231	319
231	995
232	235
232	751
232	631
232	740
232	594
233	234
233	574
234	237
234	936
234	898
234	949
234	961
235	317
235	321
235	927
236	711
237	995
237	998
238	241
238	239
238	240
238	242
238	399
239	244
239	243
239	401
239	762
240	241
240	244
240	404
240	854
241	242
241	404
241	402
241	334
241	597
242	243
242	284
243	406
243	521
244	399
245	248
245	249
245	357
245	396
245	394
245	395
245	683
246	247
246	251
246	392
246	395
246	393
247	250
247	249
247	398
247	519
248	394
248	391
249	396
249	920
249	682
250	396
251	398
252	674
252	470
252	619
252	476
252	282
253	257
253	258
253	255
253	718
253	579
253	794
254	786
254	855
254	853
254	542
254	553
254	386
254	857
255	257
255	258
255	645
255	991
255	623
255	616
255	696
255	553
255	838
256	618
256	587
256	571
256	595
256	479
256	474
256	757
256	903
257	258
257	838
257	741
257	857
257	797
258	764
258	973
258	838
258	675
258	906
258	795
259	261
259	264
259	263
259	293
260	265
260	262
261	263
261	264
261	292
262	265
263	264
263	290
264	288
265	286
266	269
266	272
266	268
266	318
267	271
268	272
268	271
269	270
269	271
270	271
270	272
270	740
273	275
273	279
273	274
273	899
273	548
274	279
275	278
275	276
276	278
276	993
280	283
280	359
280	284
280	365
280	286
281	363
281	282
281	366
281	360
281	285
281	780
282	285
282	364
282	362
282	360
282	594
283	286
283	359
283	284
283	365
283	287
284	359
285	360
285	361
286	365
286	359
287	288
287	289
287	290
287	293
287	291
287	292
288	292
288	290
288	291
288	289
288	940
289	291
289	292
289	440
289	711
290	292
290	293
290	291
291	292
291	293
291	388
292	293
292	948
293	430
294	958
295	837
295	428
295	480
295	303
296	297
296	298
296	765
297	298
297	912
298	615
299	758
299	584
299	327
300	339
300	731
300	790
301	303
302	304
304	839
305	306
305	639
305	601
306	791
308	312
308	314
308	311
310	313
310	420
311	314
311	312
311	315
312	314
312	690
315	631
315	773
315	316
315	927
315	740
315	321
315	814
316	317
316	319
316	655
316	504
316	597
316	898
317	318
317	798
318	998
318	391
319	604
319	691
319	998
319	898
319	477
319	792
320	321
320	684
320	933
320	798
321	734
321	684
321	649
322	325
322	328
322	326
322	615
323	427
323	942
324	327
324	432
324	573
325	328
325	430
325	326
327	426
327	433
327	837
327	851
328	550
328	780
328	431
328	489
328	615
329	332
329	908
329	809
329	546
329	659
329	789
329	815
329	770
330	956
330	913
330	710
330	516
330	533
331	984
331	893
331	654
331	890
331	580
331	744
331	880
331	936
332	659
332	770
332	894
333	893
333	668
334	894
334	789
334	908
334	719
334	809
334	815
334	673
335	684
335	961
335	579
335	691
335	734
335	898
335	700
335	636
336	769
336	708
336	892
336	963
336	808
336	651
336	660
336	443
337	777
337	996
337	457
337	346
337	778
338	833
338	601
338	909
338	964
338	656
338	865
338	643
339	828
339	731
339	816
339	624
339	790
340	731
340	624
341	688
341	918
341	942
341	583
342	643
342	735
342	870
342	537
343	348
343	347
343	408
343	850
344	348
344	457
345	349
345	777
345	348
345	457
346	349
346	777
346	564
346	543
347	350
348	689
348	996
349	350
349	462
350	777
351	354
351	357
351	358
351	393
352	355
352	356
352	353
353	356
353	355
354	358
354	357
354	394
355	356
355	708
357	358
358	395
359	365
360	363
360	364
360	361
360	366
360	362
361	363
361	364
362	363
362	366
362	364
363	366
363	821
364	366
365	402
365	783
367	373
367	372
367	371
367	374
367	918
368	370
368	369
369	370
371	373
371	372
372	373
372	374
373	374
373	688
374	688
374	539
375	702
375	886
375	715
375	831
375	974
375	378
376	974
376	899
376	715
376	866
376	914
376	377
376	702
377	899
377	974
377	866
377	702
378	715
378	565
378	875
378	914
379	745
379	861
379	545
379	871
379	911
379	837
380	672
380	890
380	614
380	580
380	668
380	943
380	497
380	622
381	702
381	899
381	886
382	983
383	386
383	388
383	826
383	855
383	553
383	542
384	386
384	388
384	385
384	797
384	795
384	397
385	386
385	675
385	388
385	842
385	797
385	553
385	542
386	388
386	855
386	842
386	853
386	637
387	390
387	685
387	780
387	431
388	842
388	741
388	623
388	853
389	851
389	432
390	615
390	559
390	550
390	765
391	395
391	393
391	394
391	397
391	398
391	396
392	397
392	394
392	396
393	396
393	395
394	398
394	865
395	397
395	396
395	398
396	398
398	827
399	401
399	405
400	406
400	402
400	404
402	404
403	927
404	775
405	406
405	953
407	992
407	712
407	859
407	413
407	412
407	686
408	681
408	540
408	414
408	887
408	849
408	900
408	775
408	647
409	411
409	415
409	781
409	645
409	768
410	979
410	887
411	415
411	795
411	872
411	623
411	741
412	413
412	737
412	706
413	737
413	755
413	825
414	775
414	570
414	836
415	696
415	872
415	764
415	991
416	417
416	424
416	420
416	472
416	913
416	528
416	874
417	419
417	421
417	423
417	418
417	422
417	522
417	536
417	528
418	421
418	423
418	422
418	419
418	510
419	424
419	421
419	522
419	528
419	535
419	512
420	424
420	515
420	527
421	422
421	423
421	528
423	424
423	621
424	527
425	428
425	427
425	426
425	432
425	612
426	837
426	612
426	428
427	573
427	612
428	433
428	432
428	924
429	431
429	615
429	961
430	685
431	559
432	433
433	612
433	573
434	463
434	437
434	558
434	580
435	436
435	574
436	437
436	443
436	834
436	465
436	463
437	892
437	834
437	760
437	932
437	739
438	440
438	562
438	708
439	769
439	463
439	963
439	723
440	467
440	464
440	461
441	963
441	834
441	442
441	589
442	609
442	455
442	858
443	760
443	496
444	652
444	778
445	450
445	590
445	939
445	633
446	453
446	448
447	452
447	450
447	602
447	590
447	591
448	449
448	453
449	453
450	452
450	600
450	957
450	950
450	980
451	953
451	670
451	628
451	732
451	771
452	767
452	980
454	456
454	458
454	460
455	466
455	464
455	467
455	461
455	829
457	462
457	543
457	564
457	777
457	850
458	460
459	557
459	860
459	733
461	465
461	467
461	464
461	466
461	609
461	558
462	996
462	564
462	543
462	850
463	466
463	465
463	941
463	892
464	467
464	466
464	465
464	723
464	935
464	892
465	467
465	466
465	541
465	932
465	760
466	467
466	941
466	574
466	760
467	708
467	858
467	779
468	471
468	487
468	478
468	469
468	806
468	486
468	634
468	868
469	487
469	634
470	484
470	476
470	989
470	585
470	674
470	774
471	486
471	478
471	750
471	487
472	473
472	482
473	482
474	485
474	587
474	635
474	843
474	796
474	582
475	481
475	479
475	827
475	657
475	587
475	763
475	903
475	856
475	757
476	585
476	549
476	677
476	774
477	742
477	729
477	483
477	488
478	998
479	485
479	481
479	946
479	920
479	663
479	582
479	805
479	856
480	742
480	483
480	694
480	567
480	959
480	721
481	485
481	946
481	843
481	804
481	763
481	903
481	568
483	694
483	729
483	969
484	822
484	774
484	662
484	605
484	677
484	585
485	730
485	635
485	582
485	587
485	856
485	804
486	634
486	928
486	709
486	888
487	750
487	806
487	733
488	782
488	742
488	959
488	726
489	504
489	507
489	493
489	503
489	500
489	501
489	505
490	495
490	491
490	500
490	501
490	509
490	505
490	502
490	503
491	501
491	495
491	504
491	496
491	502
491	499
491	508
491	507
492	506
492	494
493	503
493	505
493	509
493	495
493	497
493	499
493	507
493	496
494	506
495	502
495	498
495	503
495	507
496	500
496	508
496	502
496	497
496	507
496	504
497	508
497	500
497	498
497	509
497	504
498	499
498	505
498	504
498	502
498	810
499	500
499	508
499	503
500	502
500	503
500	507
500	509
500	553
501	508
501	504
501	505
501	509
502	509
502	505
502	508
502	507
503	508
503	507
503	648
504	505
504	508
505	508
505	509
507	508
509	916
509	681
510	530
510	537
510	533
510	528
510	536
510	516
511	524
511	517
511	518
511	891
511	819
511	632
511	695
512	533
512	513
512	528
512	515
512	522
512	530
512	536
513	516
513	536
513	537
513	523
513	515
513	522
514	532
514	517
514	521
514	538
514	879
514	951
515	522
515	535
515	523
515	913
515	527
515	874
516	528
516	519
516	523
516	527
516	530
516	522
516	535
516	536
516	956
516	959
517	520
517	534
517	526
517	532
517	525
517	990
517	835
518	525
518	538
518	524
518	539
518	534
518	646
518	703
518	846
519	533
519	967
519	535
519	530
520	539
520	529
520	532
520	846
521	526
521	534
522	531
522	523
522	528
522	530
522	535
522	724
522	537
522	722
523	537
523	535
523	596
524	534
524	526
524	572
524	847
525	538
525	532
525	891
525	847
526	534
526	532
526	538
526	578
527	530
527	536
527	528
528	535
529	882
529	846
529	951
530	533
530	531
530	710
531	535
531	533
533	537
533	535
533	956
533	685
534	539
534	743
535	537
535	536
536	537
536	591
537	944
538	539
538	888
538	988
538	628
539	830
540	785
540	640
540	775
540	570
540	887
540	687
541	935
541	723
541	858
541	708
541	808
542	853
542	797
542	794
542	826
542	842
543	777
543	850
543	996
543	564
544	817
544	738
544	867
544	749
544	556
544	889
544	823
544	926
545	871
545	745
545	861
546	908
546	789
546	929
546	894
546	659
547	591
547	551
547	717
547	701
547	590
547	633
547	803
547	602
548	601
548	948
548	909
548	964
548	937
549	693
549	585
549	677
549	774
549	619
549	662
549	650
549	674
550	615
550	786
551	980
551	921
551	869
551	939
551	727
551	767
551	917
552	897
552	752
552	617
552	606
552	690
552	933
552	736
552	630
552	563
552	665
553	826
553	855
553	910
553	675
553	842
553	786
554	836
554	775
554	687
555	703
555	647
555	627
555	846
555	891
555	888
555	578
556	817
556	762
556	746
556	749
556	824
556	962
556	994
556	776
556	611
556	881
556	586
557	610
557	978
557	860
557	733
558	562
558	892
558	922
558	769
558	723
558	609
558	829
558	651
559	765
560	782
560	959
560	694
561	966
561	705
561	997
561	810
561	563
561	613
561	788
562	922
562	574
562	609
562	829
562	651
562	723
563	788
563	664
563	620
563	966
563	971
563	809
564	777
564	850
564	996
565	715
565	914
565	974
565	831
565	875
566	622
566	919
566	981
566	859
566	671
566	712
566	748
567	726
567	878
567	969
567	729
567	782
567	694
567	742
568	644
568	841
568	594
568	873
568	787
568	621
569	868
569	928
569	634
570	836
570	720
570	640
570	681
570	754
571	587
571	593
571	618
571	827
571	903
571	805
571	663
571	595
571	763
571	730
572	888
572	628
572	576
572	819
572	891
573	924
573	851
574	808
574	609
574	922
574	769
574	581
574	760
575	987
575	877
575	652
576	695
576	819
576	990
576	732
576	905
576	879
576	847
576	647
576	632
576	846
576	703
576	771
576	886
577	787
577	873
577	594
577	644
577	884
578	830
578	990
578	891
578	882
578	951
578	847
579	798
579	711
579	684
579	998
579	814
579	961
579	927
579	636
580	890
580	943
580	744
580	654
580	983
580	893
581	760
581	963
582	827
582	843
582	730
582	635
582	763
582	946
582	920
582	593
582	903
583	909
583	768
583	902
583	625
583	661
583	799
583	977
583	833
584	612
584	837
584	924
585	674
585	774
585	605
586	714
586	954
586	746
586	823
586	844
586	817
586	762
586	994
586	881
587	843
587	657
587	595
587	946
587	663
587	903
587	805
588	921
588	917
588	767
588	727
588	590
588	852
588	803
588	915
589	598
589	704
589	955
589	993
590	701
590	591
590	917
590	921
590	896
591	602
592	788
592	705
592	620
592	997
592	664
592	966
593	663
593	804
593	618
593	920
594	787
594	884
594	931
595	663
595	757
595	856
595	657
596	759
596	876
596	839
596	813
597	854
597	734
597	636
597	998
597	798
597	945
597	740
597	773
598	993
598	704
598	808
599	607
600	602
600	939
600	716
600	915
600	701
601	937
601	975
601	865
601	799
601	840
601	964
602	939
602	803
602	957
603	767
603	717
603	980
604	949
604	649
604	961
604	655
604	927
604	814
604	854
604	631
604	691
605	693
605	650
605	674
605	662
605	935
606	761
606	653
606	699
606	728
606	630
606	669
608	847
608	882
608	743
608	703
608	863
608	732
608	771
608	695
608	670
609	834
609	808
609	829
609	941
609	708
609	769
609	922
609	935
610	733
610	860
611	962
611	867
611	994
611	954
611	976
611	821
611	746
611	844
612	851
612	985
613	997
613	620
613	810
613	617
614	890
614	668
614	880
614	792
614	744
614	943
614	624
616	906
616	968
616	696
616	991
616	741
617	653
617	713
617	952
617	630
617	940
617	971
617	756
617	986
618	757
618	856
618	843
618	763
618	804
619	662
619	677
619	693
619	650
619	822
619	989
620	788
620	705
620	728
621	864
622	642
622	970
622	686
622	648
622	706
623	645
623	781
623	802
623	696
623	855
624	828
624	816
624	982
625	840
625	656
625	909
625	964
625	768
625	799
625	947
625	833
626	752
626	653
626	897
626	665
626	728
626	713
626	952
626	630
626	788
627	632
627	953
627	923
627	771
627	830
627	863
627	743
627	937
628	830
628	863
628	695
628	988
628	783
629	713
629	818
629	761
629	752
629	952
629	699
630	940
630	699
630	766
630	690
630	897
630	744
631	820
631	691
631	649
631	773
631	636
631	949
631	854
631	655
631	898
632	951
632	647
632	732
632	771
632	835
632	846
632	879
633	950
633	869
633	917
633	939
634	868
634	709
635	843
635	657
635	730
635	827
635	749
635	663
636	655
636	700
636	649
636	798
636	820
636	945
636	814
636	848
636	949
636	691
637	794
637	675
637	797
637	984
638	775
638	979
639	833
639	799
639	840
639	975
639	661
639	964
640	720
640	887
640	785
641	679
641	725
641	678
641	721
641	707
642	812
642	748
642	648
642	919
642	737
642	671
642	706
643	870
643	735
644	787
644	864
644	884
644	782
645	764
645	968
645	838
645	696
645	741
646	743
646	703
646	845
647	695
647	847
647	743
647	698
647	771
647	990
648	748
648	658
648	930
648	712
648	751
648	919
648	692
649	798
649	945
649	949
649	691
649	700
651	932
651	963
651	892
651	769
651	760
651	708
651	660
651	941
651	836
652	912
652	676
652	877
653	971
653	690
653	986
653	818
653	752
653	952
653	788
653	669
654	983
654	984
654	936
655	691
655	700
655	848
655	945
655	734
655	740
655	711
655	773
655	820
656	865
656	661
656	799
656	975
656	793
656	947
656	768
656	977
657	796
657	663
658	825
658	992
659	789
659	719
659	673
659	770
659	815
660	739
660	858
660	808
660	760
660	963
660	922
660	932
660	966
661	791
661	948
661	977
662	693
662	822
662	801
663	946
663	941
664	705
664	966
665	756
665	690
665	971
665	940
665	728
665	952
666	981
666	930
666	919
666	825
666	686
667	905
667	819
667	771
667	732
667	951
667	882
668	984
668	924
669	818
669	897
669	965
670	830
670	863
670	879
670	845
671	692
671	919
671	755
672	893
673	719
673	894
673	809
673	815
673	789
674	989
675	794
675	696
675	853
676	901
676	778
676	938
677	774
677	693
677	822
678	907
678	721
678	707
678	725
678	925
679	721
679	925
679	707
679	725
680	972
680	938
680	901
681	754
681	979
682	778
682	753
682	999
683	861
683	871
683	911
683	745
683	878
683	793
684	927
684	995
684	820
684	798
684	898
684	961
684	734
684	949
684	691
685	780
685	765
686	825
686	800
687	720
687	887
688	942
688	918
689	994
689	889
689	762
690	933
690	736
690	897
690	752
691	734
691	854
691	848
691	820
691	798
691	814
691	927
692	712
692	706
692	800
692	970
692	930
693	822
694	878
694	742
694	782
695	845
695	990
695	888
695	988
696	781
696	741
696	802
696	718
696	991
696	764
697	883
697	838
697	968
698	743
698	830
698	988
698	783
698	732
699	736
699	761
700	898
700	998
700	945
700	820
700	773
700	949
700	711
700	995
700	801
700	848
701	717
701	957
701	896
702	831
702	899
702	715
703	772
703	845
703	990
704	955
704	993
704	834
705	966
705	788
705	997
706	930
706	859
706	986
707	725
707	832
707	925
708	723
708	941
708	769
708	892
709	868
710	913
710	874
710	956
711	773
711	898
711	740
711	945
711	961
711	854
712	919
712	930
712	812
712	748
712	751
713	940
713	986
713	897
713	752
713	766
714	844
714	889
714	823
714	994
714	881
714	746
714	976
714	954
714	824
715	914
715	866
715	875
715	974
716	869
716	896
717	921
717	803
717	950
717	939
718	781
718	764
718	906
718	802
719	894
719	929
719	770
719	789
720	979
720	775
721	907
721	832
721	725
722	724
722	967
722	944
723	858
723	779
723	892
723	769
723	739
724	967
724	944
725	925
725	907
727	852
728	952
728	752
728	940
728	986
728	933
728	763
728	766
729	959
729	969
729	782
730	805
730	903
730	763
730	946
730	843
731	982
731	790
731	828
732	951
732	905
733	978
733	860
734	995
734	740
734	949
734	773
734	998
735	870
735	902
736	965
736	862
736	752
736	940
737	812
737	981
737	800
737	992
737	784
738	776
738	889
738	976
738	844
738	962
738	994
738	881
738	762
738	867
739	941
739	834
739	932
739	858
739	963
739	935
739	829
739	922
739	832
740	798
740	848
740	854
740	949
740	961
741	857
741	883
741	991
742	934
742	959
743	772
743	964
744	792
744	880
744	943
744	893
744	984
744	983
745	861
745	871
745	911
746	867
746	762
746	994
746	823
746	962
747	767
747	852
747	957
747	855
748	800
748	859
748	751
748	784
748	812
748	981
748	992
749	867
749	881
749	824
749	817
749	762
749	889
749	926
750	868
750	928
751	885
752	940
752	897
752	952
752	916
753	778
754	836
754	887
754	900
754	785
755	859
755	812
755	885
756	940
756	862
756	916
756	818
757	843
757	827
757	805
757	804
758	985
759	813
759	876
759	839
759	811
760	779
760	808
760	769
761	916
761	971
761	940
761	766
761	933
762	926
762	844
762	823
762	976
763	843
763	805
763	856
763	920
764	857
764	795
766	916
766	986
766	971
767	915
768	977
768	865
768	947
768	902
768	793
768	964
768	909
769	858
769	935
769	779
769	932
769	829
770	908
770	809
770	789
770	929
771	988
771	847
772	905
772	819
772	951
772	847
772	845
773	927
773	848
773	945
773	820
774	989
774	822
775	836
775	849
776	889
776	994
776	926
776	881
777	996
778	901
778	972
779	941
779	829
779	892
781	857
781	968
781	973
781	802
782	878
782	969
783	846
783	905
783	988
783	847
783	951
784	812
786	842
786	910
787	884
788	810
789	908
790	982
790	828
790	816
791	977
791	833
791	975
791	937
792	890
792	880
793	833
793	975
793	840
793	909
793	865
794	797
794	853
795	991
795	857
796	804
796	827
796	843
796	856
796	892
797	853
797	842
797	883
798	854
798	820
798	848
798	995
798	949
798	927
798	814
798	945
799	977
799	948
799	964
799	865
799	904
800	812
800	859
801	987
801	904
802	883
802	906
802	973
802	991
802	968
803	980
803	921
803	960
803	957
804	856
805	843
805	903
805	920
806	868
807	895
807	811
807	876
809	929
809	908
811	895
812	981
812	914
813	839
813	876
813	895
814	949
814	854
814	820
815	908
815	948
816	982
816	828
816	947
817	954
817	926
817	824
818	916
818	897
819	905
819	830
820	945
820	998
821	867
821	844
821	824
821	954
821	962
821	926
822	989
823	976
823	867
823	926
823	824
824	994
824	844
824	962
825	992
826	842
826	906
826	910
827	946
828	982
829	834
829	963
829	858
829	935
830	888
830	923
830	882
831	974
831	866
831	875
831	886
832	907
832	925
833	909
833	975
833	865
834	941
834	963
834	935
834	922
834	932
835	990
835	882
835	951
835	905
836	849
837	851
838	968
838	906
838	973
839	876
840	937
840	865
840	964
840	902
840	947
841	931
842	853
843	920
843	856
844	976
844	889
844	881
844	954
845	990
845	863
845	888
845	882
846	988
846	923
847	988
847	953
848	961
848	998
848	995
848	949
849	900
851	924
852	915
852	960
852	950
852	980
852	917
853	910
854	995
854	998
854	898
854	945
856	946
856	920
858	892
858	963
858	932
859	992
860	978
861	911
862	916
862	933
863	891
863	905
864	884
864	873
865	975
865	977
866	875
866	974
866	914
866	899
867	889
868	928
869	980
869	957
869	921
870	965
871	911
871	945
873	931
874	913
874	956
875	914
877	987
879	988
879	953
879	923
880	890
880	943
880	893
880	936
881	954
882	888
882	905
884	931
885	930
886	974
888	953
889	994
889	954
889	962
890	984
892	941
892	922
893	984
894	908
896	980
896	950
896	981
897	965
897	971
897	952
898	995
899	974
901	987
901	938
901	912
902	975
902	909
902	948
902	937
902	964
905	988
905	923
905	951
906	973
909	975
912	999
914	974
915	921
915	960
916	986
916	971
917	980
918	942
921	950
921	939
922	941
922	932
923	951
927	995
927	961
933	940
936	983
936	943
937	964
939	950
939	980
942	975
943	984
944	967
945	995
945	998
947	977
948	964
949	998
950	957
952	965
952	971
953	990
954	976
955	993
961	995
964	977
966	997
970	981
970	992
971	986
975	977
981	992
982	995
983	984
995	998
