0	857
0	826
0	663
0	595
0	774
0	893
0	754
0	973
0	880
1	732
1	630
1	694
1	972
1	598
1	818
2	814
2	557
2	538
2	565
2	798
2	746
3	766
3	829
3	562
3	832
3	121
4	822
4	715
4	758
4	856
4	669
4	153
5	629
5	762
5	768
5	879
5	602
5	722
5	109
6	821
6	987
6	817
6	767
7	729
8	12
8	9
8	508
8	956
9	13
10	12
10	373
11	13
13	418
13	441
14	19
14	15
14	24
14	18
14	27
14	468
15	17
15	27
15	22
15	19
15	26
15	21
15	24
15	790
16	20
16	25
16	23
16	301
17	18
17	24
17	19
17	27
17	22
17	411
17	977
17	883
18	22
18	19
18	26
18	21
19	21
19	26
19	973
20	25
20	23
20	304
21	27
21	24
21	22
21	471
22	26
22	27
22	86
22	104
23	25
23	305
24	27
24	245
24	208
25	222
26	27
29	31
29	30
29	32
29	34
30	718
33	39
35	38
35	163
36	152
37	368
37	41
37	888
38	40
38	337
38	920
38	892
38	576
39	41
39	660
39	886
41	802
42	48
42	255
42	523
43	46
44	140
45	363
45	498
46	47
47	374
47	392
47	795
47	937
47	526
47	770
48	414
48	890
48	772
49	54
49	433
49	438
49	415
50	440
50	433
50	53
51	52
51	440
51	438
52	54
53	54
53	435
53	436
54	438
54	441
54	434
54	442
54	55
55	440
55	439
56	60
57	62
57	417
57	767
58	60
58	59
61	145
61	62
61	612
62	861
63	69
63	940
63	900
64	235
64	69
64	346
65	69
66	69
67	223
68	151
70	76
70	269
70	74
70	267
71	75
71	76
71	267
71	268
71	271
71	756
72	270
72	75
72	272
72	73
73	74
73	268
73	272
73	266
74	270
74	75
75	267
75	268
75	269
75	848
76	271
76	267
76	272
77	80
77	83
78	83
80	741
81	83
82	300
83	432
84	89
84	88
85	496
86	87
87	398
87	342
87	371
88	350
88	925
88	791
88	981
89	377
90	191
91	95
91	94
91	448
91	92
92	94
92	95
92	896
93	97
93	96
94	95
94	606
96	97
98	100
98	230
99	100
99	227
99	309
99	310
100	228
100	224
100	227
101	104
101	467
101	737
102	104
102	103
102	372
103	229
103	309
103	315
104	227
105	157
105	111
105	424
105	517
106	110
106	135
107	358
108	111
109	284
112	115
112	116
112	249
112	113
113	116
113	115
113	618
114	118
114	117
115	116
115	649
116	946
117	118
119	158
120	361
120	125
122	123
122	160
123	259
123	582
126	131
126	175
126	132
126	129
127	131
127	128
127	132
127	181
128	177
128	131
129	175
129	179
129	131
130	132
130	131
130	175
131	132
131	181
131	180
131	433
132	177
132	178
133	137
133	616
134	138
134	137
136	414
137	139
137	185
138	477
138	697
138	962
140	142
140	143
140	332
141	142
142	144
142	145
146	281
146	733
147	160
147	150
148	150
149	152
149	151
149	153
150	299
152	153
154	158
154	515
155	250
155	156
155	641
156	158
158	276
158	266
159	191
159	976
160	814
161	165
162	164
163	164
163	166
164	167
166	675
168	171
168	173
169	174
169	170
169	171
169	182
169	173
170	173
170	185
170	172
170	187
171	172
171	182
171	188
171	407
172	185
172	186
173	183
173	508
173	188
174	184
174	183
175	178
175	180
176	180
176	181
176	178
177	178
178	181
179	181
180	181
181	899
182	183
182	186
182	184
183	188
183	187
184	185
184	186
185	187
185	188
186	187
187	188
189	194
189	433
189	587
189	801
190	192
190	943
191	250
191	192
191	195
192	202
192	858
193	194
193	815
195	841
196	197
196	202
196	198
197	202
197	198
198	202
199	201
199	200
199	306
200	201
203	208
203	288
203	287
203	209
203	205
203	204
203	856
204	209
204	205
204	206
204	292
204	287
205	293
205	207
205	206
205	292
205	677
206	291
206	288
206	209
207	209
207	290
207	291
207	434
207	686
208	292
208	293
208	291
208	535
209	291
209	292
210	212
210	244
211	215
211	216
211	212
212	215
212	381
212	387
212	216
212	382
213	216
213	382
213	215
214	216
214	383
214	382
214	380
215	382
215	384
216	387
216	384
216	386
216	380
217	219
218	220
218	221
218	223
219	352
222	223
223	765
224	227
224	228
224	309
224	310
224	308
224	313
225	226
225	308
225	311
225	229
225	315
225	421
226	227
226	309
226	313
226	312
226	228
226	229
227	230
227	313
227	314
227	311
228	309
228	315
228	314
228	310
228	995
229	308
229	312
230	308
230	314
230	312
230	309
230	465
231	232
231	750
231	930
232	237
232	547
233	237
233	748
234	235
234	953
236	825
238	244
239	240
239	241
240	243
241	244
241	361
242	244
242	471
245	251
245	248
245	341
246	249
247	251
247	532
247	717
249	250
250	410
250	376
250	589
252	257
252	645
252	715
255	256
256	258
258	728
259	263
260	327
260	338
261	265
262	377
262	727
263	264
264	463
265	337
265	699
266	267
266	268
266	270
266	269
266	621
267	269
267	270
267	272
267	867
268	269
268	272
269	270
270	271
272	877
273	279
273	275
274	278
274	998
276	277
276	279
276	685
279	835
279	755
279	550
280	286
281	285
281	283
281	511
281	908
282	286
282	698
283	286
284	285
284	597
285	286
288	291
288	293
288	289
289	293
289	291
290	292
290	786
291	293
292	700
294	354
295	299
295	887
297	299
299	638
300	406
300	783
301	304
301	302
301	303
302	303
302	307
302	304
302	306
302	404
303	304
303	305
303	306
303	307
304	307
304	305
305	306
305	307
306	307
308	310
308	314
308	313
308	315
308	311
309	315
309	314
309	311
309	313
310	313
310	311
310	314
310	312
310	315
311	312
312	314
312	489
313	314
313	398
314	315
316	321
316	891
317	323
317	321
318	319
319	320
319	413
319	544
321	322
322	330
324	331
324	327
325	328
325	331
325	868
326	396
326	764
332	334
335	339
336	338
337	339
337	541
340	342
341	345
342	343
344	378
344	881
345	347
345	828
347	381
348	350
348	659
349	351
349	354
349	789
350	355
351	360
351	454
352	353
352	709
353	862
354	653
356	360
357	363
357	567
358	362
358	430
359	452
360	984
360	988
361	363
363	410
363	663
364	365
365	413
365	369
365	448
365	385
366	369
368	369
368	670
369	444
370	996
372	373
372	378
372	446
373	808
374	379
374	816
375	379
377	919
378	379
378	588
379	561
380	384
380	386
381	383
381	384
382	387
382	385
382	383
383	385
383	384
383	511
384	386
384	387
385	387
388	392
389	394
390	392
390	443
390	490
390	933
391	396
393	395
393	778
393	758
394	396
395	477
397	402
398	400
398	683
399	405
399	401
400	401
400	405
402	404
402	403
404	405
406	408
406	874
407	411
407	581
408	806
409	411
410	411
411	412
413	864
415	418
415	420
415	416
415	743
416	419
416	418
416	420
416	972
417	422
417	421
417	423
418	419
418	824
419	420
419	596
419	855
420	752
420	938
421	422
421	423
422	423
423	630
425	429
425	426
425	604
425	912
427	430
427	442
428	429
428	431
429	766
431	964
433	724
434	439
435	442
436	438
436	439
436	639
437	442
437	439
438	439
438	442
440	441
441	889
441	731
444	452
445	450
449	516
450	495
451	452
453	460
453	457
454	462
454	978
455	457
455	456
455	936
457	461
458	463
459	460
464	468
464	469
464	472
464	467
464	471
465	470
465	474
465	466
466	470
466	474
467	468
467	471
467	469
467	473
467	472
468	469
468	473
468	472
469	471
469	472
469	629
470	474
471	473
472	473
474	656
475	479
475	484
476	478
476	483
477	479
477	485
477	491
477	989
478	482
478	480
480	482
482	966
483	710
484	759
486	489
487	492
487	951
488	490
488	489
489	494
490	493
491	497
492	498
494	496
494	671
498	716
499	514
499	516
499	515
499	507
499	517
499	506
499	505
500	503
500	501
500	508
500	519
500	847
500	842
501	503
501	519
501	508
502	506
502	516
502	504
502	505
502	518
503	508
503	512
504	513
504	509
504	518
504	507
505	520
505	507
506	509
506	510
506	517
506	518
506	513
507	515
507	520
507	518
507	510
507	514
507	517
508	512
508	519
509	515
509	511
510	515
510	556
511	516
511	518
511	520
511	514
512	519
512	924
513	518
513	516
513	517
513	520
514	520
515	520
515	517
517	518
518	873
519	666
519	669
521	916
521	684
521	866
521	900
521	775
521	656
521	863
522	995
522	654
522	920
523	538
523	888
523	928
523	955
523	749
523	971
524	969
524	660
524	911
525	750
525	555
525	837
525	574
525	958
525	865
525	594
525	868
525	894
526	879
526	631
526	829
526	562
526	625
526	766
526	731
527	817
527	736
527	922
527	904
527	619
527	539
527	863
527	851
527	803
528	978
528	604
528	836
528	913
528	950
528	975
528	740
528	905
529	930
529	983
529	770
529	878
529	886
529	754
529	590
529	942
530	896
530	644
530	710
530	632
530	912
531	987
531	619
531	735
531	873
531	817
531	683
532	564
532	890
532	841
532	926
532	665
533	596
533	951
533	961
534	953
534	686
534	911
534	667
534	587
534	757
534	688
535	603
535	934
535	858
535	776
536	778
536	841
536	740
536	816
536	890
536	963
537	922
537	705
537	877
538	897
538	696
538	614
538	542
538	846
538	749
538	563
538	971
539	866
539	706
539	735
539	797
540	941
540	616
540	840
540	898
541	818
541	828
541	943
541	654
541	982
541	565
541	707
541	643
542	928
542	971
542	643
542	937
542	623
542	546
542	814
542	563
542	967
543	587
543	969
543	733
543	838
543	968
543	867
543	626
543	553
544	690
544	617
544	746
544	943
544	806
544	732
545	720
545	703
545	893
545	713
545	639
545	695
545	874
545	640
545	598
546	630
546	654
546	746
546	967
546	708
546	897
546	690
547	872
547	940
547	673
548	795
548	920
548	643
548	617
548	549
548	563
548	928
548	588
548	949
549	734
549	995
549	749
549	920
549	970
549	782
549	967
550	776
550	720
550	837
550	826
550	719
551	612
552	660
552	653
552	618
553	618
553	929
553	568
553	969
553	649
553	667
554	678
554	760
554	912
554	717
554	675
555	609
555	958
555	620
555	634
555	790
555	805
555	737
555	776
555	917
556	621
556	632
556	924
556	666
556	675
556	996
556	830
556	871
557	818
557	967
557	588
557	623
557	943
557	949
557	749
558	777
558	600
558	910
558	574
558	751
558	636
558	668
558	790
559	571
559	836
559	771
559	645
559	721
560	990
560	687
560	710
560	676
561	954
561	670
561	981
561	633
561	826
561	754
561	807
561	747
561	761
561	865
562	844
562	804
562	880
562	594
562	983
562	878
562	837
562	701
563	914
563	970
563	828
563	630
563	842
564	809
564	771
564	645
564	975
564	680
565	598
565	588
565	818
565	674
565	798
565	914
565	842
565	581
566	673
566	936
566	679
566	638
567	898
567	638
567	802
567	899
567	572
567	918
568	953
568	667
568	587
568	929
568	947
568	875
568	786
568	578
569	751
569	824
569	934
569	958
569	636
569	805
569	927
569	954
569	576
569	651
569	691
569	701
569	894
569	611
570	702
570	784
570	945
570	739
570	649
570	626
570	997
570	799
571	957
571	905
571	963
571	836
571	978
571	960
572	780
572	834
572	679
572	845
572	848
572	899
572	638
573	584
573	848
573	580
573	607
573	834
573	991
574	858
574	958
574	770
574	716
575	633
575	597
575	956
575	719
575	804
575	640
575	741
575	668
575	715
575	625
575	662
576	609
576	661
576	737
576	958
576	725
576	878
576	854
577	656
577	877
577	860
578	688
578	965
578	966
578	626
579	789
579	820
579	941
579	898
580	899
580	918
580	810
580	599
580	586
580	850
581	818
581	972
581	828
581	696
581	654
581	782
582	804
582	703
582	642
582	659
582	857
582	605
582	856
583	956
583	902
583	979
583	703
583	639
583	917
583	743
583	691
583	637
583	893
583	661
584	855
584	780
584	692
584	952
585	998
585	841
585	771
585	978
585	975
585	950
586	951
586	779
587	969
587	838
587	641
587	799
587	847
588	674
588	734
588	812
588	749
588	700
588	694
588	746
588	928
589	750
589	959
589	631
590	865
590	979
590	948
590	663
590	731
590	974
590	730
590	768
591	663
591	716
591	856
591	701
591	747
591	954
591	752
591	910
591	886
591	865
591	884
591	782
592	756
592	632
592	697
592	906
592	924
592	785
593	927
593	615
593	865
593	930
593	770
593	981
593	640
594	722
594	625
594	728
594	693
594	854
594	989
594	663
594	934
594	770
594	714
594	685
595	879
595	672
595	651
595	942
595	725
595	976
595	722
595	854
596	845
596	729
596	940
596	800
596	787
597	602
597	620
597	658
597	931
597	622
597	791
597	894
597	636
597	979
597	884
598	995
598	806
598	696
598	601
599	815
599	840
599	834
599	699
599	635
599	952
600	973
600	874
600	605
600	642
600	663
600	631
600	659
600	615
600	636
601	696
601	700
601	943
601	746
601	643
601	920
601	652
602	634
602	807
602	685
602	883
602	750
602	977
602	639
602	751
603	956
603	989
603	853
603	931
603	983
603	730
603	942
603	805
603	743
604	676
604	648
604	771
605	720
605	981
605	754
605	874
605	747
605	611
605	663
605	701
605	848
606	756
606	988
606	891
606	831
606	687
606	912
606	726
606	869
606	992
607	613
607	825
607	616
607	961
608	711
608	924
608	992
608	964
608	891
608	871
609	826
609	893
609	917
609	759
609	751
609	615
609	637
609	671
610	906
610	908
610	710
610	996
610	889
610	756
610	988
611	776
611	934
611	752
611	927
611	691
611	948
611	714
611	954
611	880
612	793
612	624
612	864
612	935
612	712
613	692
613	646
614	982
614	814
614	674
614	943
614	746
614	696
614	690
614	937
614	955
615	709
615	883
615	884
615	822
615	728
615	804
615	663
615	893
615	959
616	919
616	835
616	679
616	779
616	918
616	787
616	951
616	780
617	971
617	995
617	674
617	970
617	734
617	937
617	828
617	643
617	812
618	739
618	667
618	929
619	772
619	797
619	706
619	803
620	788
620	777
620	999
620	959
620	754
620	768
621	785
621	964
621	896
621	891
621	657
622	691
622	719
622	714
622	948
622	766
622	805
622	962
622	938
622	713
622	892
622	819
623	967
623	846
623	818
623	700
624	903
624	935
624	794
625	728
625	902
625	883
625	670
626	984
626	887
626	911
626	966
626	987
627	977
627	930
627	796
627	832
627	981
627	770
627	923
627	728
627	725
627	837
627	722
628	680
628	885
628	676
628	905
628	781
629	805
629	849
629	639
629	999
629	631
629	878
630	972
630	643
630	818
630	914
630	814
631	633
631	728
631	857
631	768
632	891
632	801
632	906
632	644
632	678
632	990
633	849
633	837
633	766
633	716
633	917
633	893
634	661
634	805
634	879
634	832
634	714
634	942
634	882
635	815
636	752
636	884
636	832
636	981
636	661
636	773
636	668
636	695
637	743
637	773
637	796
637	668
637	763
637	709
637	752
637	902
638	779
638	855
638	899
638	787
638	835
638	833
639	670
639	751
639	685
639	770
640	670
640	819
640	796
640	737
640	948
641	667
641	875
641	925
641	965
641	650
641	799
642	993
642	743
642	862
642	713
642	958
642	763
642	765
643	818
643	971
643	718
643	842
643	694
644	988
644	912
644	871
644	711
645	836
646	845
646	764
646	834
646	825
647	922
647	900
647	705
647	821
647	803
648	809
648	909
648	885
649	686
650	945
650	702
650	968
650	784
651	868
651	791
651	804
651	974
651	805
651	730
651	669
652	828
652	696
652	928
652	708
652	806
652	982
652	742
653	966
653	887
653	702
653	929
653	870
654	782
654	732
654	812
654	718
654	674
654	943
654	798
655	911
655	966
655	686
655	660
655	867
655	921
656	873
657	717
657	785
658	743
658	761
658	792
658	670
658	671
658	849
659	958
659	790
659	989
659	742
659	894
659	931
660	965
660	969
661	750
661	853
661	883
661	763
661	725
662	754
662	993
662	723
662	719
662	837
662	693
663	752
663	747
663	880
663	832
664	824
664	758
665	778
665	680
665	859
665	985
666	996
666	675
667	966
667	867
667	686
667	688
668	804
668	981
668	868
668	763
668	849
668	713
668	880
668	959
669	750
669	878
669	792
669	956
669	728
669	822
670	691
670	741
670	747
670	942
670	790
670	796
670	725
670	695
670	774
670	832
671	808
671	962
671	747
671	934
671	862
671	981
671	977
671	893
672	902
672	989
672	886
672	765
672	754
673	699
673	835
674	920
674	955
674	970
675	901
675	988
675	760
675	678
675	889
675	830
675	994
675	939
676	909
676	680
676	721
677	786
677	784
677	870
677	921
677	966
677	947
677	838
678	748
678	939
678	994
678	697
678	801
678	738
678	744
678	785
678	901
678	896
679	845
679	919
679	941
679	699
679	811
679	852
680	913
680	771
680	909
680	975
680	926
681	863
681	860
681	900
682	740
682	960
682	827
682	859
683	851
683	866
683	904
684	860
684	706
684	803
685	755
685	844
685	826
685	981
685	742
687	901
687	785
687	711
687	830
687	990
688	870
688	986
688	911
688	887
689	793
689	864
689	712
690	955
690	818
690	982
690	707
690	749
690	888
690	708
691	930
691	762
691	819
691	715
691	959
691	910
691	956
691	773
691	747
692	783
692	936
693	839
693	958
693	774
693	709
693	854
693	763
693	974
693	979
693	902
694	971
694	806
695	832
695	923
695	993
695	934
696	806
696	746
696	795
696	718
697	908
698	841
698	836
699	780
699	800
699	729
699	952
700	995
700	734
701	865
701	979
701	958
702	887
702	786
702	925
702	965
702	997
702	757
703	773
703	796
703	976
703	882
703	737
704	931
704	948
704	808
704	765
704	917
705	767
705	895
705	987
706	735
706	821
706	876
707	937
707	949
707	782
707	914
707	734
707	771
708	842
708	798
708	812
708	828
709	849
709	776
709	868
709	755
709	773
710	964
710	896
711	744
711	881
711	901
711	994
711	939
712	864
712	793
712	903
713	822
713	730
713	844
713	930
713	993
714	946
714	728
715	737
715	773
715	770
715	958
715	902
716	768
716	959
716	956
716	958
716	765
716	931
717	908
717	924
717	881
717	994
717	992
717	785
718	888
719	796
719	938
719	743
719	894
719	923
720	722
720	731
720	858
721	890
721	944
721	781
721	963
722	826
722	751
722	759
722	832
722	879
722	755
722	737
722	747
722	910
723	745
723	849
723	750
723	762
724	953
724	925
724	757
724	870
725	777
725	768
725	854
725	977
725	983
725	762
725	858
726	871
726	891
726	988
726	939
727	987
727	863
728	879
728	832
728	765
729	811
729	848
729	780
729	861
730	934
730	807
730	837
730	930
731	879
731	743
732	920
732	928
733	968
734	897
734	970
735	851
735	767
735	873
736	772
737	763
737	910
737	777
737	743
738	881
738	785
738	744
738	871
738	996
738	748
738	906
739	838
739	965
739	945
739	867
740	827
740	950
741	878
741	777
741	938
741	954
742	856
742	854
742	977
742	923
742	956
743	776
743	962
743	745
743	819
743	865
744	831
744	901
744	996
744	994
744	988
745	807
745	758
745	822
746	967
746	806
746	897
746	943
746	828
747	856
747	763
747	865
747	805
747	752
748	831
748	908
748	760
749	920
749	897
750	837
750	822
750	759
750	792
751	862
751	758
751	973
751	959
752	759
752	948
752	822
752	883
753	929
753	887
753	799
753	838
754	917
754	879
754	976
754	981
754	826
755	839
755	892
755	849
756	912
756	994
757	969
757	997
757	867
758	819
758	822
758	826
759	808
759	973
759	762
759	917
759	927
759	765
760	901
760	891
760	988
761	822
761	958
761	766
761	865
761	930
762	865
762	805
762	765
762	882
762	829
762	874
762	948
762	910
763	892
763	874
763	832
763	976
764	961
764	823
764	918
764	840
765	858
765	993
766	804
768	917
768	874
768	958
768	954
768	865
769	816
769	809
769	998
769	905
769	926
769	985
770	883
770	865
770	804
770	832
770	989
770	805
770	958
771	975
771	909
771	841
772	987
772	775
772	877
772	860
773	796
773	942
773	792
774	959
774	868
774	993
774	878
774	856
774	829
775	821
776	930
776	934
777	974
777	880
777	954
777	832
777	862
777	857
778	998
778	809
779	825
779	855
779	940
779	783
779	961
779	861
779	787
779	907
779	872
780	848
780	991
780	855
780	835
781	905
781	836
781	841
781	809
781	957
782	970
782	928
782	846
783	852
783	820
783	800
783	861
783	787
783	850
784	969
784	965
784	786
784	911
785	939
786	945
787	961
787	800
787	872
787	820
788	879
788	983
788	892
788	934
789	936
789	843
790	927
790	826
791	981
791	999
791	796
792	796
792	973
792	954
792	979
793	903
793	864
794	903
794	864
794	935
795	937
796	822
797	851
797	895
798	943
798	920
798	914
799	968
799	984
799	838
800	852
800	919
800	825
800	813
800	940
800	811
801	924
801	964
802	848
802	907
802	810
803	900
803	873
803	851
804	808
804	844
805	917
805	962
805	808
805	865
806	920
806	937
807	959
807	849
807	954
807	857
807	956
807	829
808	934
808	829
809	841
809	913
809	859
810	852
810	848
811	898
811	823
812	888
812	955
812	914
813	823
813	861
814	897
814	828
814	914
814	970
814	928
815	861
815	848
815	919
816	909
816	885
818	846
818	971
819	892
819	999
819	878
820	919
820	907
821	900
822	934
822	962
822	878
823	850
824	826
824	857
825	936
825	918
826	974
826	839
826	979
827	963
827	998
827	890
827	885
828	846
828	982
828	943
828	955
829	857
830	992
830	939
831	924
831	996
831	912
832	857
832	993
833	899
833	936
833	834
836	907
837	862
837	999
838	911
838	887
838	867
838	929
838	875
838	947
840	855
841	926
841	980
841	905
842	972
842	971
842	949
843	918
843	907
843	932
843	919
844	902
844	894
845	918
845	932
846	937
846	967
846	955
847	965
848	952
848	936
848	951
849	983
849	874
849	989
850	936
851	922
852	915
853	999
853	974
853	938
853	946
854	886
854	983
856	884
856	954
856	879
856	927
857	946
857	958
857	934
857	962
859	926
861	991
861	961
862	993
862	884
862	865
863	866
864	903
865	993
865	981
865	927
866	876
867	986
867	945
867	947
867	921
867	969
868	894
868	962
868	893
869	994
870	966
870	986
871	912
872	961
873	895
874	886
875	911
875	984
877	916
878	902
878	938
879	948
879	976
880	993
880	958
880	954
881	901
881	990
881	994
882	886
882	917
883	886
884	993
885	980
886	983
886	942
886	946
886	979
887	997
888	949
888	995
888	971
888	920
890	957
890	985
892	930
892	956
894	981
896	939
897	914
897	970
898	919
899	915
900	916
901	939
903	935
904	916
905	926
907	952
908	990
908	964
909	975
910	983
910	976
911	969
911	965
913	975
913	926
914	937
914	971
914	970
914	995
917	930
918	991
919	941
919	961
920	995
921	997
923	930
924	964
924	939
925	947
925	969
926	980
927	942
933	984
933	997
933	965
933	986
934	993
934	958
937	967
937	970
938	954
938	973
940	951
940	941
944	960
944	978
945	953
946	954
946	959
946	977
948	993
950	980
953	984
953	965
954	976
955	982
957	998
959	983
965	968
966	969
968	997
971	995
973	979
973	993
975	980
976	999
980	985
986	997
