0	768
0	849
0	951
0	702
0	706
0	841
0	813
0	624
0	823
1	979
1	770
1	868
1	6
1	332
1	778
2	944
2	720
2	942
2	728
2	937
2	851
2	946
3	711
3	815
3	890
3	821
3	783
3	878
3	732
3	976
3	908
3	64
4	709
4	773
4	822
4	738
4	723
4	121
4	792
4	923
4	111
4	906
5	825
5	770
5	894
5	724
5	701
5	739
5	759
5	8
5	952
5	841
6	845
6	882
6	931
6	704
6	825
6	848
6	964
6	966
7	514
7	8
7	9
7	12
8	758
9	491
9	844
10	221
10	863
11	142
12	39
12	97
12	886
12	927
13	433
13	691
13	782
14	16
14	987
15	88
15	957
16	609
17	67
17	22
18	20
19	247
21	369
21	596
21	603
23	25
23	333
23	480
24	26
24	963
25	443
25	931
26	355
27	330
27	461
28	42
28	30
29	31
30	163
31	32
31	948
32	306
32	664
33	135
33	188
33	280
33	589
33	949
33	720
34	237
34	50
34	669
34	890
35	41
35	37
36	41
36	40
36	891
37	213
37	885
38	72
39	530
39	922
40	759
40	768
41	522
41	239
41	436
42	45
42	115
42	150
42	800
43	241
43	46
43	489
44	48
45	354
46	848
46	910
47	191
47	105
47	938
48	352
49	266
49	52
49	175
49	909
50	415
50	473
50	531
50	610
50	734
50	976
51	53
51	54
51	949
53	110
53	67
54	55
54	830
56	333
56	57
56	58
56	667
58	564
58	934
59	62
60	112
60	557
60	943
61	144
61	307
62	215
62	401
62	711
63	67
63	128
63	498
64	83
64	69
64	326
65	469
66	229
66	997
68	130
70	72
70	71
71	729
72	974
73	75
73	653
74	76
74	959
75	248
75	692
76	106
77	82
78	80
79	133
79	80
79	535
79	719
80	154
80	381
81	288
81	338
82	367
82	218
82	871
83	149
83	749
84	126
84	85
84	87
84	856
85	88
86	242
86	722
87	375
87	921
88	562
88	570
88	825
89	344
89	90
90	392
90	854
90	967
91	94
92	97
92	94
92	859
93	376
95	96
95	738
96	315
97	935
97	941
98	100
99	162
100	101
100	370
101	300
101	742
102	104
102	387
102	725
103	275
104	657
104	993
105	108
105	109
106	895
106	883
107	252
107	350
107	645
109	781
110	611
110	160
111	316
112	113
112	253
113	116
113	118
114	118
114	410
114	455
114	978
115	116
115	117
115	641
116	551
119	125
119	395
119	124
120	125
120	399
120	403
120	395
121	404
121	122
121	124
121	399
122	123
122	512
122	400
122	768
123	403
124	401
124	399
124	403
124	394
125	397
125	394
126	155
126	541
126	578
127	132
127	468
129	341
130	159
130	131
130	593
130	398
132	258
132	199
132	968
132	897
133	134
134	135
134	390
135	136
135	579
135	993
136	139
137	138
137	458
137	697
138	224
138	588
140	248
141	142
141	816
142	158
143	145
143	936
143	982
144	405
144	178
145	190
147	819
148	150
148	149
148	197
149	837
150	151
150	899
151	735
152	361
152	153
152	419
155	158
155	193
156	518
156	159
157	295
159	399
161	167
161	191
162	167
162	164
162	165
162	519
163	176
164	709
165	192
165	784
166	180
166	167
166	710
167	944
168	179
169	192
169	963
170	171
170	189
171	174
171	173
172	173
174	620
175	177
175	813
175	740
175	843
177	317
177	568
178	179
180	366
181	250
182	184
183	186
183	214
185	271
185	187
185	876
186	286
187	614
188	823
189	476
190	191
191	195
191	581
192	194
192	444
193	869
194	222
195	411
196	364
196	996
198	274
198	200
199	262
199	642
200	202
200	639
201	202
201	657
203	208
203	776
204	207
204	226
204	441
204	791
205	207
205	206
205	607
207	209
208	240
209	333
210	211
211	216
212	216
213	304
213	540
213	640
213	953
214	762
215	216
215	231
216	545
217	220
217	223
219	222
219	220
221	223
221	946
223	727
224	387
224	228
225	229
226	229
226	340
227	336
227	454
229	346
230	437
231	616
232	233
232	237
232	886
233	236
234	237
234	235
234	590
234	718
235	236
237	442
238	243
238	977
238	755
240	242
240	243
241	318
242	243
243	428
243	998
244	535
244	430
245	251
245	785
246	248
246	247
246	251
247	482
248	250
248	560
249	467
249	250
249	675
251	504
251	750
252	254
252	258
252	699
252	990
253	254
253	267
253	355
253	771
255	258
256	405
256	257
256	628
256	864
256	939
256	995
258	631
259	263
261	263
263	265
264	265
266	267
266	273
268	674
268	270
269	273
270	316
270	522
272	676
272	744
273	471
273	515
274	275
275	345
275	724
276	281
276	964
277	281
278	279
282	311
282	393
283	289
284	613
285	286
286	287
286	764
287	320
287	826
288	289
290	291
291	429
291	292
291	880
293	297
293	294
293	396
295	332
295	296
296	297
298	301
298	806
299	303
300	544
300	665
301	303
301	779
302	533
302	303
302	305
302	966
303	732
303	933
305	577
306	313
308	314
309	312
309	310
309	313
309	790
310	779
311	372
311	594
312	321
314	319
315	319
317	320
318	321
319	493
320	342
321	457
322	323
322	327
322	329
323	327
323	329
323	434
324	328
324	325
324	326
325	328
325	326
326	328
327	329
328	948
329	730
330	337
330	331
331	336
331	426
333	337
334	336
334	335
334	542
338	638
338	875
339	341
339	344
341	343
341	345
341	347
343	344
344	636
348	351
349	355
350	353
353	901
354	356
354	467
357	364
357	358
357	359
357	583
358	360
358	363
358	364
361	362
362	365
364	365
365	913
366	367
366	864
366	970
367	370
368	372
369	370
369	373
369	702
369	984
370	372
370	829
371	471
371	374
371	904
373	756
375	477
376	519
376	500
376	506
377	380
377	748
378	379
378	380
379	383
379	382
381	383
384	391
384	385
384	388
386	387
386	391
388	646
388	674
389	393
389	893
391	517
392	403
394	403
394	402
395	397
395	404
395	398
396	397
396	398
396	402
397	402
397	404
397	399
397	400
398	401
398	399
400	403
401	403
404	926
405	571
405	413
406	409
406	414
407	412
408	471
409	410
409	412
409	507
414	630
415	679
416	417
416	421
416	426
416	892
417	419
417	421
417	427
417	426
417	420
418	425
418	424
418	422
419	427
419	421
420	427
421	427
421	426
422	423
422	424
422	986
423	424
423	425
423	870
424	766
424	809
425	736
425	715
428	439
428	643
429	432
430	668
431	437
432	682
434	435
434	437
435	438
436	799
439	627
440	451
441	731
443	452
443	453
446	453
446	451
446	501
447	521
448	453
448	730
448	889
448	942
449	450
449	738
450	451
451	452
454	456
454	460
456	466
456	872
457	458
459	464
459	908
462	467
462	463
462	465
464	980
465	772
467	621
468	716
469	475
469	478
469	481
469	483
470	472
472	475
473	497
474	475
474	528
477	479
478	612
484	489
484	486
484	499
485	503
485	801
486	495
487	498
488	500
488	713
490	503
491	494
492	493
495	835
496	501
502	504
505	506
507	513
508	510
508	512
509	513
510	522
511	524
512	514
514	518
514	775
515	524
515	747
516	521
517	520
521	523
522	525
525	686
526	538
526	849
527	548
527	529
528	533
529	539
531	548
532	545
532	534
533	868
535	598
536	542
538	540
538	549
538	650
539	546
539	547
543	549
543	832
550	552
550	574
552	575
553	555
554	574
554	585
555	577
556	576
556	765
557	559
558	569
558	566
558	572
559	563
561	568
565	566
566	567
567	571
568	576
568	954
569	576
570	573
575	577
580	585
580	584
586	590
587	600
591	609
592	614
595	596
595	635
598	608
599	628
600	607
601	640
602	615
602	625
604	610
605	626
606	631
609	620
609	629
611	623
612	615
613	628
617	637
618	632
619	627
619	624
621	632
622	629
622	634
624	626
625	912
637	638
637	734
641	659
642	670
644	681
644	695
647	649
647	682
648	668
648	689
649	677
649	663
650	671
651	683
652	684
652	658
653	680
654	662
655	694
656	663
656	694
657	677
658	696
660	662
661	696
661	688
662	687
666	668
669	683
669	690
669	973
673	685
678	697
679	684
679	693
681	700
686	700
687	689
693	771
701	947
701	734
701	951
701	864
701	779
701	768
702	910
702	766
702	823
702	825
702	877
702	887
703	910
703	982
703	920
703	786
703	720
703	776
703	952
703	880
703	961
704	961
704	854
704	845
704	822
704	767
704	993
705	964
705	949
705	935
705	794
705	766
705	954
706	998
706	778
706	717
706	936
707	860
707	953
707	986
707	862
707	987
707	754
707	875
707	891
707	943
708	955
708	924
708	833
708	770
708	885
709	846
709	767
709	836
709	813
709	963
709	906
709	756
709	887
710	852
710	875
710	797
710	978
710	736
710	755
710	815
710	873
710	764
710	884
711	871
711	827
711	861
711	783
711	893
711	865
711	735
711	930
712	905
712	850
712	838
712	989
712	876
712	940
712	844
712	751
713	789
713	738
713	932
713	964
714	775
714	856
714	978
714	805
714	883
714	860
714	983
715	807
715	862
715	875
715	992
715	753
715	726
715	802
716	977
716	989
716	720
716	847
716	841
717	786
717	733
717	877
717	868
717	864
717	924
717	922
717	894
717	898
717	855
717	833
717	759
717	882
717	966
718	982
719	975
719	789
719	896
719	795
719	990
719	889
719	847
719	803
720	840
720	813
720	723
720	901
720	919
721	967
721	741
721	848
722	815
722	981
722	878
722	810
723	949
723	803
723	991
723	939
723	965
723	838
723	879
724	964
724	949
724	728
724	731
724	923
724	812
724	813
724	811
724	847
724	886
725	777
725	930
725	985
725	748
725	746
726	916
726	958
726	888
726	860
726	785
726	828
726	874
726	865
726	862
726	945
726	853
726	852
727	741
727	791
727	911
727	937
727	905
727	927
728	889
728	965
728	839
728	876
728	848
728	819
728	846
728	786
729	775
729	974
729	926
729	865
729	992
729	821
729	782
729	834
730	904
730	886
730	772
730	762
730	925
730	733
730	841
730	964
730	839
731	825
731	820
731	833
731	932
731	778
732	978
732	781
732	992
732	861
732	953
732	875
733	955
733	968
733	800
733	854
733	991
733	965
733	749
734	758
734	840
734	858
734	855
734	989
734	935
734	820
734	749
735	918
735	862
735	869
735	783
735	740
735	926
735	888
736	986
736	883
736	917
736	781
736	821
736	992
736	981
736	971
736	893
736	984
737	831
737	845
737	841
737	965
737	964
737	880
737	879
738	889
738	911
738	877
738	919
738	820
738	751
738	942
738	894
738	954
738	965
739	823
739	776
739	901
739	909
740	871
740	883
740	874
740	760
740	907
741	846
741	940
741	771
741	850
741	911
741	811
742	759
742	922
742	772
742	940
742	792
742	977
742	812
742	795
743	872
743	790
743	748
743	986
743	852
743	883
744	955
744	849
744	855
744	794
744	795
744	858
744	767
744	791
744	947
745	863
745	994
745	781
745	859
745	930
745	997
745	996
745	945
745	888
745	828
745	852
746	986
746	878
746	835
746	775
746	764
746	926
746	805
746	872
747	983
747	857
747	987
748	752
748	897
749	774
749	989
749	968
749	771
749	934
750	845
750	824
750	889
750	941
750	818
750	876
750	968
750	858
750	820
751	951
751	968
751	870
751	772
751	823
751	935
751	808
752	826
752	890
752	832
752	798
752	782
753	957
753	953
753	872
753	760
754	852
754	765
754	953
754	970
754	797
754	981
754	992
755	957
755	793
755	897
755	907
755	884
755	891
755	828
755	987
755	757
756	789
756	839
757	981
757	930
757	956
757	984
757	827
757	881
758	840
758	968
758	825
758	989
758	969
758	979
759	813
759	822
759	928
759	789
759	770
759	806
759	877
759	880
759	922
759	841
760	950
760	914
760	763
760	865
760	764
760	999
760	871
760	863
760	780
760	959
761	987
761	976
761	945
761	797
761	869
762	854
762	788
762	940
762	768
762	772
762	990
762	850
762	812
762	899
762	955
763	863
763	837
763	976
764	798
764	780
764	867
764	986
764	943
764	878
764	999
764	950
765	816
765	805
765	913
765	785
765	891
766	879
766	961
766	928
767	768
767	776
767	789
767	823
767	940
767	975
767	991
768	844
768	946
768	920
768	868
768	906
769	995
769	825
769	979
769	904
769	795
769	998
769	903
770	962
770	791
770	925
770	937
770	980
771	831
771	855
771	932
772	961
772	786
772	948
772	936
772	975
772	927
772	774
772	962
773	841
773	794
774	811
774	949
774	952
774	838
774	968
775	860
775	916
775	958
775	867
775	790
776	836
776	849
776	905
777	821
777	871
777	807
777	981
777	857
777	907
778	934
778	931
778	822
778	829
778	895
779	851
779	784
779	794
779	937
779	922
779	968
780	914
780	971
780	785
780	835
780	805
781	874
781	865
781	863
781	842
781	914
782	862
782	996
782	902
783	978
783	837
783	785
783	999
783	814
784	791
784	912
784	841
784	801
784	845
785	959
785	915
786	993
786	935
786	788
786	791
787	919
787	820
787	925
787	967
787	920
787	877
788	955
789	899
789	993
789	919
789	812
789	840
790	884
790	807
791	894
792	819
792	812
792	829
792	947
793	797
793	814
793	821
793	972
794	796
794	844
794	965
794	824
794	847
795	951
795	965
795	841
795	920
795	844
796	989
796	803
796	979
796	885
796	906
797	917
797	817
797	983
797	921
798	817
798	996
798	863
798	958
798	900
798	892
799	936
799	938
799	946
799	934
799	955
799	952
800	942
800	952
800	973
800	868
801	968
801	901
801	876
801	870
801	988
801	955
802	875
802	861
802	827
802	983
802	986
803	903
803	923
803	991
803	846
803	995
803	813
803	906
804	881
804	857
804	874
804	983
805	999
805	857
805	834
805	862
806	920
806	910
806	819
806	946
806	931
807	959
807	986
807	918
808	825
808	911
808	849
808	910
808	923
808	812
809	842
809	916
809	816
809	950
809	900
809	981
810	814
810	830
810	983
810	888
810	930
810	945
811	885
811	866
811	833
811	968
811	846
812	938
812	948
812	848
812	876
812	840
812	877
812	855
813	820
813	967
813	844
813	905
814	959
814	872
814	984
814	917
815	883
815	832
815	958
815	817
815	950
816	821
816	921
816	865
816	881
816	994
816	827
817	852
817	865
817	914
817	933
817	871
817	860
817	857
818	988
818	825
818	870
818	932
818	991
819	855
819	824
820	919
820	910
820	833
820	989
821	992
821	997
821	933
821	929
822	963
822	928
822	920
823	877
823	946
823	851
823	927
823	824
823	982
824	831
825	935
825	955
825	836
825	879
825	937
825	931
825	831
826	834
826	884
827	893
827	921
827	933
828	881
828	921
828	907
828	842
829	934
829	989
829	910
829	931
829	924
830	994
830	985
830	976
831	885
832	888
832	861
832	972
832	863
832	835
833	899
833	905
834	862
834	985
834	872
834	916
834	883
834	981
835	978
835	971
835	994
835	999
835	992
836	932
836	949
836	911
836	850
837	873
837	891
837	971
837	981
838	951
838	880
838	964
838	889
838	877
839	880
839	990
839	901
839	944
840	990
840	982
840	961
840	946
840	941
840	851
841	965
841	851
842	874
842	958
842	986
843	933
843	860
843	978
843	926
843	976
843	983
844	846
844	993
844	965
844	854
844	955
844	991
845	909
845	988
845	977
845	940
846	948
846	894
846	886
847	962
847	969
847	919
847	889
848	904
848	980
848	905
848	903
848	975
849	855
849	898
849	894
849	923
849	962
850	898
850	977
850	887
850	870
851	938
852	950
853	888
853	917
853	907
854	927
854	911
854	904
854	910
854	951
855	960
855	886
855	995
856	987
856	983
856	921
856	915
856	929
857	971
857	913
857	983
857	943
857	956
857	867
857	881
858	969
858	877
858	966
859	999
859	863
859	976
859	915
860	950
860	900
860	875
860	867
861	897
861	971
861	884
861	978
862	867
862	978
862	984
862	865
863	891
863	902
863	996
863	957
864	968
864	912
864	962
866	937
866	934
866	952
866	931
866	954
867	921
868	995
868	947
868	937
869	992
869	915
869	892
869	974
870	952
870	942
870	980
870	895
871	929
871	872
871	918
872	958
872	976
873	891
873	976
873	992
873	884
873	902
873	981
874	908
874	890
874	981
875	956
875	957
875	994
876	973
876	928
876	895
876	989
877	990
877	912
878	976
878	972
878	908
879	928
880	968
881	994
882	989
882	934
882	901
882	960
883	959
884	996
885	922
885	906
885	886
885	928
886	954
887	906
887	898
888	908
889	998
889	944
890	958
890	997
890	908
891	970
891	892
892	970
894	923
894	977
894	922
895	924
896	995
896	947
896	968
896	942
897	970
897	985
898	963
898	982
898	942
899	924
899	941
899	990
900	986
900	971
900	958
901	937
902	994
903	922
903	919
903	964
903	975
904	905
904	998
904	967
904	952
904	963
904	975
904	934
905	973
906	924
906	942
906	938
906	961
907	929
908	914
908	917
909	967
909	979
909	990
910	969
910	941
910	924
910	965
911	993
911	931
912	969
913	930
913	914
913	996
913	929
913	959
915	918
916	984
916	959
917	985
918	992
918	985
918	999
919	966
919	993
920	952
920	938
921	950
921	986
921	926
921	985
922	952
923	946
923	966
923	928
923	964
923	963
923	998
924	948
924	925
924	982
925	941
925	975
926	986
926	974
926	958
927	949
928	938
928	966
928	975
928	977
929	930
929	972
929	956
929	996
930	987
930	956
931	990
932	966
932	967
933	958
934	944
934	937
934	968
935	954
935	942
936	967
936	946
937	988
937	995
938	944
939	982
940	964
940	968
941	960
942	980
943	984
944	990
945	970
945	985
947	995
947	977
947	988
948	995
950	981
950	987
950	997
951	982
952	954
953	983
954	990
954	998
955	962
956	994
956	983
957	996
958	970
959	987
960	969
967	980
968	995
969	982
969	995
971	981
973	991
974	987
984	999
987	999
994	996
