0	917
0	445
0	454
0	536
1	639
1	909
1	975
1	947
1	768
1	656
1	601
1	791
1	675
1	583
2	971
2	669
2	752
2	626
2	933
2	766
2	916
2	665
2	40
2	527
3	478
3	471
3	750
3	487
3	438
3	469
3	834
3	486
3	760
3	441
3	982
3	512
3	455
3	651
3	115
3	858
4	908
4	815
4	719
4	334
4	332
4	230
4	789
4	224
4	659
4	546
4	929
4	228
4	809
4	894
4	329
4	699
4	226
4	770
4	780
5	925
5	678
5	86
5	446
5	725
5	832
5	721
5	475
5	805
5	587
5	920
5	479
5	757
5	530
5	903
6	933
6	629
6	626
6	736
6	713
6	752
6	897
6	756
6	766
6	705
7	72
7	10
7	780
8	11
8	998
8	945
8	649
8	579
8	231
8	691
8	234
8	597
8	636
9	691
9	820
9	71
9	73
9	156
9	927
9	649
9	636
9	597
9	957
10	72
10	160
10	809
11	12
11	631
11	945
11	74
11	71
11	711
11	655
11	159
11	684
12	734
12	636
12	998
12	684
12	740
12	317
12	320
12	995
12	945
13	318
13	854
13	798
13	315
13	932
13	499
13	233
13	898
13	685
14	15
14	16
14	297
14	95
14	97
14	387
14	328
14	322
14	780
14	325
15	18
15	91
15	17
15	780
15	387
15	95
15	326
15	429
15	97
16	297
16	17
16	55
16	615
16	765
16	387
16	550
16	685
16	18
17	18
17	297
17	326
17	91
17	685
17	765
17	126
17	550
18	297
18	325
18	326
18	550
18	55
18	430
18	765
19	295
19	299
19	851
19	837
19	301
19	94
19	427
19	924
19	432
19	324
20	294
20	92
20	790
20	624
20	292
20	982
20	816
21	956
21	516
22	90
22	116
22	460
22	439
23	26
23	24
23	25
23	207
24	26
24	25
24	411
25	26
25	553
26	883
27	330
27	43
27	456
27	863
28	275
28	120
28	274
28	123
28	124
29	32
29	121
29	273
29	278
29	33
29	34
29	595
29	943
29	580
29	761
29	893
29	672
30	122
30	125
30	277
30	31
30	931
31	125
31	277
31	122
31	752
32	34
32	119
32	121
32	276
32	943
32	279
32	380
32	33
32	273
32	672
32	640
33	279
33	278
33	654
33	276
33	496
33	869
33	121
33	380
33	580
34	119
34	121
34	279
34	276
34	273
34	813
34	893
34	672
34	380
34	179
35	36
35	40
35	167
35	665
35	38
35	690
35	766
35	986
35	606
35	613
36	39
36	163
36	952
36	629
36	626
36	161
36	897
36	965
36	761
37	341
37	918
37	372
37	815
37	659
38	41
38	166
38	165
38	916
38	933
38	552
38	690
38	626
38	862
39	41
39	161
39	167
39	653
39	933
39	965
39	664
39	766
39	40
40	41
40	669
40	933
40	592
40	897
40	971
40	952
40	838
41	940
41	756
41	167
41	592
41	620
41	752
41	606
42	47
42	48
42	860
42	189
42	557
42	716
42	602
43	456
43	330
43	651
44	47
44	113
44	190
44	48
44	588
44	547
44	105
45	458
45	89
45	84
45	650
46	523
46	516
46	710
46	956
46	287
47	48
47	189
47	588
47	557
47	717
48	113
48	557
48	110
48	547
49	919
49	413
49	712
49	642
49	748
49	970
49	981
49	412
49	812
49	671
50	54
50	258
50	253
50	973
50	764
50	385
50	415
50	696
50	797
50	433
51	843
51	587
51	757
51	805
51	911
51	745
51	796
51	582
51	903
51	683
51	946
51	474
51	678
51	906
51	746
51	469
51	725
51	475
52	53
52	132
52	637
52	853
52	794
52	842
52	968
52	476
52	781
52	549
53	637
53	842
53	130
53	826
53	795
53	973
53	764
53	718
53	470
54	257
54	741
54	872
54	826
54	802
54	384
54	675
54	786
54	258
55	550
55	685
55	95
55	430
55	325
55	96
55	765
55	418
56	62
56	57
56	352
56	834
57	62
57	114
57	478
58	340
58	263
58	499
59	61
59	339
60	769
60	463
60	806
60	779
61	293
62	868
62	739
63	69
63	215
63	243
63	402
63	952
64	67
64	403
64	211
64	100
64	68
64	286
64	150
65	214
65	216
65	210
65	66
65	400
65	212
65	239
65	404
65	238
65	622
66	216
66	400
66	242
66	101
66	214
66	239
66	992
66	692
66	212
67	211
67	100
67	286
67	284
67	181
67	283
68	403
68	100
68	280
68	152
68	168
68	150
69	215
69	243
69	420
69	402
70	74
70	848
70	73
70	76
70	927
70	597
70	71
70	319
70	316
70	234
71	73
71	75
71	711
71	655
71	814
71	740
71	317
72	160
72	668
73	773
73	157
73	636
73	711
73	232
73	320
73	922
74	740
74	597
74	711
74	814
74	961
74	75
74	154
74	497
75	691
75	335
75	321
75	684
75	820
75	579
75	945
75	998
76	631
76	579
76	773
76	691
76	317
76	321
76	995
76	949
76	489
77	817
77	78
77	823
77	749
77	994
77	714
77	544
77	954
77	776
77	586
78	994
78	746
78	817
78	611
78	83
78	867
78	889
78	267
78	202
79	83
79	714
79	954
79	976
79	776
79	817
79	962
79	824
79	844
79	267
80	724
80	967
80	530
80	533
80	423
81	83
81	586
81	749
81	962
81	611
81	824
81	817
81	823
81	821
81	188
82	811
82	839
82	333
82	880
83	556
83	821
83	714
83	749
83	544
83	817
83	202
84	89
84	458
84	602
85	87
85	86
85	446
85	453
86	87
86	925
87	449
87	721
88	448
88	907
88	641
88	679
88	832
88	252
88	817
89	458
89	631
90	116
90	460
90	915
91	96
91	97
91	95
91	685
91	326
91	429
91	126
91	615
92	294
92	93
92	790
92	816
92	289
92	261
93	958
93	294
93	339
93	816
93	982
93	289
94	299
94	584
94	433
94	426
94	324
94	427
94	924
94	131
94	985
95	96
95	97
95	297
95	431
95	325
95	550
96	97
96	297
96	780
96	328
96	550
96	431
96	264
97	685
97	387
97	430
97	297
97	615
98	99
98	102
98	103
98	240
98	244
98	400
98	399
98	784
98	859
98	216
99	103
99	242
99	239
99	406
99	400
99	737
99	244
99	566
99	208
100	403
100	283
100	171
100	804
101	103
101	244
101	210
101	213
101	102
101	238
101	566
101	784
101	737
102	103
102	240
102	405
102	210
102	213
102	400
102	399
102	737
103	242
103	240
103	210
103	241
103	104
103	859
104	241
104	244
104	242
104	399
104	400
104	240
104	405
104	406
104	404
105	588
105	110
105	106
105	717
105	716
105	547
105	557
105	602
105	957
105	961
105	627
105	718
105	575
105	421
105	882
105	743
105	670
105	576
105	905
105	983
105	469
106	110
106	547
106	602
106	588
106	717
106	189
106	190
106	610
106	860
106	113
106	878
106	716
106	847
106	514
106	846
106	525
106	627
106	637
106	632
106	647
107	632
107	555
107	572
107	882
107	578
107	628
107	879
107	529
107	951
107	647
108	845
108	951
108	732
108	646
108	555
108	698
108	532
108	891
108	953
108	912
109	608
109	847
109	772
109	845
109	783
109	953
109	578
109	451
109	572
109	532
110	717
110	716
110	602
110	113
110	588
110	547
110	521
110	951
110	627
110	988
110	845
110	649
111	579
111	684
111	700
111	995
111	927
111	848
111	321
111	597
111	604
111	317
112	115
112	455
112	439
112	438
112	808
112	195
112	750
112	581
112	723
112	487
112	858
112	760
113	716
113	547
113	608
114	455
114	464
114	336
114	858
114	438
114	739
114	195
114	941
114	440
114	562
114	834
115	464
115	455
115	356
115	438
115	922
115	589
115	487
115	434
115	579
116	460
116	452
117	457
117	337
117	349
117	543
117	564
117	347
117	575
117	912
118	459
118	733
118	978
118	702
119	121
119	273
119	278
119	279
119	596
119	193
119	380
119	697
119	893
119	936
120	123
120	274
120	124
120	275
120	737
120	331
121	273
121	276
121	278
121	943
121	983
121	580
121	654
122	125
122	277
122	921
123	274
123	124
123	275
123	856
123	995
124	274
124	275
124	483
124	593
125	277
125	803
126	685
126	765
126	550
126	387
126	429
126	431
126	322
126	615
127	147
127	174
128	327
128	133
128	134
128	169
128	476
129	130
129	132
129	826
129	254
129	542
129	968
129	794
129	802
129	616
129	786
130	385
130	384
130	797
130	826
130	794
130	795
130	741
130	802
131	851
131	295
131	425
131	324
131	389
131	573
131	924
131	645
131	968
132	386
132	637
132	384
132	388
132	254
132	786
132	968
132	991
133	327
133	169
133	134
133	934
134	169
134	630
134	786
135	148
135	136
135	612
135	237
136	612
136	148
136	660
137	153
137	138
137	172
137	927
138	172
138	153
138	236
139	170
139	310
139	758
139	480
139	574
140	145
140	141
140	146
140	500
141	145
141	146
141	505
142	144
142	306
142	909
142	588
143	304
143	302
144	305
144	306
144	656
145	146
145	498
146	499
147	174
147	214
148	612
148	465
149	151
149	173
150	152
150	168
150	171
151	173
151	675
152	168
152	171
152	177
153	172
153	637
154	157
154	316
154	231
154	700
154	579
154	235
154	597
154	156
154	175
155	156
155	734
155	317
155	231
155	927
155	700
155	631
155	579
155	740
155	615
156	158
156	631
156	949
156	159
156	734
156	691
156	998
157	700
157	734
157	636
157	998
157	684
157	773
157	236
157	631
158	949
158	321
158	655
158	961
158	235
158	320
158	684
158	631
158	316
159	579
159	604
159	927
159	597
159	655
159	995
159	773
159	631
160	957
160	382
161	165
161	164
161	163
161	699
161	690
161	986
161	761
161	613
162	599
162	607
163	167
163	606
163	965
163	736
163	971
163	165
163	986
163	862
164	165
164	166
164	629
164	756
164	940
164	862
164	986
164	167
164	818
165	166
165	690
165	952
165	713
165	653
165	933
166	167
166	669
166	665
166	952
166	713
166	626
166	630
167	736
167	818
167	862
167	766
168	171
168	309
169	586
169	327
170	313
170	327
170	904
170	829
171	309
172	547
175	285
175	363
175	360
175	178
175	364
175	361
175	531
176	366
176	179
176	362
176	180
176	281
176	331
176	984
176	890
177	286
177	284
177	365
177	280
177	181
177	828
177	259
178	363
178	361
178	285
178	360
178	364
178	940
178	537
179	180
179	281
179	366
179	282
179	474
179	215
180	366
180	282
180	362
180	281
180	792
180	382
181	280
181	359
181	283
181	286
181	284
181	211
181	219
182	184
182	197
182	271
182	962
182	269
182	976
182	823
182	824
182	776
182	844
183	185
183	270
183	188
183	187
183	186
183	954
183	746
183	611
183	867
183	823
184	187
184	200
184	201
184	272
184	188
184	714
184	689
184	640
184	824
185	188
185	186
185	202
185	267
185	269
185	197
185	270
185	196
185	199
186	188
186	201
186	196
186	202
186	881
186	824
186	199
186	746
187	267
187	270
187	200
187	202
187	197
187	556
187	954
187	976
188	269
188	199
188	268
188	867
188	689
189	190
189	610
189	557
189	860
190	860
190	610
190	547
190	891
191	884
191	644
191	577
191	621
191	841
191	568
191	873
191	864
191	594
191	398
191	931
191	787
191	397
192	808
192	581
192	760
192	941
192	541
192	562
192	750
192	791
192	439
192	834
193	339
193	816
193	624
193	790
193	294
193	982
193	287
193	293
193	470
193	329
194	793
194	909
194	902
194	768
194	977
194	964
194	975
194	840
194	937
194	865
195	336
195	808
195	922
195	541
195	598
195	739
195	708
195	439
196	199
196	198
196	269
196	272
196	749
196	266
196	844
196	979
197	198
197	200
197	268
197	269
197	776
197	994
197	272
198	199
198	200
198	266
198	201
198	270
198	586
198	762
198	994
199	201
199	271
199	272
199	994
199	962
200	201
200	202
200	268
200	266
200	611
200	979
201	272
201	266
201	271
201	269
201	567
202	266
202	267
202	881
202	889
203	209
203	497
204	919
204	666
204	981
204	671
205	645
205	764
205	542
205	795
206	498
206	505
207	553
207	883
207	906
207	411
208	622
208	658
208	706
209	490
210	212
210	399
210	214
210	648
210	239
210	242
211	359
211	284
211	403
211	288
212	214
212	213
212	399
212	238
212	692
212	400
212	242
213	214
213	216
213	404
213	992
213	737
213	622
213	658
214	216
214	400
214	239
214	242
214	648
215	243
215	402
216	404
216	239
216	399
216	692
216	495
217	218
217	221
217	571
217	663
217	809
218	221
218	571
218	663
218	329
219	223
219	220
220	223
221	571
221	663
221	546
222	763
222	730
224	225
224	229
224	929
224	673
224	815
224	334
224	374
224	227
224	894
225	894
225	230
225	770
225	228
225	546
225	226
225	332
225	329
225	229
226	229
226	809
226	230
226	659
226	227
226	546
226	929
226	334
227	929
227	673
227	230
227	719
227	908
227	815
227	546
227	332
228	230
228	789
228	659
228	770
228	815
228	908
228	334
228	332
229	230
229	908
229	659
229	815
229	929
229	546
229	719
230	789
230	908
230	894
230	815
231	234
231	820
231	319
231	995
231	597
231	236
231	740
232	235
232	631
232	740
232	927
232	234
232	649
232	711
232	236
232	604
233	798
233	854
233	315
233	898
233	318
233	685
233	928
233	237
234	949
234	961
234	579
234	700
234	711
234	631
235	317
235	321
235	927
235	711
235	973
235	865
235	998
236	711
236	604
236	734
236	631
236	927
236	588
237	315
237	898
237	318
237	854
237	798
237	709
238	241
238	239
238	240
238	242
238	399
238	405
238	406
239	244
239	242
239	784
240	241
240	244
240	404
240	859
240	648
241	242
241	404
241	244
241	405
241	992
241	399
243	826
243	622
244	399
244	406
244	737
245	248
245	249
245	394
245	395
245	247
245	392
245	393
245	391
245	377
245	565
245	378
245	899
245	246
245	715
245	914
246	247
246	251
246	392
246	395
246	393
246	391
246	397
246	715
246	899
246	565
246	249
246	378
246	394
246	248
246	644
246	884
247	249
247	397
247	391
247	395
247	354
247	831
247	392
247	899
247	974
247	248
247	702
247	394
247	251
247	393
247	864
247	937
248	394
248	391
248	249
248	392
248	251
248	395
248	397
248	393
248	565
248	377
248	875
248	899
248	375
248	931
248	568
249	393
249	397
249	391
249	394
249	831
249	875
249	395
249	392
249	377
249	378
249	841
250	396
250	398
250	357
250	621
251	392
251	393
251	397
251	358
251	565
251	377
251	715
251	702
251	395
251	394
251	391
252	674
252	470
252	619
252	476
252	826
252	764
252	616
252	741
252	677
252	718
252	662
252	585
252	837
252	797
252	584
252	697
252	872
252	661
252	786
252	624
253	257
253	258
253	255
253	718
253	794
253	616
253	384
253	254
253	857
254	786
254	853
254	542
254	386
254	857
254	470
254	984
255	257
255	258
255	645
255	991
255	616
255	696
255	415
255	637
255	549
256	618
256	657
256	485
256	680
257	258
257	741
257	857
257	797
257	794
257	385
257	650
258	764
258	973
258	675
258	795
258	853
259	291
259	731
259	300
259	828
259	288
260	265
260	262
261	264
261	292
261	816
262	265
263	340
264	292
264	294
265	286
266	269
266	272
266	268
266	586
266	836
267	271
267	746
267	776
267	867
267	611
268	272
268	271
268	844
268	762
268	979
268	681
269	270
269	271
269	611
270	271
270	272
270	844
270	689
270	749
271	954
271	926
271	867
272	994
272	976
273	279
273	276
273	580
273	672
273	983
273	890
273	380
274	275
274	635
274	593
275	635
275	904
276	278
276	279
276	936
276	893
276	380
276	672
276	767
277	621
278	279
278	654
278	983
278	477
278	580
278	606
278	893
279	668
279	943
279	718
279	936
279	513
280	283
280	359
280	284
280	365
280	286
281	282
281	366
281	362
281	744
281	649
282	362
282	366
282	331
282	744
282	513
283	286
283	359
283	284
283	365
283	403
284	359
284	365
284	403
285	360
285	361
285	364
285	971
285	629
285	916
286	365
286	359
287	289
287	290
287	293
287	292
287	790
287	619
287	878
288	291
288	300
289	292
289	293
289	624
289	816
289	339
289	982
289	290
290	292
290	293
290	339
290	865
290	679
290	869
290	790
290	734
291	300
291	731
291	828
291	365
292	293
292	982
292	816
292	339
293	624
293	790
293	530
293	339
294	958
294	339
295	837
295	428
295	303
295	425
295	584
295	851
295	427
295	645
296	298
296	307
296	559
296	390
296	462
297	431
297	322
297	325
298	559
298	390
298	462
298	489
299	584
299	425
299	389
299	426
299	837
299	573
299	786
299	968
300	731
300	828
301	303
302	304
302	983
305	306
305	639
305	601
306	791
307	390
307	886
308	312
308	921
310	313
310	758
311	314
311	767
311	591
311	524
312	921
314	591
314	511
314	423
315	318
315	798
315	854
315	898
316	317
316	319
316	655
316	597
316	998
316	773
316	684
317	773
317	995
317	734
318	798
318	898
318	854
318	778
318	468
319	604
319	691
319	998
319	711
319	700
319	903
319	631
320	321
320	684
320	597
320	636
320	820
320	740
320	773
321	734
321	684
321	649
321	949
322	325
322	328
322	326
322	615
322	780
322	387
322	550
323	427
323	426
323	425
323	389
323	924
323	432
323	584
323	428
323	851
323	985
324	432
324	573
324	428
324	837
324	426
324	549
324	857
325	328
325	430
325	326
325	615
326	765
326	780
326	615
326	429
327	771
328	550
328	780
328	431
328	615
328	685
328	765
329	332
329	908
329	809
329	546
329	659
329	789
329	815
329	770
329	719
329	929
329	334
329	894
329	673
329	865
329	502
330	456
330	789
331	984
331	890
331	744
331	880
331	614
331	333
331	382
331	876
331	479
331	573
331	458
331	792
332	659
332	770
332	894
332	546
332	809
332	371
332	341
332	942
332	673
332	334
332	815
332	719
332	789
332	908
333	744
333	984
333	382
333	839
333	880
333	792
333	890
333	614
333	366
333	655
333	829
333	830
333	583
334	894
334	789
334	908
334	719
334	809
334	815
334	673
334	770
334	546
334	929
334	890
334	685
334	846
335	684
335	961
335	579
335	691
335	734
335	700
335	636
335	649
335	927
336	708
336	808
336	443
336	487
336	939
336	356
336	834
336	478
337	457
337	347
337	349
337	543
337	999
337	676
337	912
338	833
338	601
338	909
338	964
338	656
338	865
338	643
338	799
338	791
338	793
339	816
339	624
339	790
341	688
341	918
341	942
342	643
342	735
342	870
342	826
343	348
343	850
343	344
343	996
343	345
343	462
343	350
343	866
343	497
343	490
343	491
343	501
344	348
344	850
344	345
344	996
344	821
344	503
344	376
344	497
344	684
344	586
344	491
345	777
345	348
345	346
345	350
345	462
345	850
345	376
345	381
345	507
345	878
346	777
346	462
346	348
346	350
346	559
346	850
346	996
346	503
346	507
346	509
346	975
347	543
347	457
347	904
347	801
347	901
347	682
348	996
348	462
348	390
348	850
348	503
348	509
348	502
348	777
349	564
349	543
349	999
349	778
349	676
349	753
350	777
350	996
350	462
350	559
350	502
350	489
350	501
350	654
350	508
351	354
351	358
351	393
351	565
352	356
352	439
352	834
353	355
353	436
353	466
353	829
354	358
354	394
355	709
355	463
355	465
356	723
357	396
357	398
357	841
358	395
359	365
359	403
359	936
360	363
360	364
360	361
360	759
360	512
361	363
361	364
361	694
361	531
362	366
362	792
362	983
362	880
363	364
363	801
363	478
363	897
364	897
364	736
365	654
365	828
366	880
367	373
367	372
367	371
367	374
367	918
368	370
368	369
369	370
370	412
371	373
371	372
371	770
372	373
372	374
373	374
373	688
374	688
375	702
375	715
375	831
375	974
375	378
375	377
375	899
375	914
375	565
375	733
375	875
375	395
375	397
376	866
376	381
377	899
377	974
377	702
377	831
377	914
377	395
377	397
377	394
377	841
378	715
378	565
378	875
378	914
378	831
378	702
378	899
378	397
378	394
378	479
379	745
379	861
379	545
379	871
379	911
379	920
379	946
379	796
380	672
380	580
380	668
380	943
380	654
380	983
380	807
380	515
380	778
380	936
380	893
380	851
380	894
380	977
381	886
381	866
382	890
382	984
382	880
382	744
382	811
382	876
382	614
382	792
382	934
382	418
383	855
383	910
383	838
383	623
383	664
384	386
384	388
384	385
384	797
384	795
384	786
385	386
385	675
385	388
385	842
385	797
385	542
386	388
386	842
386	853
386	637
386	781
386	973
387	685
387	780
387	431
387	550
388	842
388	741
388	853
388	781
388	795
388	675
389	851
389	432
389	584
389	428
389	837
389	433
389	693
390	559
391	395
391	393
391	394
391	397
391	392
391	978
391	974
391	702
391	884
391	644
391	577
392	397
392	394
392	875
392	393
392	899
392	395
392	715
392	712
393	395
393	397
393	831
393	914
393	864
393	974
393	394
393	841
393	528
394	395
394	397
394	914
394	896
395	397
395	974
395	787
395	577
396	398
396	787
397	914
397	831
397	565
397	841
399	405
400	406
400	404
401	751
401	686
402	912
402	651
404	992
404	885
404	706
405	406
405	859
405	885
405	992
405	784
406	706
406	658
406	992
406	859
407	712
407	413
407	412
407	930
407	800
407	919
407	981
407	755
407	825
407	642
408	681
408	540
408	414
408	849
408	775
408	785
408	687
408	979
408	554
408	611
409	415
409	781
409	645
409	991
409	741
409	826
409	822
409	764
409	605
409	696
410	979
410	414
410	640
410	607
410	849
410	638
410	554
410	681
410	844
410	746
411	906
411	883
411	553
412	413
412	666
412	748
412	930
412	919
412	800
412	653
413	755
413	825
413	812
413	666
413	970
413	748
413	981
414	775
414	836
414	681
414	687
414	720
414	962
414	738
414	994
415	696
415	872
415	764
415	991
415	675
415	718
415	924
416	424
416	913
416	528
416	421
416	423
416	482
416	418
416	530
416	519
416	533
416	536
416	522
416	637
416	645
416	792
416	808
416	502
417	419
417	422
417	531
417	537
417	515
417	535
417	944
417	513
417	527
417	965
417	510
417	713
417	736
417	792
417	986
417	916
417	971
417	818
417	630
417	629
417	690
418	421
418	423
418	424
418	519
418	967
418	913
418	536
418	530
418	533
418	528
418	522
418	454
418	796
418	667
418	567
418	548
419	535
419	512
419	722
419	510
419	422
419	472
419	420
419	515
419	818
419	986
419	617
419	761
419	653
419	862
419	752
419	971
419	424
419	606
420	515
420	527
420	510
420	531
420	535
420	513
420	728
420	537
420	653
420	629
420	552
420	756
420	630
420	713
420	699
420	736
420	971
420	665
421	423
421	528
421	913
421	533
421	522
421	424
421	536
421	570
421	530
422	512
422	535
422	537
422	531
422	513
422	944
422	527
422	874
422	510
422	766
422	940
422	669
422	965
422	986
422	629
422	672
422	617
422	756
422	595
423	424
423	724
423	913
423	533
423	519
423	522
423	528
423	536
423	530
423	675
423	959
423	645
423	765
423	920
424	522
424	530
424	536
424	528
424	519
424	533
424	579
424	572
425	428
425	427
425	426
425	432
425	924
425	764
426	837
426	428
426	924
426	851
426	605
427	573
427	924
427	822
427	826
427	842
428	433
428	432
428	924
428	851
429	431
429	615
429	685
429	430
429	550
429	780
430	685
430	550
430	765
430	780
430	999
431	780
431	765
431	615
432	433
432	584
432	675
432	797
433	573
433	837
433	584
433	872
433	973
434	469
434	471
434	723
434	922
434	820
434	441
434	708
434	757
435	562
435	478
435	439
435	723
435	739
435	708
435	442
435	808
435	464
435	858
436	437
436	465
436	463
436	660
436	558
436	963
436	466
436	779
437	892
437	932
437	769
437	829
437	609
437	806
437	463
437	651
437	467
438	440
438	562
438	708
438	941
438	487
438	723
439	723
439	922
439	927
439	941
440	464
440	868
440	486
440	634
440	471
440	708
440	443
440	487
441	834
441	442
441	589
441	469
441	455
441	922
441	471
441	634
442	455
442	858
442	562
442	471
442	870
442	739
442	478
442	502
443	760
443	723
443	562
443	634
443	941
443	455
443	487
443	581
444	652
444	778
444	676
444	682
444	972
444	999
444	680
445	454
445	917
445	519
446	453
446	925
447	450
447	957
447	803
447	852
447	960
447	896
447	793
447	490
447	939
447	464
447	869
447	792
448	907
448	707
448	508
448	679
448	638
448	700
449	453
449	678
449	725
450	957
450	869
450	852
450	803
450	939
450	960
450	551
450	581
450	919
450	572
450	500
451	953
451	670
451	628
451	732
451	771
451	923
452	747
452	915
452	600
452	727
453	832
454	917
455	464
455	581
455	652
455	750
455	808
456	823
457	543
457	564
457	778
457	904
457	575
459	733
459	974
459	715
460	747
461	465
461	467
461	466
461	609
461	558
461	769
461	932
461	463
461	829
461	574
461	569
461	935
462	996
462	850
462	777
462	886
462	509
463	466
463	465
463	892
463	467
463	932
463	779
463	609
464	723
464	760
464	487
464	581
464	834
465	467
465	466
465	932
465	806
465	569
465	574
465	558
466	467
466	574
466	963
466	993
466	779
466	609
466	709
467	779
467	609
467	963
467	660
467	468
467	709
467	769
468	806
468	769
468	892
468	609
468	660
468	963
468	955
468	829
468	574
468	932
468	569
468	558
468	651
468	907
468	928
468	741
468	779
469	487
469	634
469	760
469	581
469	858
469	907
469	723
469	868
469	562
469	486
469	739
469	815
469	704
470	484
470	476
470	989
470	585
470	674
470	774
470	693
470	619
470	802
470	781
470	872
470	991
470	853
470	822
470	584
470	637
470	616
471	486
471	478
471	750
471	487
471	922
471	808
471	708
471	858
471	634
471	584
471	562
471	581
471	723
472	515
473	482
473	522
474	587
474	843
474	796
474	582
474	757
474	805
474	745
474	479
474	475
474	615
474	721
474	832
474	707
474	852
474	725
474	678
475	479
475	587
475	903
475	757
475	920
475	582
475	946
475	796
475	805
475	843
475	725
475	685
475	678
475	595
475	832
476	585
476	549
476	677
476	774
476	973
476	781
476	693
476	741
476	696
476	650
476	484
476	662
476	616
476	645
476	717
476	697
476	802
477	742
477	729
477	483
477	488
477	726
477	959
477	878
477	560
477	567
477	969
477	711
477	934
477	782
477	975
477	920
477	480
477	856
478	750
478	834
478	487
478	808
478	867
478	723
478	615
478	486
478	941
478	868
478	562
479	946
479	920
479	582
479	805
479	757
479	903
479	587
479	871
479	861
479	796
479	488
479	678
479	925
480	742
480	483
480	694
480	567
480	959
480	782
480	488
480	729
480	969
480	934
480	878
480	560
480	938
481	804
481	593
481	856
481	635
481	827
481	940
483	694
483	729
483	969
483	934
483	878
483	488
483	742
483	560
483	940
483	726
484	822
484	774
484	662
484	605
484	677
484	585
484	645
484	697
484	781
484	573
484	837
484	842
484	991
484	693
484	802
484	826
484	800
484	786
485	657
485	618
485	901
486	634
486	581
486	941
486	708
486	868
486	858
486	562
486	760
486	922
486	808
486	739
486	723
486	820
487	750
487	581
487	834
487	922
487	562
487	808
487	843
488	782
488	742
488	959
488	726
488	934
488	969
488	567
488	729
488	560
488	878
488	694
488	771
489	507
489	503
489	501
489	491
489	497
489	509
489	502
489	495
489	490
489	496
489	996
489	777
489	586
489	858
489	504
490	495
490	491
490	501
490	509
490	502
490	503
490	508
490	507
490	497
490	850
490	996
490	496
490	809
490	729
491	501
491	495
491	496
491	502
491	508
491	507
491	497
491	509
491	777
491	503
491	595
491	996
491	550
491	582
492	506
492	494
492	539
493	505
493	499
493	504
493	498
493	500
493	922
493	889
493	586
494	506
495	502
495	503
495	507
495	496
495	508
495	501
495	509
495	497
495	850
495	851
495	551
495	773
495	692
496	508
496	502
496	497
496	507
496	509
496	503
496	548
496	501
496	836
496	676
496	551
496	818
496	702
497	508
497	509
497	501
497	503
497	502
497	507
497	872
497	667
497	927
498	499
498	505
498	504
498	500
498	847
499	500
499	505
499	504
500	505
500	504
500	633
501	508
501	509
501	502
501	503
501	959
501	507
501	738
501	785
502	509
502	508
502	507
502	785
502	777
502	665
503	508
503	507
503	509
503	624
503	996
503	773
503	753
503	777
504	505
504	905
504	699
505	588
507	508
507	641
507	973
507	626
507	821
507	952
508	509
508	850
508	687
508	922
509	948
509	868
509	800
510	537
510	515
510	531
510	512
510	527
510	874
510	513
510	862
510	615
510	630
510	655
510	952
510	766
510	818
510	617
510	626
510	736
511	524
511	517
511	518
511	891
511	819
511	632
511	695
511	846
511	923
511	572
511	772
511	539
511	743
511	526
511	863
511	575
511	771
512	513
512	515
512	537
512	944
512	535
512	940
512	606
512	690
512	588
512	752
512	630
512	728
512	766
512	699
512	713
513	537
513	515
513	722
513	535
513	527
513	665
513	630
513	531
513	699
513	952
513	916
513	678
513	986
513	728
514	532
514	517
514	521
514	538
514	879
514	951
514	905
514	783
514	628
514	576
514	990
514	847
514	703
514	608
514	888
514	732
514	988
515	535
515	527
515	874
515	537
515	722
515	531
515	940
515	630
515	665
515	613
515	629
515	617
515	986
516	523
516	956
516	710
517	520
517	534
517	526
517	532
517	525
517	990
517	835
517	627
517	905
517	830
517	628
517	572
517	882
517	529
517	555
517	521
518	525
518	538
518	524
518	539
518	534
518	646
518	703
518	846
518	667
518	670
518	835
518	771
518	990
518	608
518	572
518	882
518	923
519	533
519	967
519	530
519	522
519	536
519	528
519	893
519	659
520	539
520	529
520	532
520	846
520	891
520	988
520	521
520	819
520	888
520	847
520	628
520	830
520	835
520	882
520	572
520	879
520	998
521	526
521	534
521	732
521	891
521	990
521	879
521	628
521	703
521	953
521	845
521	632
521	840
521	783
522	528
522	530
522	724
522	533
523	956
523	710
523	647
523	652
523	692
524	534
524	526
524	572
524	847
524	830
524	846
524	879
524	529
524	732
524	819
524	608
524	772
524	632
524	576
524	988
525	538
525	532
525	891
525	847
525	534
525	988
525	555
525	743
525	608
525	628
525	646
525	772
525	863
525	953
525	670
526	534
526	532
526	538
526	578
526	951
526	772
526	845
526	632
526	627
526	695
526	847
526	905
526	923
526	863
527	531
527	537
527	535
527	630
527	626
527	713
527	922
527	971
527	682
527	766
527	818
527	862
527	952
527	606
528	530
528	533
528	536
528	917
528	872
529	882
529	846
529	951
529	830
529	888
529	647
529	772
529	879
529	703
529	732
529	698
529	923
529	534
529	783
530	533
530	536
530	666
530	933
530	953
530	743
530	848
530	645
531	535
531	874
531	537
531	752
531	986
531	665
531	756
531	761
531	862
531	812
531	897
531	626
532	576
532	847
532	608
532	783
532	538
532	572
532	539
532	888
532	578
532	891
532	879
533	724
533	967
533	536
533	625
533	823
533	611
533	916
534	539
534	743
534	647
534	632
534	882
534	578
534	783
534	646
534	845
534	888
534	846
535	537
535	626
535	756
535	552
535	736
535	916
535	653
535	752
535	766
535	909
535	952
535	630
536	913
536	812
536	798
536	843
537	944
537	916
537	690
537	736
537	971
537	606
537	925
537	626
537	582
538	539
538	888
538	988
538	628
538	576
538	667
538	835
538	891
538	627
538	608
538	772
538	990
538	783
539	830
539	923
539	703
539	891
539	819
539	905
539	845
539	578
539	628
539	695
539	953
540	785
540	640
540	775
540	687
540	638
540	689
541	723
541	858
541	708
541	808
541	868
541	634
542	853
542	797
542	794
542	826
542	842
543	564
543	938
543	753
544	817
544	738
544	867
544	749
544	556
544	889
544	823
544	926
544	976
545	871
545	745
545	861
545	946
545	920
545	796
545	843
546	908
546	789
546	929
546	894
546	659
546	809
546	761
546	723
546	673
546	719
547	717
547	602
547	588
547	610
547	797
547	748
547	716
547	627
547	743
547	882
547	732
547	947
547	953
548	601
548	948
548	909
548	964
548	937
548	902
548	975
548	791
548	947
548	840
548	799
548	575
548	625
548	865
548	656
548	977
548	583
549	693
549	585
549	677
549	774
549	619
549	662
549	650
549	674
549	968
549	795
549	842
549	802
549	794
549	694
549	605
549	973
549	924
550	615
550	685
550	765
550	681
550	909
550	780
550	649
550	975
550	970
550	852
550	901
550	675
550	739
550	641
550	932
550	936
551	869
551	939
551	960
551	803
551	852
551	905
551	614
551	781
551	896
552	897
552	752
552	617
552	606
552	690
552	933
552	736
552	630
552	563
552	665
552	997
552	986
552	626
552	699
552	713
552	916
553	883
553	906
554	836
554	775
554	687
554	720
554	785
554	979
554	640
554	638
554	681
554	849
554	749
554	867
554	881
554	994
554	926
554	694
554	714
554	738
554	586
554	721
554	812
555	703
555	647
555	627
555	846
555	891
555	888
555	578
555	772
555	905
555	628
555	879
555	732
555	576
555	667
555	845
555	695
555	882
555	990
556	817
556	762
556	746
556	749
556	824
556	962
556	994
556	776
556	611
556	881
556	586
556	823
556	821
556	867
556	738
556	687
556	926
556	775
556	729
556	785
556	849
556	720
556	981
556	938
556	976
557	610
557	860
558	892
558	769
558	609
558	829
558	651
558	935
558	928
558	963
558	779
558	806
558	587
558	660
560	782
560	959
560	694
560	742
560	729
560	726
560	878
560	934
560	767
560	647
560	685
561	966
561	705
561	997
561	810
561	563
561	613
561	788
561	620
561	664
561	626
561	653
561	606
561	916
561	665
562	922
562	723
562	858
562	739
562	941
562	834
562	598
562	634
562	581
562	639
562	976
562	760
562	708
562	799
562	827
563	788
563	664
563	620
563	966
563	971
563	699
563	669
563	986
563	606
563	629
563	940
563	756
564	999
564	778
564	676
564	652
565	715
565	914
565	974
565	831
565	875
565	978
566	622
566	859
566	737
566	992
566	706
566	692
566	885
566	784
566	648
566	658
566	749
567	726
567	878
567	969
567	729
567	782
567	694
567	742
567	959
567	939
567	708
567	737
567	617
568	644
568	841
568	594
568	873
568	787
568	621
568	864
568	884
568	577
568	931
569	928
569	829
569	963
569	892
569	660
569	806
569	709
569	769
569	651
569	935
569	706
570	754
570	900
570	887
571	663
571	673
572	888
572	628
572	576
572	819
572	891
572	578
572	667
572	846
572	670
572	627
572	632
572	905
572	951
572	953
572	646
572	743
572	771
572	583
573	924
573	851
573	584
573	837
573	968
573	794
573	616
573	781
573	989
573	687
573	650
573	637
573	774
573	795
573	872
573	853
573	912
573	696
573	723
573	802
573	667
574	609
574	769
574	779
574	829
574	932
574	928
574	806
574	935
574	709
574	892
574	660
574	834
574	964
575	987
575	877
575	652
575	753
575	999
575	676
575	682
575	901
575	680
575	801
575	904
575	858
575	655
575	938
576	695
576	819
576	990
576	732
576	905
576	879
576	847
576	647
576	632
576	846
576	703
576	771
576	923
576	830
576	646
576	891
576	835
576	882
576	988
576	951
576	800
576	888
576	608
577	787
577	873
577	594
577	644
577	884
577	841
577	864
577	621
577	708
578	830
578	990
578	891
578	882
578	951
578	847
578	646
578	647
578	819
578	698
578	670
578	608
578	783
578	953
578	632
578	743
578	836
578	628
578	786
578	888
578	716
578	732
578	660
578	772
579	711
579	684
579	998
579	814
579	961
579	927
579	636
579	773
579	700
579	597
579	734
579	604
579	654
579	655
579	848
579	691
579	680
579	945
579	858
580	943
580	654
580	983
580	893
580	936
580	668
580	780
580	584
580	596
580	672
580	859
580	882
581	760
581	723
581	634
581	808
581	834
581	765
581	858
581	941
581	836
582	843
582	946
582	920
582	903
582	595
582	683
582	871
582	805
582	757
582	734
582	796
582	799
583	909
583	768
583	902
583	625
583	661
583	799
583	977
583	833
583	865
583	937
583	656
583	964
583	948
583	615
583	975
583	791
583	840
583	849
583	936
584	837
584	924
584	616
584	802
584	826
584	605
584	718
584	781
584	619
584	645
584	637
584	749
584	975
584	989
584	857
584	853
584	806
585	674
585	774
585	605
585	662
585	677
585	741
585	973
585	764
585	637
585	786
585	802
585	968
585	697
585	795
585	693
585	992
586	714
586	954
586	746
586	823
586	844
586	817
586	762
586	994
586	881
586	824
586	775
586	962
586	785
586	687
586	867
586	889
586	776
587	843
587	595
587	946
587	903
587	805
587	796
587	920
587	602
587	725
587	863
587	675
587	604
588	717
588	716
588	610
588	602
588	647
588	672
588	695
588	781
588	830
588	771
588	732
588	627
588	703
589	598
589	704
589	739
590	633
590	980
591	767
591	649
592	788
592	705
592	620
592	997
592	664
592	966
592	971
592	728
592	952
592	862
592	940
592	965
593	804
593	856
593	697
593	842
594	787
594	884
594	931
594	841
594	864
594	644
594	873
594	673
594	878
595	757
595	946
595	805
595	796
595	920
595	683
595	903
595	678
595	707
595	721
595	639
595	830
596	759
596	813
596	672
597	734
597	636
597	998
597	945
597	740
597	773
597	820
597	927
597	691
597	604
597	765
597	649
597	713
597	711
597	949
597	698
597	800
597	631
598	704
598	808
599	607
600	915
600	727
600	747
600	882
601	937
601	975
601	865
601	799
601	840
601	964
601	947
601	793
601	625
601	656
601	833
601	611
601	943
601	791
601	661
601	902
601	773
601	834
602	717
602	716
602	667
602	632
602	953
602	627
602	863
602	647
602	732
602	790
602	743
603	950
603	701
604	949
604	649
604	961
604	655
604	927
604	814
604	631
604	691
604	636
604	711
604	995
604	848
604	998
604	820
604	748
604	740
605	693
605	650
605	674
605	662
605	857
605	795
605	696
605	865
605	968
605	741
605	797
605	774
605	685
605	822
605	786
606	761
606	653
606	699
606	728
606	630
606	669
606	620
606	629
606	756
606	910
606	933
606	617
606	965
606	665
606	766
606	818
606	626
606	888
606	986
606	862
606	940
606	952
608	847
608	882
608	743
608	703
608	863
608	732
608	771
608	695
608	670
608	845
608	951
608	891
608	698
608	646
608	846
608	923
608	682
608	835
608	988
608	772
608	632
608	716
608	679
609	829
609	769
609	935
609	806
609	928
609	651
609	660
609	932
609	779
610	860
611	962
611	867
611	994
611	954
611	976
611	821
611	746
611	844
611	881
611	689
611	714
611	749
611	776
611	638
611	823
611	893
611	640
611	889
611	687
611	785
611	894
611	926
612	963
613	997
613	620
613	810
613	617
613	986
613	940
613	669
613	788
613	916
613	862
614	890
614	880
614	792
614	744
614	984
614	639
614	665
614	952
615	765
615	685
615	780
615	697
615	783
615	830
615	948
615	802
616	968
616	696
616	991
616	741
616	802
616	697
616	973
616	677
616	718
616	853
616	794
616	693
616	842
616	851
616	764
616	826
616	857
616	645
616	781
616	797
616	786
617	653
617	713
617	952
617	630
617	940
617	971
617	756
617	986
617	736
617	626
617	788
617	965
617	997
617	665
617	690
617	966
617	669
617	933
617	667
617	922
617	972
617	916
617	619
617	629
617	728
618	657
618	676
619	662
619	677
619	693
619	650
619	822
619	989
619	857
619	718
619	991
619	641
619	924
619	764
619	853
619	830
619	637
620	788
620	705
620	728
620	629
620	761
620	818
620	713
620	952
621	864
621	884
621	873
621	841
621	787
621	931
621	644
622	648
622	706
622	859
622	692
622	658
622	784
622	885
623	855
623	838
623	910
623	761
624	816
624	982
624	790
624	743
625	840
625	656
625	909
625	964
625	768
625	799
625	947
625	833
625	975
625	902
625	976
625	793
625	977
625	639
625	937
625	846
626	752
626	653
626	897
626	665
626	728
626	713
626	952
626	630
626	788
626	966
626	664
626	736
626	916
626	933
626	862
626	756
626	669
626	971
626	818
626	965
627	632
627	953
627	923
627	771
627	830
627	863
627	743
627	879
627	847
627	695
627	835
627	951
627	919
627	988
627	670
628	830
628	863
628	695
628	988
628	783
628	953
628	951
628	819
628	879
628	835
628	905
628	632
628	703
628	961
628	888
628	797
628	647
628	990
628	698
629	713
629	818
629	761
629	752
629	952
629	699
629	940
629	916
629	933
629	997
629	766
629	966
629	669
629	965
629	665
629	653
629	971
629	994
629	736
629	897
629	986
629	756
630	940
630	699
630	766
630	690
630	897
630	761
630	966
630	752
630	669
630	933
630	965
630	971
630	665
630	756
630	952
630	818
630	916
630	742
631	820
631	691
631	649
631	773
631	636
631	949
631	655
631	814
631	848
631	945
631	684
631	998
631	961
631	700
631	933
631	642
631	865
631	890
632	951
632	647
632	732
632	771
632	835
632	846
632	879
632	783
632	847
632	703
632	990
632	646
632	923
632	698
632	845
632	988
632	953
632	716
632	919
632	667
632	723
633	980
634	868
634	708
634	834
634	941
634	922
634	760
634	739
634	750
634	983
635	827
635	804
635	901
635	710
636	655
636	700
636	649
636	820
636	945
636	814
636	848
636	949
636	691
636	961
636	684
636	773
636	740
636	927
636	711
636	998
636	941
636	756
637	794
637	675
637	797
637	826
637	795
637	786
637	696
637	781
637	842
637	857
637	693
637	764
637	802
637	729
637	924
637	774
637	837
637	645
637	973
637	851
637	991
638	775
638	979
638	720
638	681
638	687
638	849
638	640
638	689
638	746
638	776
638	962
638	714
638	954
638	844
638	836
638	867
638	823
638	881
639	833
639	799
639	840
639	975
639	661
639	964
639	947
639	977
639	909
639	768
639	656
639	937
639	865
639	902
639	791
639	948
639	794
640	720
640	785
640	979
640	681
640	849
640	775
640	714
640	749
640	954
640	976
640	824
640	924
640	823
640	867
640	817
640	765
641	679
641	707
641	907
642	812
642	748
642	919
642	671
642	666
642	800
642	712
642	825
642	981
642	990
642	755
642	930
642	970
642	869
643	870
643	735
644	787
644	864
644	884
644	931
644	873
645	764
645	968
645	696
645	741
645	781
645	795
645	718
645	802
645	674
645	826
645	677
645	991
645	662
645	822
645	675
645	851
645	650
645	768
645	837
645	989
645	661
645	794
645	973
645	774
645	786
646	743
646	703
646	845
646	698
646	846
646	695
646	882
646	891
646	990
646	732
646	847
646	953
646	835
646	783
646	934
646	951
647	695
647	847
647	743
647	698
647	771
647	990
647	732
647	835
647	819
647	863
647	830
647	988
647	783
647	953
647	951
647	845
647	879
647	888
648	658
648	692
648	992
648	859
648	706
648	737
648	885
648	784
649	945
649	949
649	691
649	700
649	814
649	684
649	927
649	711
649	655
649	820
649	962
649	976
649	995
650	794
650	795
650	853
650	802
650	675
650	662
650	697
650	851
650	764
650	674
650	741
650	837
650	904
651	932
651	963
651	892
651	769
651	660
651	806
651	928
651	935
651	829
651	779
652	912
652	676
652	877
652	901
652	682
652	987
652	904
652	999
652	680
652	938
652	753
652	657
652	972
652	801
652	778
653	971
653	690
653	986
653	818
653	752
653	952
653	788
653	669
653	933
653	665
653	862
653	761
653	699
653	810
653	916
653	897
653	997
653	713
654	983
654	936
654	668
654	943
655	691
655	700
655	848
655	945
655	734
655	740
655	711
655	773
655	820
655	814
655	927
655	684
655	842
655	949
655	738
655	690
655	805
655	826
656	865
656	661
656	799
656	975
656	793
656	947
656	768
656	977
656	791
656	840
656	948
656	902
656	713
656	937
656	833
658	992
658	706
658	859
658	885
658	784
658	737
658	692
658	800
659	789
659	719
659	673
659	770
659	815
659	894
659	809
659	908
659	942
659	858
660	963
660	932
660	928
660	769
660	829
660	801
660	892
661	791
661	948
661	977
661	964
661	833
661	902
661	975
661	768
661	840
661	909
661	818
661	799
661	971
661	793
661	937
661	934
661	941
662	693
662	822
662	675
662	826
662	674
662	909
662	872
662	786
662	973
662	975
662	718
662	723
663	908
664	705
664	966
664	728
664	756
664	971
664	752
664	916
664	690
665	756
665	690
665	971
665	940
665	728
665	952
665	736
665	862
665	766
665	933
665	713
665	810
665	916
665	699
666	981
666	930
666	919
666	825
666	970
666	755
666	671
666	800
666	712
666	721
666	812
666	713
666	748
667	905
667	819
667	771
667	732
667	951
667	882
667	743
667	698
667	670
667	703
667	863
667	847
667	783
667	891
667	721
667	888
668	936
668	893
668	672
668	983
668	943
668	781
668	847
668	829
668	801
669	818
669	897
669	965
669	971
669	986
669	690
669	752
669	940
669	862
669	801
669	756
669	933
669	780
669	900
669	728
670	830
670	863
670	879
670	845
670	703
670	888
670	953
670	771
670	783
670	891
670	695
670	923
670	905
670	690
670	896
671	919
671	755
671	812
671	800
671	930
671	981
671	970
671	748
671	825
672	893
672	936
672	983
672	712
672	854
673	719
673	894
673	809
673	815
673	789
673	908
673	929
673	770
673	949
674	989
674	764
674	718
674	822
674	677
674	857
674	696
674	675
674	973
674	924
674	840
674	795
674	774
675	794
675	696
675	853
675	795
675	697
675	786
675	842
675	741
675	718
675	857
675	973
675	693
675	872
675	764
675	768
675	851
675	968
675	826
676	901
676	778
676	938
676	877
676	682
676	801
676	680
676	987
676	904
676	972
676	782
677	774
677	693
677	822
677	837
677	718
677	991
677	781
677	850
677	973
677	968
677	826
677	741
678	721
678	725
678	925
678	832
678	920
678	843
678	946
679	707
679	909
680	972
680	938
680	901
680	904
680	877
680	987
680	801
680	999
680	912
680	778
681	979
681	687
681	836
681	785
681	849
681	962
681	881
681	823
681	824
681	954
681	821
681	926
681	867
681	889
681	835
682	778
682	753
682	999
682	987
682	801
682	938
682	877
682	901
682	973
682	960
682	972
682	772
682	849
682	904
683	861
683	871
683	911
683	745
683	802
684	927
684	995
684	820
684	961
684	734
684	949
684	691
684	998
684	700
684	740
685	780
685	765
685	797
685	865
685	877
685	729
685	867
686	751
687	720
687	979
687	775
687	836
687	849
687	954
687	881
687	844
687	994
687	689
687	867
687	762
688	942
688	918
689	994
689	889
689	762
689	867
689	881
689	776
689	926
689	836
689	954
689	934
689	962
689	844
689	976
689	720
689	979
689	785
689	775
689	821
689	817
689	723
689	935
690	933
690	736
690	897
690	752
690	766
690	788
690	952
690	966
690	862
690	986
690	997
690	916
690	713
690	903
690	761
690	982
690	699
690	815
691	734
691	848
691	820
691	814
691	927
691	700
691	949
691	995
691	945
692	706
692	885
692	859
692	737
692	784
692	992
693	822
693	795
693	857
693	741
693	797
693	968
693	939
693	826
694	878
694	742
694	782
694	726
694	969
694	934
694	793
694	959
694	968
695	845
695	990
695	888
695	988
695	783
695	771
695	891
695	830
695	863
695	732
695	743
695	846
695	698
695	953
695	772
695	847
695	703
695	879
696	781
696	741
696	802
696	718
696	991
696	764
696	697
696	774
696	797
696	989
696	857
696	837
696	794
696	968
696	924
696	803
696	954
696	786
696	795
696	872
696	842
696	864
697	968
697	857
697	853
697	837
697	872
697	822
697	781
697	802
697	851
697	826
698	743
698	830
698	988
698	783
698	732
698	835
698	905
698	953
698	888
698	879
698	772
698	824
698	951
699	736
699	761
699	810
699	940
699	952
699	971
699	965
699	818
699	897
699	862
699	752
699	756
699	766
699	933
700	998
700	945
700	820
700	773
700	949
700	711
700	995
700	848
700	814
700	734
700	819
701	950
702	831
702	899
702	715
702	974
702	914
702	875
703	772
703	845
703	990
703	863
703	953
703	846
703	771
703	835
703	951
703	988
703	888
703	970
703	717
704	834
704	760
705	966
705	788
705	997
705	916
705	756
705	818
705	736
705	728
705	713
706	859
706	737
706	784
706	885
706	992
707	907
707	836
708	723
708	941
708	750
708	868
708	922
708	834
708	800
709	928
709	932
709	892
709	829
709	963
709	769
709	779
709	806
710	956
711	773
711	740
711	945
711	961
711	814
711	734
711	995
711	820
711	848
711	927
711	998
712	919
712	930
712	812
712	748
712	981
712	800
712	989
712	755
712	825
713	940
713	986
713	897
713	752
713	766
713	818
713	756
713	855
713	997
713	933
713	761
713	952
713	965
714	844
714	889
714	823
714	994
714	881
714	746
714	976
714	954
714	824
714	821
714	785
714	836
714	979
714	817
714	867
714	749
714	720
714	775
714	956
715	914
715	875
715	974
715	831
715	899
716	717
716	860
716	905
716	847
716	879
716	783
717	903
717	791
717	819
717	846
717	923
717	951
717	990
718	781
718	764
718	802
718	786
718	842
718	797
718	851
718	774
718	837
718	973
718	795
718	741
718	826
718	991
719	894
719	929
719	770
719	789
719	908
719	809
719	995
720	979
720	775
720	849
720	836
720	785
720	926
720	976
720	823
720	840
720	738
720	881
720	817
720	994
720	954
720	749
721	832
721	725
721	925
721	805
721	920
721	843
721	903
722	944
722	874
723	858
723	739
723	922
723	760
723	868
723	941
723	750
723	834
723	748
724	967
725	925
725	832
725	946
725	891
725	843
725	934
725	757
726	742
726	959
726	729
726	782
726	878
726	969
726	786
726	934
726	793
726	957
726	940
727	747
727	915
727	859
728	952
728	752
728	940
728	986
728	933
728	766
728	756
728	916
728	761
728	736
728	897
728	765
728	862
728	971
729	959
729	969
729	782
729	742
729	934
729	878
730	763
731	828
732	951
732	905
732	830
732	882
732	835
732	953
732	990
732	891
732	819
732	988
733	978
734	995
734	740
734	949
734	773
734	998
734	848
734	924
734	775
734	945
734	961
734	820
735	870
735	902
736	965
736	862
736	752
736	940
736	766
736	971
736	818
736	761
736	897
736	756
737	992
737	784
737	859
737	885
738	776
738	889
738	976
738	844
738	962
738	994
738	881
738	762
738	867
738	926
738	746
738	821
738	775
738	817
738	785
738	749
738	954
739	941
739	834
739	858
739	922
739	808
739	868
739	890
739	750
740	848
740	949
740	961
740	995
740	927
740	907
740	933
740	998
740	814
740	773
741	857
741	991
741	872
741	794
741	764
741	786
741	826
741	968
741	802
741	837
741	797
741	869
742	934
742	959
742	969
742	780
742	878
742	826
742	858
742	782
743	772
743	847
743	845
743	819
743	891
743	783
743	846
743	988
743	923
743	830
743	863
744	792
744	880
744	984
744	839
744	808
744	890
744	865
745	861
745	871
745	911
746	867
746	762
746	994
746	823
746	962
746	844
746	824
746	926
746	817
746	776
746	836
746	881
746	896
746	979
746	785
746	749
746	976
746	791
747	915
748	800
748	812
748	981
748	919
748	970
748	930
748	755
748	825
749	867
749	881
749	824
749	817
749	762
749	889
749	926
749	976
749	962
749	823
749	776
749	836
749	821
749	954
750	868
750	858
750	922
750	760
750	793
750	808
750	983
752	940
752	897
752	952
752	916
752	933
752	756
752	761
752	971
753	778
753	877
753	801
753	987
753	912
753	904
754	887
754	900
754	772
755	812
755	800
755	930
755	981
755	825
756	940
756	862
756	916
756	818
756	766
756	810
756	933
756	924
756	986
756	971
757	843
757	805
757	903
757	861
757	946
757	920
757	796
757	925
757	803
759	813
759	807
759	983
760	808
760	922
760	868
760	858
760	834
760	941
760	783
760	832
761	916
761	971
761	940
761	766
761	933
761	986
761	838
761	855
761	818
761	862
761	952
761	897
761	922
762	926
762	844
762	823
762	976
762	776
762	962
762	849
762	979
762	824
762	775
762	889
762	817
762	994
762	954
762	867
764	857
764	795
764	794
764	781
764	774
764	872
764	786
764	973
764	842
764	780
764	991
764	851
764	968
764	797
764	853
765	979
765	780
765	786
765	926
765	933
765	824
765	928
766	916
766	986
766	971
766	952
766	788
766	810
766	940
766	965
766	879
768	977
768	865
768	947
768	902
768	793
768	964
768	909
768	948
768	840
768	937
768	975
768	791
769	935
769	779
769	932
769	829
769	955
769	928
770	908
770	809
770	789
770	929
770	894
770	815
770	856
770	892
770	976
771	988
771	847
771	888
771	990
771	882
771	951
771	863
771	782
771	923
771	893
771	953
772	905
772	819
772	951
772	847
772	845
772	891
772	923
772	863
772	783
772	835
772	879
772	848
773	927
773	848
773	945
773	820
773	995
773	814
773	998
773	949
773	933
774	989
774	822
774	857
774	842
774	991
774	795
774	973
775	836
775	849
775	979
775	844
775	954
775	926
775	817
775	976
776	889
776	994
776	926
776	881
776	821
776	867
776	976
776	817
776	823
776	836
776	785
776	824
776	954
776	930
776	965
777	996
777	850
777	824
778	901
778	972
778	801
778	877
778	987
778	999
778	912
778	904
778	938
779	829
779	892
779	932
779	806
779	963
779	955
779	935
779	812
780	924
780	989
780	805
780	834
780	898
781	857
781	968
781	973
781	802
781	794
781	872
781	822
781	991
781	943
781	786
781	969
781	842
781	853
782	878
782	969
782	934
782	959
783	846
783	905
783	988
783	847
783	951
783	923
783	891
783	845
783	819
783	835
783	990
784	859
784	992
784	885
785	836
785	823
785	954
785	817
785	867
785	844
785	795
786	842
786	794
786	826
786	924
786	853
786	973
786	989
786	851
786	797
786	872
787	884
787	931
787	873
787	864
788	810
788	997
788	862
789	908
789	894
789	809
789	815
790	982
790	816
791	977
791	833
791	975
791	937
791	799
791	840
791	865
791	902
791	909
791	948
791	947
792	890
792	880
792	984
792	936
792	835
793	833
793	975
793	840
793	909
793	865
793	964
793	937
793	948
793	851
793	947
793	977
794	797
794	853
794	795
794	973
794	989
794	837
794	924
794	991
794	965
794	842
794	968
794	857
795	991
795	857
795	968
795	802
795	797
795	989
795	822
795	837
795	851
795	924
795	826
796	843
796	903
796	805
796	920
796	946
796	832
796	925
797	853
797	842
797	968
797	991
797	872
797	857
797	837
797	973
797	824
797	843
797	798
797	851
798	854
798	898
799	977
799	948
799	964
799	865
799	840
799	833
799	975
799	947
799	937
799	902
799	909
799	957
800	812
800	970
800	919
800	825
800	981
800	960
800	820
801	987
801	904
801	999
801	938
801	912
801	901
801	946
801	972
802	973
802	991
802	968
802	842
802	853
802	857
802	826
802	989
802	896
803	960
803	957
803	852
803	896
803	939
803	848
804	856
804	827
805	843
805	903
805	920
805	925
805	832
806	963
806	892
806	928
806	829
807	895
807	893
808	858
808	868
808	877
808	834
809	929
809	908
809	894
809	965
810	986
810	952
810	862
810	965
810	916
810	897
811	880
811	876
812	981
812	930
812	970
812	919
812	825
812	926
813	895
813	983
814	949
814	820
814	995
814	998
814	848
814	947
814	945
814	961
814	927
815	908
815	929
815	894
816	982
817	954
817	926
817	824
817	976
817	821
817	823
817	844
817	881
817	994
817	889
817	867
818	916
818	897
818	862
818	952
818	940
818	971
818	829
818	933
819	905
819	830
819	845
819	846
819	990
819	835
819	953
819	891
819	879
820	945
820	998
820	949
820	995
820	961
820	927
821	867
821	844
821	824
821	954
821	962
821	926
821	976
821	994
821	849
821	979
822	989
822	973
822	842
822	826
822	872
822	991
823	976
823	867
823	926
823	824
823	994
823	979
823	991
823	889
823	962
823	954
823	849
824	994
824	844
824	962
824	867
824	954
824	836
824	881
825	981
825	919
825	930
825	891
825	970
825	898
826	842
826	857
826	991
826	853
826	924
826	973
826	968
826	872
827	856
827	945
829	963
829	935
829	892
829	928
829	932
830	888
830	923
830	882
830	988
830	951
830	879
830	990
831	974
831	875
831	899
831	914
832	925
832	946
832	891
832	920
833	909
833	975
833	865
833	902
833	926
833	977
833	937
833	948
833	969
833	964
834	941
834	922
834	868
834	858
835	990
835	882
835	951
835	905
835	953
835	879
835	847
835	852
835	988
836	849
836	881
836	844
836	954
837	851
837	878
837	973
837	995
837	970
837	857
837	991
838	910
839	876
839	890
840	937
840	865
840	964
840	902
840	947
840	982
840	975
840	909
840	948
841	931
841	864
841	884
841	873
842	853
842	872
842	991
842	989
842	924
842	888
842	845
842	857
842	968
843	920
843	946
843	954
844	976
844	889
844	881
844	954
844	962
844	849
845	990
845	863
845	888
845	882
845	923
845	988
845	953
845	951
845	959
845	891
845	929
846	988
846	923
846	905
846	847
846	903
846	934
846	938
846	863
846	951
847	988
847	953
847	990
847	905
848	961
848	998
848	995
848	949
848	976
849	979
849	867
849	926
849	976
849	962
849	881
850	996
851	924
851	989
851	857
851	853
851	973
852	960
852	969
852	896
852	939
852	902
853	857
853	989
853	872
854	898
854	888
855	910
857	924
857	887
857	872
857	973
858	922
859	992
859	885
861	911
861	871
862	916
862	933
862	897
862	965
862	986
863	891
863	905
863	988
863	953
863	945
864	884
864	873
864	931
865	975
865	977
865	909
865	947
865	902
865	937
865	964
866	886
867	889
867	954
867	976
867	979
867	994
867	881
868	922
869	957
869	896
869	960
869	952
869	889
871	911
872	968
872	991
872	973
873	931
873	884
875	914
875	899
875	974
875	931
876	984
877	987
877	901
877	904
877	972
877	912
877	893
878	909
878	959
879	988
879	953
879	923
879	905
880	890
880	984
880	925
881	954
881	994
881	976
881	962
881	979
881	889
881	987
882	888
882	905
882	951
882	890
883	906
884	931
885	992
885	975
887	900
888	953
888	951
888	905
889	994
889	954
889	962
889	926
889	936
889	930
890	984
891	951
891	990
891	905
891	923
891	903
891	988
892	935
892	963
892	928
893	943
893	983
893	936
893	902
894	908
894	929
895	936
895	943
896	939
896	957
896	975
897	965
897	971
897	952
897	940
897	933
897	916
899	974
899	914
901	987
901	938
901	912
901	972
901	999
902	975
902	909
902	948
902	937
902	964
902	947
902	977
903	920
903	946
904	972
904	987
904	912
904	938
904	999
905	988
905	923
905	951
905	990
905	995
905	928
905	983
908	929
909	975
909	948
909	977
909	947
909	937
911	946
911	925
912	999
912	972
912	987
914	974
916	986
916	971
916	952
916	966
916	933
916	940
918	942
919	970
919	981
919	930
922	941
922	960
923	951
923	990
923	981
924	968
924	989
925	946
926	976
927	995
927	961
927	945
927	936
927	949
928	955
928	963
928	993
928	932
930	970
932	935
932	963
932	993
933	940
933	965
933	971
934	959
935	963
935	993
936	983
936	943
937	964
937	977
937	947
938	972
938	987
938	999
939	960
939	957
939	961
940	965
940	952
940	966
940	986
940	971
940	997
943	983
943	984
945	995
945	998
947	977
947	964
948	964
948	975
949	998
951	990
951	953
952	965
952	971
952	986
953	990
954	976
954	994
954	962
955	993
956	961
957	960
959	969
960	995
961	995
962	976
962	994
964	977
964	975
965	986
965	990
966	997
966	986
968	989
968	991
970	981
971	986
972	999
972	987
973	991
975	977
976	994
979	994
983	999
986	997
987	999
989	991
995	998
