0	739
0	541
0	656
1	629
1	2
1	704
1	739
1	828
1	204
1	639
2	918
2	639
2	704
2	426
3	764
3	930
3	616
3	618
3	674
3	919
3	484
3	233
3	566
3	696
4	803
4	915
4	811
4	738
4	990
4	672
5	563
5	997
5	810
5	707
5	925
5	611
6	922
6	841
6	708
6	731
6	918
7	243
7	9
8	11
9	13
10	13
10	11
11	12
12	478
14	15
14	16
14	298
14	299
15	20
15	300
15	19
15	18
15	298
16	19
16	20
16	300
16	297
17	20
17	18
17	297
17	300
17	294
17	295
18	299
18	297
18	295
18	86
19	294
19	295
19	299
19	297
19	20
19	296
20	298
21	442
21	307
22	27
23	26
24	69
25	393
25	840
26	428
27	251
27	190
27	796
28	970
29	137
30	306
31	68
32	34
33	91
33	459
34	123
34	126
35	36
35	40
36	37
36	711
37	339
37	220
37	756
38	41
39	41
41	317
42	122
43	45
43	48
44	47
44	311
44	595
47	48
49	54
49	255
49	257
49	635
49	570
49	593
49	693
49	919
49	822
49	97
50	54
50	258
50	253
50	726
50	934
50	973
50	188
50	720
51	54
51	992
51	843
51	885
51	751
52	53
52	559
52	851
52	780
52	392
53	55
53	780
53	637
53	842
53	851
53	559
53	186
54	257
54	252
54	595
54	989
54	930
54	560
54	836
55	254
55	550
55	924
55	500
56	62
56	57
56	60
56	546
57	62
57	60
57	684
58	61
58	59
59	61
60	62
60	879
63	69
63	66
63	67
63	68
63	206
64	65
64	577
65	67
69	104
70	74
70	252
70	872
71	250
71	73
71	75
71	566
72	163
72	76
72	268
75	426
75	626
75	889
76	343
76	112
76	582
77	442
77	663
78	382
78	80
79	83
80	442
80	453
80	733
81	436
81	83
82	553
83	243
83	837
84	251
84	89
84	129
85	90
85	903
86	88
86	895
88	393
88	90
88	314
89	448
89	907
91	96
91	97
91	244
91	715
92	96
92	196
92	792
93	337
93	94
93	166
93	582
94	95
94	736
94	825
96	253
96	930
97	320
98	99
98	534
98	716
99	103
99	100
101	103
101	377
101	579
102	484
103	346
104	740
105	381
105	107
106	172
106	110
107	111
107	827
108	397
108	883
109	150
110	359
112	115
112	463
112	458
112	461
112	116
112	467
113	459
113	457
113	461
113	454
114	118
114	455
114	454
114	464
114	460
114	465
114	457
114	466
114	921
115	117
115	461
115	116
115	458
115	118
115	466
116	118
116	463
117	457
117	462
117	458
118	460
118	394
119	369
119	121
119	122
120	849
121	441
121	128
122	124
123	512
124	125
124	804
125	270
125	699
126	132
126	386
126	127
126	859
127	128
127	129
127	132
127	386
128	384
128	129
128	383
128	385
128	390
128	132
129	131
129	130
129	132
130	383
130	387
130	385
130	384
130	131
131	385
132	742
133	137
133	136
134	135
134	194
134	282
135	137
135	954
136	138
136	139
137	371
139	995
140	145
140	143
140	144
141	228
141	944
142	144
142	232
142	646
144	769
146	332
146	871
147	152
147	149
147	549
148	150
148	153
148	498
148	894
150	274
151	719
153	787
153	770
154	157
155	156
156	158
158	193
161	162
162	167
162	809
162	580
163	167
164	165
165	180
167	175
167	915
167	253
168	172
168	170
168	838
169	172
169	171
171	173
171	174
171	727
172	173
175	177
176	242
176	690
177	178
177	416
178	964
178	618
179	181
179	629
182	581
182	614
182	795
183	185
184	187
185	188
185	186
186	188
188	532
188	777
189	192
189	193
191	288
191	242
192	920
193	195
194	446
194	516
194	568
195	959
196	199
196	198
196	841
197	198
197	200
197	268
197	269
197	781
198	199
198	200
198	266
198	201
199	201
199	271
199	272
199	493
200	201
200	202
200	268
200	266
200	791
201	272
201	266
201	271
201	269
202	266
202	267
203	204
203	857
204	207
204	407
204	667
205	209
205	552
205	728
205	556
206	673
206	696
207	208
208	209
208	570
209	315
209	381
210	215
210	737
211	212
211	410
211	662
212	335
212	214
213	226
214	216
215	404
215	535
216	946
217	220
217	219
217	554
218	219
219	366
221	381
221	223
222	308
222	813
222	623
224	225
224	229
225	418
225	681
226	229
226	509
227	276
227	304
228	230
230	713
231	234
232	235
232	884
233	340
233	234
234	237
236	473
236	333
237	714
238	241
238	316
239	244
239	418
240	287
240	636
240	730
241	242
241	815
243	392
245	248
245	249
246	247
246	251
246	723
247	250
247	436
247	801
247	928
249	309
249	669
250	418
252	257
252	255
252	253
252	256
252	737
252	622
252	674
252	825
253	257
253	258
253	255
253	730
253	549
253	582
254	584
254	924
254	786
254	855
254	853
254	612
255	257
255	258
255	256
255	774
255	681
255	645
255	742
256	928
256	618
256	686
256	883
256	587
256	570
256	571
257	258
257	720
257	775
257	806
257	692
258	677
258	662
258	764
258	973
258	619
258	992
259	261
259	264
259	263
259	596
260	265
260	262
261	263
261	264
261	743
262	265
263	264
263	963
264	424
266	269
266	272
266	268
267	271
268	272
268	991
269	270
269	271
269	609
270	271
270	272
270	778
270	820
273	275
273	279
273	551
274	279
274	854
275	278
275	887
277	725
277	807
280	283
280	698
280	634
281	286
281	284
281	569
282	285
282	406
282	537
282	659
282	974
283	286
286	449
287	288
288	292
288	290
289	291
291	292
292	293
295	296
295	409
295	640
296	297
296	298
296	395
297	298
297	299
298	305
298	583
301	305
302	364
303	305
303	457
303	978
303	913
307	760
308	310
308	782
310	312
311	313
313	908
313	547
315	842
316	317
316	319
317	318
317	942
319	379
319	917
321	447
322	327
322	323
322	325
322	530
324	328
324	327
324	898
324	764
325	328
325	628
326	971
329	333
329	331
329	335
330	331
330	332
331	856
333	372
334	335
336	339
336	341
337	403
337	430
338	342
338	340
339	342
339	488
340	619
343	348
343	966
343	959
344	348
345	349
346	349
346	484
347	350
348	816
351	354
351	357
351	358
351	591
352	355
352	356
352	353
352	694
353	356
353	355
354	358
354	357
354	720
355	356
355	500
356	763
357	358
357	774
358	919
360	424
361	365
361	479
362	365
362	363
362	836
364	366
365	404
365	703
367	433
367	373
368	370
368	374
368	600
369	373
369	469
371	448
373	434
375	380
375	382
375	440
376	380
378	379
379	605
381	621
382	755
383	386
383	388
383	396
383	389
383	390
384	386
384	389
384	387
384	388
385	386
386	387
386	388
387	390
387	389
389	390
391	395
391	393
391	394
391	397
393	396
395	397
395	822
396	398
397	731
397	955
398	454
399	403
399	401
399	405
400	406
400	402
400	578
402	958
403	404
403	982
403	554
406	465
406	709
407	702
409	411
409	412
409	881
410	413
410	461
411	415
412	920
414	478
415	533
415	670
416	417
416	797
417	419
417	421
419	424
420	424
421	422
421	423
422	940
422	665
423	641
424	818
425	428
427	429
427	695
428	433
429	431
431	960
432	433
432	988
435	436
436	437
436	443
436	919
438	440
438	738
441	912
443	540
444	445
444	450
444	451
445	449
446	758
447	452
447	449
448	660
448	786
451	452
454	456
454	461
454	467
454	466
455	466
455	456
455	462
456	465
456	461
456	466
456	923
457	463
458	463
459	462
459	610
460	461
461	465
461	462
462	463
464	467
464	466
464	465
468	471
468	472
470	484
470	515
471	472
473	488
473	475
473	476
473	681
474	486
475	477
475	706
479	483
479	485
479	487
480	486
482	485
488	992
489	504
489	507
489	493
489	503
489	500
489	501
490	495
490	491
490	500
490	501
490	509
490	505
490	502
490	503
491	501
491	495
491	504
491	496
492	506
492	494
493	503
493	505
493	509
493	495
493	497
493	499
494	506
495	502
495	498
495	503
495	507
496	500
496	508
496	502
496	497
497	508
498	499
498	505
498	784
499	500
499	508
499	503
500	502
500	503
501	508
501	504
501	505
502	509
502	505
502	508
502	507
503	508
503	507
504	505
505	508
505	509
507	508
510	518
511	535
512	533
513	516
513	520
513	536
515	522
516	528
516	529
517	522
518	535
518	525
519	521
521	528
521	526
522	531
523	526
524	869
524	622
525	538
525	585
527	530
538	539
540	859
540	645
540	822
540	785
540	571
540	741
541	768
541	933
541	643
541	653
541	777
541	557
542	573
542	853
542	765
542	559
542	685
542	924
542	797
542	794
543	739
543	758
544	846
544	898
544	895
544	695
544	817
544	747
544	927
545	901
545	889
545	668
545	578
545	905
545	703
545	667
545	773
545	990
546	734
546	715
546	848
546	680
546	972
546	945
547	691
547	773
547	914
547	938
547	987
548	594
548	858
548	942
548	850
548	621
548	601
549	812
549	992
549	781
549	569
549	981
549	666
549	900
549	903
549	567
549	729
549	887
549	623
550	615
550	826
550	675
550	797
550	853
551	880
551	999
551	655
551	863
551	980
551	908
551	809
551	691
551	976
552	897
552	873
552	704
553	826
553	855
553	573
553	910
553	675
554	757
554	663
554	796
554	930
554	784
554	968
554	795
554	836
554	991
554	959
554	709
554	742
554	693
555	929
555	943
555	773
555	703
555	647
555	912
555	627
556	944
557	870
557	610
557	933
557	839
558	630
558	813
558	562
558	947
558	892
558	621
558	665
559	853
559	765
559	786
559	675
560	887
560	827
560	970
560	638
560	856
560	674
560	973
560	782
560	800
560	650
560	622
561	679
561	966
561	705
561	721
561	997
561	810
561	707
561	563
562	952
562	918
562	977
562	922
562	884
562	947
563	788
563	664
563	985
563	620
564	639
564	884
564	977
564	596
564	589
564	978
565	976
565	798
565	814
565	951
565	684
565	943
565	654
566	593
566	635
566	569
566	764
566	946
566	616
566	806
566	774
566	900
566	775
566	857
567	806
567	883
567	718
567	885
567	970
567	726
567	822
567	712
567	730
568	963
568	598
569	755
569	883
569	795
569	775
569	642
569	662
569	785
570	741
570	906
570	991
570	836
570	618
570	662
570	822
570	946
570	812
570	657
570	677
571	729
571	934
571	587
571	593
571	618
572	792
572	921
572	770
572	898
572	817
573	924
573	853
573	794
574	864
574	996
574	839
574	808
575	861
575	743
575	871
575	894
576	695
576	871
576	899
576	819
576	990
576	593
577	790
577	651
577	993
577	787
577	834
577	996
578	830
578	893
579	889
579	923
579	695
579	929
579	746
579	821
580	701
580	646
580	888
580	801
580	778
580	949
580	998
581	791
581	688
581	876
581	897
582	827
582	748
582	838
582	720
582	843
582	730
582	634
582	785
582	989
582	635
583	971
583	688
583	766
583	993
583	873
584	675
584	612
584	837
584	765
584	615
584	797
585	755
585	681
585	686
585	757
585	709
585	785
585	991
585	973
585	979
586	744
586	600
587	741
587	843
587	640
587	981
587	970
587	750
587	686
587	781
587	755
588	921
588	917
588	778
588	807
588	655
588	854
588	771
588	767
588	703
588	927
589	947
589	829
589	660
590	701
590	929
590	821
590	591
590	604
590	886
590	945
590	722
591	824
591	710
591	983
591	773
591	949
592	725
592	641
592	788
592	721
592	705
593	991
593	712
593	838
593	973
593	663
593	868
594	639
594	977
594	902
595	934
595	663
595	605
595	694
595	748
595	692
596	864
596	713
596	779
597	913
597	801
598	644
598	761
598	768
598	787
599	787
599	963
599	723
600	676
600	888
600	680
600	943
600	951
601	834
601	665
601	606
601	937
602	951
602	636
602	809
602	792
603	740
603	893
603	673
603	753
603	746
603	670
603	848
603	647
603	830
603	680
604	949
604	649
604	961
604	821
604	960
605	764
605	663
605	991
605	838
605	618
605	900
605	648
605	969
606	841
606	935
606	739
606	761
606	892
607	643
607	947
607	864
607	952
608	655
608	908
608	831
608	929
609	617
609	834
609	808
610	982
610	708
610	955
611	743
611	962
611	698
611	896
612	842
612	855
613	721
613	832
613	985
613	925
613	678
614	636
614	987
614	738
615	842
615	786
616	946
616	970
616	650
616	671
616	887
616	906
616	706
616	784
616	638
616	674
616	737
616	751
617	978
617	865
617	790
618	781
618	742
618	751
618	737
618	650
619	694
619	784
619	919
619	782
619	969
619	812
619	741
619	730
619	838
619	663
620	832
620	707
620	925
620	641
621	625
621	862
621	829
622	946
622	878
622	697
622	796
622	934
622	642
622	687
622	720
623	709
623	645
623	737
623	694
623	750
623	784
623	785
623	754
624	897
624	916
624	669
624	787
625	963
625	699
625	965
625	840
625	955
625	839
626	752
626	653
626	777
627	871
627	950
627	655
627	913
628	987
628	680
628	886
628	655
629	865
629	858
630	922
630	733
630	790
630	964
630	940
630	876
631	807
631	917
631	823
631	682
631	771
631	914
632	961
632	904
632	691
632	773
632	848
632	962
633	673
633	823
633	659
633	950
633	861
633	753
633	893
634	991
634	741
634	868
634	657
634	638
634	663
635	973
635	812
635	836
635	775
635	822
635	645
635	843
635	885
635	692
635	638
635	706
635	800
636	923
636	655
636	700
636	803
636	895
636	905
636	939
636	809
636	783
636	869
636	904
636	911
637	794
637	837
637	675
637	924
637	780
638	742
638	784
638	648
638	666
638	838
638	763
638	885
638	859
638	992
638	775
639	963
639	761
639	735
639	833
639	935
639	799
640	822
640	903
640	720
640	843
640	981
641	788
641	679
641	725
641	758
641	966
641	985
642	812
642	662
642	674
642	729
642	748
642	709
642	648
642	989
642	968
642	903
642	942
643	816
643	723
643	808
644	963
644	769
644	986
644	862
645	764
645	992
645	706
645	878
645	968
645	757
646	939
646	727
646	974
646	722
646	820
646	983
647	744
647	861
647	904
648	687
648	748
648	658
648	930
648	712
648	857
648	872
648	718
649	682
649	882
649	809
650	920
650	800
650	825
650	726
650	903
650	709
650	872
650	946
650	657
650	671
650	750
650	764
650	697
651	793
651	955
651	766
651	982
651	699
651	952
652	820
652	943
652	912
652	891
652	667
652	798
652	915
653	909
653	971
653	833
653	690
653	986
654	716
654	953
654	659
654	983
654	714
655	771
655	901
655	691
655	913
656	865
656	931
656	952
657	796
657	825
657	726
657	729
657	720
657	806
658	754
658	920
658	900
658	757
658	887
658	825
658	775
659	874
659	831
659	701
660	839
660	841
660	978
660	735
661	688
661	971
661	791
662	696
662	900
662	903
662	751
663	687
663	774
663	919
663	712
664	705
664	678
664	907
664	958
664	725
664	679
664	966
664	985
664	880
665	982
665	708
666	827
666	693
666	981
666	822
666	677
666	930
666	764
666	868
667	898
668	961
668	717
669	884
669	870
670	722
670	844
670	867
670	744
670	956
670	830
670	866
670	863
671	750
671	729
671	868
671	991
671	692
671	677
671	836
672	980
672	976
672	939
672	701
672	962
672	961
672	772
673	835
673	960
673	724
673	792
674	720
674	805
674	742
674	872
674	804
674	696
674	806
674	692
674	709
674	781
675	837
676	819
676	967
676	727
676	776
676	891
676	689
676	939
676	814
677	696
677	741
677	930
677	774
677	693
677	843
677	838
678	758
678	907
678	997
679	788
679	721
679	985
680	879
680	929
680	847
680	972
680	938
681	930
681	754
681	928
681	859
681	750
682	824
682	819
682	960
682	835
682	749
683	861
683	923
683	895
683	695
683	776
683	882
685	780
685	765
685	842
686	796
686	973
686	836
686	968
686	781
686	806
687	804
687	795
687	800
687	857
687	720
687	802
687	878
687	981
688	829
688	818
689	943
689	724
689	950
690	933
691	950
691	732
691	845
691	734
692	887
692	878
692	973
692	968
692	928
692	712
692	969
692	729
692	822
693	843
693	822
693	712
693	991
693	763
693	885
694	805
694	781
694	720
694	712
695	711
695	936
695	823
695	749
695	702
695	877
696	781
696	741
696	730
696	825
696	800
696	802
696	763
696	843
697	751
697	812
697	726
697	887
698	743
698	830
698	753
698	911
699	799
699	768
699	791
699	813
699	828
699	736
699	761
700	881
700	744
700	783
700	898
700	956
700	923
701	762
701	984
701	717
701	714
701	974
702	915
702	823
702	945
703	875
703	823
703	772
704	937
704	708
704	935
704	728
705	925
705	758
706	883
706	906
706	730
706	930
706	843
706	868
706	991
707	725
707	832
707	788
707	758
708	791
708	971
708	841
708	813
708	756
709	718
709	754
709	827
709	726
709	973
709	751
709	742
710	990
710	929
710	715
710	854
710	835
711	831
711	874
711	727
711	716
712	868
712	741
712	900
712	802
712	919
712	920
713	892
714	724
714	896
715	746
715	783
715	724
715	961
716	801
716	901
716	824
717	820
717	866
717	921
717	901
717	998
717	990
718	934
718	785
718	885
718	774
718	781
718	812
718	981
718	754
718	868
718	959
719	835
719	753
719	727
719	869
719	894
719	967
719	874
719	980
719	814
719	951
719	819
720	981
720	812
720	970
720	755
720	979
720	796
720	959
720	903
720	726
721	958
721	810
722	771
722	803
723	759
723	839
723	870
724	744
724	972
724	908
724	783
724	835
724	988
724	983
725	985
725	788
725	826
726	750
726	737
726	748
726	992
726	785
726	991
726	973
726	805
727	819
727	882
727	891
727	877
727	954
727	817
727	852
728	993
729	730
729	973
729	764
729	750
729	825
729	989
730	868
730	859
730	968
730	751
730	805
730	906
731	978
731	864
731	975
732	798
732	895
732	960
732	936
732	908
732	801
733	850
734	861
734	987
735	799
735	916
736	833
737	812
737	849
737	750
737	981
737	741
737	973
737	796
738	871
738	776
738	889
738	830
738	905
738	976
738	929
738	772
739	941
739	834
739	937
739	982
739	932
740	746
740	798
740	953
741	979
741	800
741	992
741	981
742	802
742	755
742	751
742	804
742	934
742	970
742	989
743	821
743	913
743	745
744	846
744	776
744	927
744	960
745	854
745	927
745	990
745	905
745	861
746	814
746	819
746	867
746	915
747	767
747	913
748	883
748	757
748	934
748	782
748	872
748	764
748	795
749	999
749	917
749	960
749	944
749	998
750	981
750	784
750	785
750	887
751	757
751	989
751	805
751	946
752	942
752	909
752	816
752	860
752	937
753	951
753	848
754	991
754	968
754	856
756	940
756	862
756	864
757	843
757	825
757	887
757	928
757	900
757	970
759	779
759	996
760	870
761	884
761	978
761	870
761	860
762	886
762	882
762	789
762	914
763	887
763	843
763	973
763	919
763	928
763	959
764	843
764	857
764	836
764	784
764	774
765	924
765	842
766	779
766	922
766	909
766	916
767	792
767	770
767	776
767	990
768	977
768	865
769	858
769	935
770	821
770	915
770	852
770	773
770	899
770	908
770	987
770	962
771	988
771	914
771	927
771	877
771	869
772	866
772	792
773	936
773	821
773	926
774	989
774	825
774	934
774	878
774	959
774	946
774	900
775	903
775	838
775	970
775	796
775	878
775	973
775	836
776	792
776	815
776	927
776	894
776	848
777	909
777	828
778	890
778	894
778	957
779	813
779	982
780	851
781	857
781	785
781	887
782	900
783	861
783	983
783	984
784	872
784	849
784	968
785	885
786	842
786	910
787	941
787	833
787	965
788	925
789	814
789	869
789	811
790	964
790	873
790	834
791	850
792	824
792	917
792	803
792	974
792	999
793	841
793	942
793	941
793	817
794	837
794	797
795	843
795	969
795	878
796	885
796	872
796	800
798	923
798	957
798	914
798	877
798	854
798	967
798	899
799	918
799	977
799	829
800	812
800	973
800	906
800	859
801	894
801	987
801	895
801	820
802	843
802	883
802	981
803	901
803	807
803	912
803	845
803	945
804	856
804	887
805	887
807	852
807	846
808	902
808	860
809	962
809	877
810	907
811	881
811	886
812	934
813	931
813	963
814	819
814	908
815	820
815	847
816	982
817	890
817	950
818	955
818	876
818	977
819	954
819	927
820	921
820	830
820	972
821	949
821	987
821	957
821	998
821	869
822	981
822	979
822	872
822	903
823	891
823	953
823	848
823	938
824	913
824	923
824	994
824	905
825	878
826	842
827	959
827	968
827	946
827	969
828	918
828	971
828	977
830	844
830	956
831	874
831	999
832	966
832	958
833	862
834	941
834	902
835	995
835	990
835	893
836	981
836	849
836	872
838	969
838	968
838	885
838	930
839	902
839	858
840	952
840	978
840	935
841	982
841	933
841	850
841	918
843	878
844	927
844	976
844	999
844	944
845	936
845	990
846	901
846	961
847	848
847	921
848	877
848	987
849	857
849	992
849	965
850	876
851	910
852	915
852	898
852	949
852	929
852	960
852	950
853	910
854	882
854	995
856	981
856	872
856	970
856	969
857	885
857	859
858	873
858	996
859	878
859	968
859	992
860	862
860	884
860	948
861	863
861	888
861	904
862	916
862	876
862	865
863	995
863	877
863	899
863	891
864	964
864	937
865	873
865	952
866	896
866	953
867	995
868	885
868	928
869	912
869	980
870	933
870	918
870	963
870	931
871	891
871	874
873	931
873	982
873	955
873	935
875	926
875	901
875	988
878	928
879	936
879	988
879	943
880	960
880	949
883	887
883	981
883	970
883	959
884	947
886	905
887	903
888	983
888	995
888	961
889	956
889	893
889	923
889	899
889	994
889	901
890	999
890	980
891	904
893	896
895	939
895	950
895	904
895	953
897	965
897	971
898	995
898	899
900	903
900	989
900	930
901	929
902	975
903	940
904	954
904	974
904	995
905	988
905	926
906	992
906	934
908	936
908	913
909	986
910	924
911	994
912	923
912	999
912	957
913	939
914	921
914	984
916	986
920	979
920	934
922	965
922	941
923	951
923	956
925	966
925	928
926	950
926	987
931	986
931	937
932	952
932	993
935	948
936	953
936	983
936	944
936	943
937	978
939	972
940	955
943	957
943	980
946	959
946	970
947	978
947	993
947	996
948	965
949	954
950	962
952	964
952	982
953	972
955	971
956	962
957	984
959	989
964	986
966	997
967	998
973	992
995	998
