0	917
0	445
0	454
0	581
1	639
1	909
1	975
1	947
1	768
1	656
1	601
1	791
1	675
1	583
2	971
2	669
2	752
2	626
2	933
2	766
2	916
2	665
2	40
2	527
3	478
3	471
3	750
3	487
3	438
3	469
3	834
3	486
3	760
3	331
3	905
4	908
4	815
4	719
4	334
4	332
4	230
4	789
4	224
4	659
4	546
4	929
4	228
4	809
4	792
5	925
5	678
5	86
5	446
5	725
5	832
5	721
5	475
5	805
5	587
6	933
6	629
6	626
6	736
6	713
6	752
6	897
6	756
6	766
6	705
7	854
7	13
7	315
7	72
7	318
7	57
8	11
8	998
8	945
8	649
8	579
8	231
8	691
8	234
8	597
8	215
9	691
9	820
9	71
9	73
9	156
9	927
9	649
9	712
9	636
10	13
10	315
10	72
10	233
10	854
11	12
11	631
11	945
11	74
11	71
11	711
11	655
11	159
11	684
12	734
12	636
12	998
12	684
12	740
12	317
12	320
12	995
12	945
13	160
13	72
13	318
14	15
14	16
14	297
14	95
14	97
14	387
14	328
14	322
14	780
14	325
15	18
15	91
15	17
15	780
15	387
15	95
15	326
15	429
15	97
16	297
16	17
16	55
16	615
16	765
16	387
16	550
16	685
16	18
17	18
17	297
17	326
17	91
17	685
17	765
17	126
17	819
18	297
18	325
18	326
18	550
18	55
18	430
18	45
19	295
19	299
19	851
19	837
19	301
19	94
19	427
19	924
19	432
19	324
20	294
20	92
20	790
20	624
20	292
20	982
20	816
21	22
21	27
22	27
23	26
23	24
23	25
23	207
24	26
24	25
24	411
25	26
25	553
26	883
28	277
28	125
28	122
28	275
28	120
28	274
28	421
28	251
29	32
29	121
29	273
29	278
29	33
29	34
29	595
29	943
30	124
30	275
30	123
30	122
30	125
30	120
31	274
31	124
31	125
31	277
31	275
31	120
31	634
32	34
32	119
32	121
32	276
32	943
32	279
32	380
32	179
32	33
33	279
33	278
33	654
33	276
33	496
33	869
33	121
34	119
34	121
34	279
34	276
34	273
34	813
34	893
34	672
35	36
35	40
35	167
35	665
35	38
35	690
35	766
35	986
35	606
35	613
36	39
36	163
36	952
36	629
36	626
36	161
36	897
36	965
36	761
37	341
37	918
37	372
37	815
38	41
38	166
38	165
38	916
38	933
38	552
38	690
38	626
38	862
39	41
39	161
39	167
39	653
39	933
39	965
39	664
39	766
39	40
40	41
40	669
40	933
40	592
40	897
40	971
40	952
40	838
41	940
41	756
41	167
41	592
41	620
41	752
41	606
42	47
42	48
42	860
42	189
42	557
42	716
42	602
43	45
43	46
43	456
43	84
43	55
43	430
43	460
43	116
43	344
43	622
43	689
44	47
44	113
44	190
44	48
44	588
44	547
44	105
45	458
45	460
45	116
45	46
45	791
45	518
45	717
46	458
46	116
46	460
46	456
46	650
46	812
46	823
46	973
47	48
47	189
47	588
47	557
47	717
48	113
48	557
48	110
48	547
49	919
49	413
49	712
49	642
49	748
49	970
49	981
49	412
49	812
50	54
50	258
50	253
50	973
50	764
50	385
50	415
50	696
50	797
50	433
51	843
51	587
51	757
51	805
51	911
51	745
51	796
51	582
51	903
51	683
51	946
51	474
51	678
51	906
51	746
51	469
52	53
52	132
52	637
52	853
52	794
52	842
52	968
52	476
52	781
52	549
53	637
53	842
53	130
53	826
53	795
53	973
53	764
53	718
53	470
54	257
54	741
54	872
54	826
54	802
54	384
54	675
54	786
54	258
55	550
55	685
55	95
55	430
55	325
55	96
55	765
56	62
56	57
56	352
56	834
57	62
57	114
58	340
58	263
59	61
59	339
60	769
60	463
60	806
61	293
62	868
62	739
63	69
63	401
63	751
63	215
63	694
63	740
63	243
63	402
63	736
64	67
64	403
64	211
64	100
64	68
64	286
64	150
65	214
65	216
65	210
65	66
65	400
65	212
65	239
65	404
65	238
65	622
66	216
66	400
66	242
66	101
66	214
66	239
66	992
66	692
66	212
67	211
67	100
67	286
67	284
67	181
67	283
68	403
68	100
68	280
68	152
68	168
68	150
69	215
69	751
69	243
69	251
69	996
70	74
70	848
70	73
70	76
70	927
70	597
70	71
70	319
70	316
70	234
71	73
71	75
71	711
71	655
71	814
71	740
71	317
72	218
72	798
72	893
73	773
73	157
73	636
73	711
73	232
73	320
73	922
74	740
74	597
74	711
74	814
74	961
74	75
74	154
74	520
75	691
75	335
75	321
75	684
75	820
75	579
75	945
75	744
76	631
76	579
76	773
76	691
76	317
76	321
76	995
76	949
77	817
77	78
77	823
77	749
77	994
77	714
77	544
77	954
77	776
77	586
78	994
78	746
78	817
78	611
78	83
78	867
78	889
78	267
78	202
79	83
79	714
79	954
79	976
79	776
79	817
79	962
79	824
79	844
79	267
80	724
80	967
80	530
80	533
80	423
81	83
81	586
81	749
81	962
81	611
81	824
81	817
81	823
81	821
81	188
82	811
82	839
82	333
82	880
83	556
83	821
83	714
83	749
83	544
83	817
83	202
84	89
84	90
85	87
85	86
85	446
85	453
86	87
86	925
87	449
87	721
88	448
88	907
88	641
88	679
88	377
89	90
91	96
91	97
91	95
91	685
91	326
91	429
91	126
91	615
92	294
92	93
92	790
92	816
92	289
92	261
93	958
93	294
93	339
93	816
93	982
93	289
94	299
94	584
94	433
94	426
94	324
94	427
94	924
94	131
94	985
95	96
95	97
95	297
95	431
95	325
95	550
96	97
96	297
96	780
96	328
96	550
96	431
97	685
97	387
97	430
97	297
97	615
98	99
98	102
98	103
98	240
98	244
98	400
98	399
98	784
98	859
98	216
99	103
99	242
99	239
99	406
99	400
99	737
99	244
99	566
99	208
100	403
100	283
100	171
100	586
101	103
101	244
101	210
101	213
101	102
101	238
101	566
101	339
102	103
102	240
102	405
102	210
102	213
102	400
102	399
102	812
103	242
103	240
103	210
103	241
103	104
103	859
104	241
104	244
104	242
104	399
104	400
104	240
104	405
104	406
104	404
105	588
105	110
105	106
105	717
105	716
105	547
105	557
105	602
106	110
106	547
106	602
106	588
106	717
106	189
106	190
106	610
106	860
106	113
106	888
107	632
107	555
107	572
107	882
107	578
107	628
107	879
107	529
107	951
107	647
108	845
108	951
108	732
108	646
108	555
108	698
108	532
108	891
108	953
108	491
109	608
109	847
109	772
109	845
109	783
109	953
109	578
109	451
109	572
109	532
110	717
110	716
110	602
110	113
110	588
110	547
111	579
111	684
111	700
111	995
111	927
111	848
111	321
111	597
111	604
111	317
112	115
112	455
112	439
112	438
112	808
112	195
112	750
112	581
112	723
112	499
112	487
113	716
113	547
113	856
114	455
114	464
114	336
114	858
114	438
114	739
114	195
114	941
115	464
115	455
115	356
115	438
115	922
115	589
115	487
115	391
116	460
116	458
116	456
116	642
116	421
116	692
117	457
117	337
117	349
117	543
117	564
117	347
117	575
117	912
118	459
118	733
118	978
118	702
119	121
119	273
119	278
119	279
119	596
120	123
120	122
120	274
120	277
120	124
120	275
120	125
120	725
120	946
121	273
121	276
121	278
121	943
121	917
122	124
122	274
122	125
122	275
122	501
122	277
122	319
123	277
123	274
123	124
123	275
123	560
123	794
124	125
124	277
124	274
124	215
124	362
125	275
125	274
125	216
126	685
126	765
126	550
126	387
126	429
126	431
126	322
126	905
127	128
127	612
127	327
127	139
127	137
128	612
128	327
128	758
128	170
129	130
129	132
129	826
129	254
129	542
129	968
129	794
129	802
129	616
129	786
130	385
130	384
130	797
130	826
130	794
130	795
130	741
130	802
131	851
131	295
131	425
131	324
131	389
131	573
131	924
131	645
131	968
132	386
132	637
132	384
132	388
132	254
132	786
132	968
132	991
133	137
133	136
133	153
133	170
133	327
133	172
133	556
133	794
133	174
133	169
134	135
134	148
134	170
134	138
134	137
134	136
134	139
134	538
134	465
135	137
135	148
135	153
135	172
135	136
135	170
135	169
135	228
135	512
136	138
136	139
136	147
136	172
136	170
136	174
136	470
137	174
137	153
137	148
137	139
137	169
137	147
138	147
138	310
138	170
138	174
138	172
138	969
138	988
138	139
139	148
139	174
139	172
139	153
139	169
140	145
140	141
140	146
140	500
141	145
141	146
141	505
142	144
142	306
142	909
142	588
143	304
143	302
144	305
144	306
144	656
145	146
145	498
146	499
147	172
147	174
147	153
147	170
147	169
147	148
147	794
147	327
148	153
148	313
148	169
148	170
148	174
148	243
149	151
149	173
150	152
150	168
150	171
151	173
152	168
152	171
152	177
153	172
153	174
153	170
153	169
153	640
154	157
154	316
154	231
154	700
154	579
154	235
154	597
154	156
154	175
155	156
155	734
155	317
155	231
155	927
155	700
155	631
155	579
155	740
155	615
156	158
156	631
156	949
156	159
156	734
156	691
156	998
157	700
157	734
157	636
157	998
157	684
157	773
157	236
157	631
158	949
158	321
158	655
158	961
158	235
158	320
158	684
158	631
158	316
159	579
159	604
159	927
159	597
159	655
159	995
159	773
159	631
160	898
160	798
160	854
160	233
161	165
161	164
161	163
161	699
161	690
161	986
161	761
161	613
162	599
162	607
163	167
163	606
163	965
163	736
163	971
163	165
163	986
163	862
164	165
164	166
164	629
164	756
164	940
164	862
164	986
164	167
164	176
165	166
165	690
165	952
165	713
165	653
165	933
166	167
166	669
166	665
166	952
166	713
166	626
166	880
167	736
167	818
167	862
167	766
168	171
168	309
169	172
169	174
169	170
169	504
170	172
171	309
172	174
172	783
174	612
175	285
175	363
175	360
175	178
175	364
175	361
175	839
176	366
176	179
176	362
176	180
176	281
176	331
176	925
177	286
177	284
177	365
177	280
177	878
177	770
177	181
177	655
178	363
178	361
178	285
178	360
178	364
178	424
178	528
179	180
179	281
179	366
179	282
180	366
180	282
180	362
181	280
181	359
181	283
181	286
181	284
181	211
181	434
182	184
182	197
182	271
182	962
182	269
182	976
182	823
182	824
182	776
182	844
183	185
183	270
183	188
183	187
183	186
183	954
183	746
183	611
183	867
183	823
184	187
184	200
184	201
184	272
184	188
184	714
184	689
184	640
184	824
185	188
185	186
185	202
185	267
185	269
185	197
185	270
185	196
185	199
186	188
186	201
186	196
186	202
186	881
186	824
186	199
186	593
187	267
187	270
187	200
187	202
187	197
187	556
187	954
187	976
188	269
188	199
188	268
188	867
188	519
189	190
189	610
189	557
189	860
190	860
190	610
190	547
190	221
191	884
191	644
191	577
191	621
191	841
191	568
191	873
191	416
191	864
191	300
191	594
191	859
191	879
191	995
192	808
192	581
192	760
192	941
192	541
192	562
192	984
192	750
192	791
193	339
193	816
193	624
193	790
193	294
193	982
193	287
193	293
193	423
194	793
194	909
194	902
194	768
194	977
194	964
194	975
194	840
194	937
194	865
195	336
195	808
195	922
195	541
195	598
195	739
195	708
195	439
196	199
196	198
196	269
196	272
196	749
196	266
196	844
196	979
197	198
197	200
197	268
197	269
197	776
197	994
197	272
198	199
198	200
198	266
198	201
198	270
198	586
198	762
198	994
199	201
199	271
199	272
199	994
199	962
200	201
200	202
200	268
200	266
200	611
200	979
201	272
201	266
201	271
201	269
201	567
202	266
202	267
202	881
202	889
203	209
203	497
204	919
204	666
204	981
204	984
205	645
205	764
205	542
205	795
206	498
206	505
207	553
207	883
207	906
207	411
208	622
208	658
208	706
209	490
210	212
210	399
210	214
210	648
210	239
210	242
211	359
211	284
211	403
212	214
212	213
212	399
212	238
212	692
212	400
212	242
213	214
213	216
213	404
213	992
213	536
213	737
214	216
214	400
214	239
214	242
214	648
215	401
215	243
215	402
216	404
216	239
216	399
216	692
217	218
217	221
217	571
217	663
217	762
218	221
218	571
218	663
219	223
219	220
220	223
221	571
221	663
222	763
222	730
224	225
224	229
224	929
224	673
224	815
224	334
224	374
224	227
224	894
225	894
225	230
225	770
225	228
225	546
225	226
225	332
225	329
226	229
226	809
226	230
226	659
226	227
226	546
226	929
226	334
226	931
227	929
227	673
227	230
227	719
227	908
227	815
227	546
227	332
228	230
228	789
228	659
228	770
228	815
228	908
228	334
229	230
229	908
229	659
229	815
229	929
229	546
229	719
229	421
230	789
230	908
230	894
230	815
231	234
231	820
231	319
231	995
231	597
231	236
231	740
232	235
232	631
232	740
232	927
232	234
232	649
232	711
232	236
233	798
233	854
233	315
233	790
233	344
234	949
234	961
234	579
234	700
234	711
234	631
235	317
235	321
235	927
235	711
235	973
235	865
235	998
236	711
236	604
236	734
236	631
236	927
236	710
237	315
237	898
237	318
237	854
238	241
238	239
238	240
238	242
238	399
238	405
238	406
239	244
239	242
239	784
240	241
240	244
240	404
240	859
240	648
241	242
241	404
241	244
241	405
241	992
241	399
243	686
243	934
243	747
243	751
243	468
244	399
244	406
244	737
245	248
245	249
245	394
245	395
245	247
245	392
245	393
245	391
245	377
245	565
245	378
245	899
245	246
245	715
245	836
245	914
245	959
245	365
246	247
246	251
246	392
246	395
246	393
246	391
246	397
246	715
246	899
246	565
246	249
246	378
246	394
246	704
247	249
247	397
247	391
247	395
247	354
247	365
247	831
247	392
247	523
247	899
247	974
247	789
247	768
248	394
248	391
248	249
248	392
248	251
248	395
248	397
248	393
248	565
248	377
248	875
249	393
249	397
249	391
249	394
249	476
249	774
249	831
249	875
249	395
249	392
249	377
250	396
250	398
250	357
250	418
251	392
251	393
251	397
251	358
251	565
251	377
251	715
251	969
251	702
252	674
252	470
252	619
252	476
252	826
252	764
252	616
252	741
252	677
252	718
252	662
252	585
252	837
252	797
252	584
253	257
253	258
253	255
253	718
253	794
253	616
253	384
253	254
253	857
254	786
254	853
254	542
254	386
254	857
254	743
254	470
255	257
255	258
255	645
255	991
255	616
255	696
255	415
255	637
255	549
256	618
256	657
256	485
256	680
257	258
257	741
257	857
257	797
257	794
257	385
257	650
258	764
258	973
258	675
258	795
258	853
259	291
259	731
259	300
259	828
259	288
259	936
260	265
260	262
261	264
261	292
261	816
262	265
263	340
264	292
264	294
264	905
265	286
266	269
266	272
266	268
266	586
266	836
267	271
267	746
267	776
267	867
267	611
268	272
268	271
268	844
268	762
268	979
268	681
269	270
269	271
269	611
270	271
270	272
270	844
270	689
270	749
271	954
271	926
271	867
272	994
272	976
273	279
273	276
273	580
273	672
273	935
274	768
274	962
274	361
275	277
275	585
275	873
275	436
276	278
276	279
276	936
276	893
276	686
276	380
277	896
278	279
278	654
278	983
279	668
279	943
279	835
279	718
279	936
280	283
280	359
280	284
280	365
280	286
280	890
281	282
281	366
281	362
282	362
282	366
282	707
283	286
283	359
283	284
283	365
283	403
284	359
284	365
284	403
285	360
285	361
285	364
286	365
286	359
287	289
287	290
287	293
287	292
287	790
287	619
287	828
287	878
288	291
288	300
288	477
288	890
288	931
289	292
289	293
289	624
289	816
289	339
289	982
289	504
290	292
290	293
290	339
290	865
290	956
290	679
290	869
290	790
291	300
291	731
291	828
291	530
291	597
292	293
292	982
292	816
292	339
293	624
293	593
293	790
294	958
294	702
295	837
295	428
295	303
295	425
295	584
295	851
295	427
295	645
296	298
296	307
296	559
296	390
296	462
297	431
297	322
297	325
298	559
298	390
298	462
298	489
299	584
299	425
299	389
299	426
299	837
299	573
299	786
299	968
300	731
300	828
300	416
301	303
302	304
302	983
305	306
305	639
305	601
306	791
307	390
307	886
308	312
308	314
308	311
308	921
310	313
311	314
311	312
312	314
314	397
315	318
315	974
316	317
316	319
316	655
316	597
316	998
316	773
316	809
317	773
317	995
317	734
318	798
318	907
318	994
319	604
319	691
319	998
319	711
319	700
319	903
320	321
320	684
320	597
320	636
320	820
320	740
320	773
321	734
321	684
321	649
321	949
322	325
322	328
322	326
322	615
322	780
322	387
322	550
323	427
323	426
323	425
323	389
323	924
323	432
323	584
323	428
323	851
323	985
324	432
324	573
324	428
324	837
324	426
324	549
324	456
325	328
325	430
325	326
325	615
326	765
326	780
326	615
326	429
327	612
328	550
328	780
328	431
328	615
328	685
328	765
329	332
329	908
329	809
329	546
329	659
329	789
329	815
329	770
329	719
329	416
329	550
329	929
329	334
329	576
329	845
330	956
330	710
330	516
330	523
330	644
331	984
331	890
331	744
331	880
331	614
331	333
331	382
331	520
331	876
332	659
332	770
332	894
332	546
332	809
332	371
332	341
332	942
332	953
332	418
332	673
332	334
332	815
332	719
333	744
333	984
333	382
333	839
333	880
333	792
333	522
333	890
334	894
334	789
334	908
334	719
334	809
334	815
334	673
334	770
334	546
334	931
334	483
334	929
335	684
335	961
335	579
335	691
335	734
335	700
335	636
335	649
335	927
336	708
336	808
336	443
336	487
336	939
336	356
337	457
337	347
337	349
337	543
337	999
337	676
337	912
338	833
338	601
338	909
338	964
338	656
338	865
338	643
338	799
338	791
338	793
339	816
339	624
339	790
339	394
341	688
341	918
341	942
342	643
342	735
342	870
342	826
343	348
343	850
343	344
343	996
343	345
343	462
343	350
343	866
343	497
343	490
343	423
343	538
344	348
344	850
344	345
344	996
344	821
344	503
344	376
345	777
345	348
345	346
345	350
345	462
345	850
345	376
345	381
345	507
345	878
346	777
346	462
346	348
346	350
346	559
346	850
346	996
346	503
346	507
346	509
346	975
347	543
347	457
347	904
347	801
347	901
348	996
348	462
348	390
348	850
348	503
348	509
348	502
348	777
349	564
349	543
349	999
349	778
349	676
349	753
350	777
350	996
350	462
350	559
350	502
350	489
350	501
350	671
350	654
351	354
351	358
351	393
351	565
352	356
352	439
352	834
353	355
353	436
353	466
353	820
354	358
354	394
355	709
355	463
355	465
357	396
357	398
357	410
358	395
359	365
359	403
360	363
360	364
360	361
360	759
361	363
361	364
361	694
362	366
362	948
363	364
363	571
363	801
363	478
364	830
364	990
367	373
367	372
367	371
367	374
367	918
368	370
368	369
369	370
371	373
371	372
371	770
372	373
372	374
373	374
373	688
374	688
375	702
375	715
375	831
375	974
375	378
375	377
375	899
375	914
375	565
375	733
375	875
375	981
375	395
375	397
376	866
376	381
377	899
377	974
377	702
377	831
377	914
377	395
377	397
377	394
378	715
378	565
378	875
378	914
378	831
378	702
378	899
378	397
379	745
379	861
379	545
379	871
379	911
379	920
379	946
379	796
380	672
380	580
380	668
380	943
380	654
380	983
380	807
381	886
381	866
382	890
382	984
382	880
382	744
382	811
382	876
383	855
383	910
383	838
383	623
383	664
384	386
384	388
384	385
384	797
384	795
384	786
385	386
385	675
385	388
385	842
385	797
385	542
386	388
386	842
386	853
386	637
386	781
386	973
387	685
387	780
387	431
387	550
388	842
388	741
388	853
388	781
388	795
388	675
389	851
389	432
389	584
389	428
389	837
389	433
389	693
390	559
391	395
391	393
391	394
391	397
391	392
391	787
391	978
391	974
391	702
391	786
391	792
391	644
392	397
392	394
392	448
392	875
392	393
392	900
393	395
393	397
393	831
393	914
393	689
394	395
394	397
394	914
395	397
395	974
396	398
397	914
397	703
397	530
397	556
397	831
398	658
399	405
400	406
400	404
401	402
401	452
401	493
401	751
401	896
402	751
402	404
402	423
404	992
404	885
405	406
405	859
405	885
405	992
405	784
406	706
406	658
406	992
406	859
407	712
407	413
407	412
407	930
407	800
407	919
407	981
407	755
407	530
408	681
408	540
408	414
408	849
408	775
408	785
408	687
408	979
408	554
408	611
409	415
409	781
409	645
409	991
409	741
409	826
409	822
409	764
409	605
409	696
410	979
410	414
410	640
410	607
410	849
410	638
410	554
410	681
410	844
411	906
411	883
411	553
412	413
412	666
412	748
412	593
412	930
412	919
412	800
412	878
413	755
413	825
413	812
413	666
413	970
413	748
413	981
414	775
414	836
414	681
414	687
414	720
414	962
414	738
414	919
415	696
415	872
415	764
415	991
415	675
415	718
415	924
416	424
416	913
416	528
416	421
416	423
416	482
416	418
416	530
416	519
416	533
416	536
416	671
416	522
416	677
417	419
417	422
417	531
417	537
417	515
417	535
417	944
417	513
417	527
417	965
417	510
417	713
418	421
418	423
418	424
418	519
418	967
418	913
418	536
418	530
418	830
418	533
418	520
418	696
418	528
418	522
418	890
419	535
419	512
419	722
419	510
419	422
419	472
419	420
419	515
419	818
419	986
419	617
420	515
420	527
420	510
420	531
420	535
420	513
420	728
420	537
420	653
421	423
421	528
421	913
421	484
421	533
421	522
421	424
421	890
421	560
421	927
421	671
422	512
422	535
422	537
422	531
422	513
422	944
422	527
422	874
422	510
422	766
422	940
423	424
423	724
423	913
423	488
423	533
423	519
423	570
423	522
423	528
423	536
423	749
424	522
424	530
424	536
424	528
424	780
424	519
425	428
425	427
425	426
425	432
425	924
425	764
426	837
426	428
426	924
426	851
426	605
427	573
427	924
427	822
427	518
427	825
428	433
428	432
428	924
428	851
429	431
429	615
429	685
429	430
429	550
429	780
430	685
430	550
430	765
431	780
431	765
431	615
432	433
432	584
432	675
432	797
433	573
433	837
433	584
433	931
433	872
434	469
434	471
434	723
435	562
435	478
435	439
435	723
435	739
435	708
435	442
435	808
435	464
435	858
436	437
436	465
436	463
436	660
437	892
437	932
437	769
437	829
437	609
438	440
438	562
438	708
438	941
438	487
438	723
439	723
440	464
440	868
440	486
440	634
440	471
440	708
441	834
441	442
441	589
441	469
441	455
441	922
441	471
442	455
442	858
442	562
442	471
442	870
442	739
442	812
443	760
443	723
443	562
443	634
444	652
444	778
444	676
444	682
444	972
444	999
444	680
445	454
445	917
445	447
446	453
446	925
447	450
447	957
447	803
447	852
447	960
447	896
447	793
447	490
448	907
448	707
448	984
448	508
448	679
449	453
449	678
449	725
450	957
450	869
450	852
450	803
450	939
450	960
450	551
450	875
451	953
451	670
451	628
451	732
451	771
451	923
452	747
452	915
452	950
452	603
452	600
452	666
452	954
453	832
454	917
454	636
455	464
455	581
455	652
456	458
456	460
456	667
456	783
456	635
456	518
457	543
457	564
457	778
457	904
457	575
458	460
458	583
458	476
458	567
458	576
458	625
458	666
459	733
459	974
459	715
460	697
460	621
460	645
460	872
461	465
461	467
461	466
461	609
461	558
461	769
461	932
461	645
462	996
462	850
462	777
462	886
462	509
463	466
463	465
463	892
463	467
463	932
464	723
465	467
465	466
465	932
466	467
466	574
466	963
466	993
467	779
467	609
468	806
468	769
468	892
468	609
468	660
468	963
469	487
469	634
469	760
469	581
469	858
470	484
470	476
470	989
470	585
470	674
470	774
470	693
470	619
470	802
470	781
470	872
470	530
470	991
470	853
470	822
470	584
471	486
471	478
471	750
471	487
471	922
471	808
471	708
471	858
472	515
473	482
473	522
474	587
474	843
474	796
474	582
474	757
474	805
474	745
474	479
474	475
474	615
474	721
475	479
475	587
475	903
475	757
475	920
475	582
475	946
475	796
475	805
475	843
475	725
476	585
476	549
476	677
476	774
476	973
476	781
476	693
476	741
476	696
476	650
476	484
476	662
476	988
476	616
476	645
476	717
477	742
477	729
477	483
477	488
477	726
477	959
477	878
477	560
477	567
477	969
477	711
477	934
478	750
478	834
478	487
478	808
479	946
479	920
479	582
479	805
479	757
479	903
479	587
479	871
479	861
479	796
479	488
480	742
480	483
480	694
480	567
480	959
480	782
480	488
480	729
480	969
480	934
480	878
481	804
481	593
481	856
481	635
481	799
481	827
483	694
483	729
483	969
483	934
483	878
483	488
483	841
483	742
484	822
484	774
484	662
484	605
484	677
484	585
484	645
484	697
484	781
484	539
484	573
484	837
484	842
484	991
484	693
484	802
484	826
484	731
485	657
485	618
485	901
486	634
486	581
486	941
486	708
486	868
486	858
487	750
487	581
487	834
487	922
488	782
488	742
488	959
488	726
488	934
488	969
488	567
488	729
488	560
488	878
489	507
489	503
489	501
489	491
489	497
489	509
489	502
489	495
489	490
489	496
489	996
489	777
490	495
490	491
490	501
490	509
490	502
490	503
490	508
490	507
490	497
490	850
490	996
490	769
491	501
491	495
491	496
491	502
491	508
491	507
491	497
491	509
491	777
491	503
491	644
491	595
492	506
492	494
493	505
493	499
493	504
493	498
493	500
493	712
494	506
495	502
495	503
495	507
495	496
495	508
495	501
495	509
495	497
496	508
496	502
496	497
496	507
496	509
496	503
496	812
496	548
496	511
497	508
497	509
497	501
497	503
497	502
497	507
497	872
498	499
498	505
498	504
498	500
499	500
499	505
499	504
499	729
500	505
500	504
501	508
501	509
501	502
501	503
501	528
501	959
501	507
502	509
502	508
502	507
502	785
503	508
503	507
503	509
503	624
503	996
503	773
504	505
507	508
508	509
508	850
508	687
509	948
510	537
510	515
510	531
510	512
510	527
510	874
510	513
510	862
511	524
511	517
511	518
511	891
511	819
511	632
511	695
511	549
511	846
511	923
511	572
511	772
511	539
511	743
511	526
511	863
511	765
512	513
512	515
512	537
512	944
512	535
513	537
513	515
513	722
513	535
513	527
513	665
513	630
514	532
514	517
514	521
514	538
514	879
514	951
514	905
514	783
514	628
514	800
514	576
514	990
514	847
514	865
515	535
515	527
515	874
515	537
515	722
515	531
515	940
515	630
515	665
516	523
516	956
516	710
516	646
517	520
517	534
517	526
517	532
517	525
517	990
517	835
517	627
517	905
517	830
517	628
517	572
517	882
517	529
517	555
517	777
518	525
518	538
518	524
518	539
518	534
518	646
518	703
518	846
518	667
518	670
518	835
518	771
518	990
518	608
519	533
519	967
519	530
519	635
519	522
519	962
519	880
519	536
520	539
520	529
520	532
520	846
520	891
520	988
520	521
520	819
520	635
520	888
520	847
520	628
520	830
521	526
521	534
521	732
521	891
521	990
521	879
521	628
521	703
521	936
521	727
522	528
522	530
522	724
522	533
522	815
522	524
522	777
523	956
523	710
524	534
524	526
524	572
524	847
524	830
524	846
524	879
524	726
524	529
524	732
524	819
524	608
524	772
524	632
524	576
525	538
525	532
525	891
525	847
525	534
525	988
525	555
525	743
525	608
525	628
525	794
525	646
525	772
526	534
526	532
526	538
526	578
526	951
526	772
526	845
526	632
526	627
526	695
526	847
526	905
526	923
527	531
527	537
527	535
527	630
527	626
527	713
527	922
528	530
528	533
528	536
529	882
529	846
529	951
529	830
529	888
529	647
529	772
529	879
529	638
529	703
529	732
529	698
529	923
529	534
530	533
530	536
530	560
531	535
531	874
531	537
531	752
531	986
531	665
532	576
532	847
532	608
532	783
532	538
532	572
532	539
532	888
532	578
532	891
532	879
533	724
533	967
533	973
533	536
533	782
533	567
534	539
534	743
534	647
534	632
534	882
534	578
534	783
534	646
534	845
534	888
534	846
535	537
535	626
535	756
536	913
536	880
536	976
537	944
537	916
537	690
537	736
538	539
538	888
538	988
538	628
538	576
538	667
538	835
538	568
538	891
538	627
538	608
539	830
539	923
539	703
539	891
539	819
539	905
539	845
539	578
539	628
539	695
539	953
540	785
540	640
540	775
540	687
540	638
540	689
541	723
541	858
541	708
541	808
541	868
541	634
542	853
542	797
542	794
542	826
542	842
543	564
543	938
543	753
544	817
544	738
544	867
544	749
544	556
544	889
544	823
544	926
544	976
545	871
545	745
545	861
545	946
545	920
545	796
545	843
546	908
546	789
546	929
546	894
546	659
546	809
546	787
546	737
547	717
547	602
547	588
547	610
547	797
548	601
548	948
548	909
548	964
548	937
548	902
548	975
548	791
548	947
548	840
548	799
549	693
549	585
549	677
549	774
549	619
549	662
549	650
549	674
549	968
549	795
549	842
549	802
549	794
549	694
549	605
549	973
550	615
550	685
550	765
550	681
550	830
550	845
550	884
550	970
550	909
550	780
550	649
550	812
551	869
551	939
551	960
551	803
551	852
552	897
552	752
552	617
552	606
552	690
552	933
552	736
552	630
552	563
552	665
552	997
552	986
552	626
552	699
552	713
552	916
553	883
553	906
554	836
554	775
554	687
554	720
554	785
554	979
554	640
554	638
554	681
554	849
554	749
554	867
554	568
554	881
555	703
555	647
555	627
555	846
555	891
555	888
555	578
555	772
555	905
555	628
555	615
555	879
555	732
555	576
555	667
556	817
556	762
556	746
556	749
556	824
556	962
556	994
556	776
556	611
556	881
556	586
556	823
556	821
556	867
556	738
556	577
556	687
556	926
556	775
557	610
557	860
558	892
558	769
558	609
558	829
558	651
558	935
558	928
560	782
560	959
560	694
560	742
560	729
560	726
560	878
560	934
560	706
561	966
561	705
561	997
561	810
561	563
561	613
561	788
561	620
561	664
561	626
561	653
561	606
561	916
561	665
562	922
562	723
562	858
562	739
562	941
562	834
562	598
562	634
563	788
563	664
563	620
563	966
563	971
563	699
563	669
563	986
563	606
563	629
563	940
563	756
564	999
564	778
564	676
564	652
565	715
565	914
565	974
565	831
565	875
565	978
565	873
566	622
566	859
566	737
566	992
566	706
566	692
566	885
566	800
567	726
567	878
567	969
567	729
567	782
567	694
567	742
567	959
567	951
568	644
568	841
568	594
568	873
568	787
568	621
568	864
568	884
568	698
568	577
568	824
569	928
569	829
569	963
569	892
569	660
569	806
569	709
569	760
570	754
570	900
570	887
571	663
572	888
572	628
572	576
572	819
572	891
572	578
572	667
572	846
572	615
572	803
572	670
572	627
572	632
573	924
573	851
573	584
573	837
573	968
573	794
573	616
573	781
573	989
573	687
573	650
573	783
573	637
573	774
573	795
574	609
574	769
574	779
574	829
574	932
574	928
574	806
574	935
574	709
575	987
575	877
575	652
575	753
575	999
575	676
575	682
575	901
575	680
575	801
576	695
576	819
576	990
576	732
576	905
576	879
576	847
576	647
576	632
576	846
576	703
576	771
576	923
576	830
576	646
576	891
576	835
576	619
577	787
577	873
577	594
577	644
577	884
577	841
577	951
577	662
577	902
578	830
578	990
578	891
578	882
578	951
578	847
578	646
578	647
578	819
578	698
578	907
578	670
579	711
579	684
579	998
579	814
579	961
579	927
579	636
579	773
579	700
579	597
579	734
579	604
579	929
580	943
580	654
580	983
580	893
580	936
580	668
580	780
580	584
580	596
581	760
581	723
582	843
582	946
582	920
582	903
582	595
582	683
582	871
582	805
582	757
582	734
583	909
583	768
583	902
583	625
583	661
583	799
583	977
583	833
583	865
583	937
583	656
583	964
583	948
583	615
583	975
584	837
584	924
584	616
584	802
584	826
584	605
584	718
584	781
584	619
584	645
584	637
584	749
585	674
585	774
585	605
585	662
585	677
585	741
585	973
585	764
585	637
585	786
585	802
585	968
585	697
585	795
586	714
586	954
586	746
586	823
586	844
586	817
586	762
586	994
586	881
586	824
586	775
586	962
586	785
587	843
587	595
587	946
587	903
587	805
587	796
587	920
588	717
588	716
588	610
588	602
589	598
589	704
589	739
590	633
590	980
591	767
591	921
592	788
592	705
592	620
592	997
592	664
592	966
592	971
592	728
592	952
592	862
592	940
592	965
593	804
593	856
593	997
594	787
594	884
594	931
594	841
594	812
594	864
594	804
594	644
594	727
595	757
595	946
595	805
595	796
595	920
595	683
595	903
595	678
596	759
596	813
596	672
597	734
597	636
597	998
597	945
597	740
597	773
597	820
597	927
597	691
598	704
598	808
599	607
600	915
600	701
600	603
600	950
600	727
600	747
600	848
601	937
601	975
601	865
601	799
601	840
601	964
601	947
601	793
601	625
601	656
601	833
601	611
602	717
602	716
603	915
603	950
603	872
603	701
603	727
604	949
604	649
604	961
604	655
604	927
604	814
604	631
604	691
604	636
604	711
604	995
604	848
604	998
604	820
605	693
605	650
605	674
605	662
605	857
605	795
605	696
605	865
605	968
605	741
605	797
605	774
605	685
605	822
605	786
606	761
606	653
606	699
606	728
606	630
606	669
606	620
606	629
606	756
606	910
606	933
606	617
606	965
606	665
606	766
606	818
608	847
608	882
608	743
608	703
608	863
608	732
608	771
608	695
608	670
608	726
608	845
608	951
608	891
608	698
608	646
608	846
609	829
609	769
609	935
609	806
609	928
609	651
610	860
611	962
611	867
611	994
611	954
611	976
611	821
611	746
611	844
611	881
611	689
611	714
611	749
611	776
611	638
611	823
611	893
611	640
611	889
612	758
613	997
613	620
613	810
613	617
613	986
613	940
613	669
613	788
613	916
613	862
614	890
614	880
614	792
614	744
614	984
614	852
615	765
615	685
615	780
615	697
616	968
616	696
616	991
616	741
616	802
616	697
616	973
616	677
616	718
616	853
616	794
617	653
617	713
617	952
617	630
617	940
617	971
617	756
617	986
617	736
617	626
617	788
617	965
617	997
617	665
617	690
617	966
617	669
618	657
618	676
619	662
619	677
619	693
619	650
619	822
619	989
619	857
619	718
619	991
619	641
619	701
619	924
620	788
620	705
620	728
620	629
620	761
620	818
620	713
620	952
621	864
621	884
621	637
621	873
621	841
621	787
621	931
622	648
622	706
622	859
622	692
622	658
622	784
622	885
622	699
623	855
623	838
623	910
623	761
624	816
624	982
624	790
624	800
624	825
625	840
625	656
625	909
625	964
625	768
625	799
625	947
625	833
625	975
625	902
625	976
625	793
625	977
626	752
626	653
626	897
626	665
626	728
626	713
626	952
626	630
626	788
626	966
626	664
626	736
626	916
626	933
626	862
626	756
627	632
627	953
627	923
627	771
627	830
627	863
627	743
627	937
627	879
627	847
627	695
628	830
628	863
628	695
628	988
628	783
628	953
628	951
628	648
629	713
629	818
629	761
629	752
629	952
629	699
629	940
629	916
629	933
629	997
629	766
629	966
629	669
629	965
629	665
629	653
629	971
630	940
630	699
630	766
630	690
630	897
630	761
630	966
630	752
630	669
630	933
630	965
630	971
630	665
630	756
630	952
631	820
631	691
631	649
631	773
631	636
631	949
631	655
631	814
631	848
631	945
631	684
631	998
631	961
631	700
632	951
632	647
632	732
632	771
632	835
632	846
632	879
632	924
632	783
632	847
632	703
633	980
634	868
634	708
634	834
634	941
635	827
635	804
635	780
636	655
636	700
636	649
636	820
636	945
636	814
636	848
636	949
636	691
636	961
636	684
636	773
636	740
636	727
636	686
636	744
637	794
637	675
637	797
637	826
637	795
637	786
637	696
637	781
637	842
637	857
637	693
637	764
637	802
637	729
637	924
637	774
638	775
638	979
638	720
638	681
638	687
638	849
638	640
638	689
638	746
638	776
638	962
638	714
638	954
638	844
638	981
639	833
639	799
639	840
639	975
639	661
639	964
639	947
639	977
639	988
639	909
639	768
640	720
640	785
640	979
640	681
640	849
640	775
640	714
640	712
640	749
640	954
640	976
640	824
640	924
640	823
641	679
641	707
641	907
641	847
642	812
642	748
642	919
642	671
642	666
642	800
642	712
642	770
642	825
642	990
642	731
643	870
643	735
644	787
644	864
644	884
644	782
644	931
644	873
644	795
644	776
645	764
645	968
645	696
645	741
645	781
645	795
645	718
645	802
645	674
645	826
645	677
645	991
645	662
645	822
645	675
645	851
645	646
645	650
645	768
646	743
646	703
646	845
646	698
646	661
646	948
646	846
646	695
646	882
646	891
646	990
647	695
647	847
647	743
647	698
647	771
647	990
647	732
647	835
647	819
647	863
648	658
648	692
648	992
648	859
648	706
648	737
648	885
648	670
649	945
649	949
649	691
649	700
649	814
649	684
649	927
649	711
649	655
650	794
650	795
650	853
650	802
650	675
650	662
650	697
650	851
650	764
650	674
650	741
650	837
650	904
651	932
651	963
651	892
651	769
651	660
651	806
651	928
652	912
652	676
652	877
652	901
652	682
652	987
652	904
652	999
652	680
652	938
652	753
652	657
653	971
653	690
653	986
653	818
653	752
653	952
653	788
653	669
653	933
653	665
653	862
653	761
653	699
653	810
653	916
653	897
654	983
654	936
654	668
654	943
655	691
655	700
655	848
655	945
655	734
655	740
655	711
655	773
655	820
655	814
655	927
655	684
656	865
656	661
656	799
656	975
656	793
656	947
656	768
656	977
656	791
656	670
656	840
656	948
658	992
658	706
658	859
658	885
658	784
659	789
659	719
659	673
659	770
659	815
659	894
659	809
659	908
659	942
660	963
660	932
660	928
661	791
661	948
661	977
661	964
661	833
661	902
661	975
661	768
661	840
661	909
662	693
662	822
662	675
662	826
662	674
662	909
662	872
662	786
662	973
662	975
663	808
664	705
664	966
664	728
664	756
664	971
664	752
664	916
664	690
665	756
665	690
665	971
665	940
665	728
665	952
665	736
665	862
665	766
665	933
665	713
665	810
665	916
666	981
666	930
666	919
666	825
666	970
666	755
666	791
667	905
667	819
667	771
667	732
667	951
667	882
667	878
667	743
667	698
667	670
667	703
668	936
668	893
668	672
668	983
668	943
669	818
669	897
669	965
669	971
669	986
669	690
669	752
669	940
670	830
670	863
670	879
670	845
670	703
670	888
670	754
670	804
670	953
670	771
670	783
671	919
671	755
671	812
671	800
671	930
671	981
671	970
671	748
672	893
672	936
672	983
673	719
673	894
673	809
673	815
673	789
673	908
673	929
673	770
673	947
674	989
674	764
674	718
674	822
674	677
674	857
674	696
674	675
674	973
674	924
674	840
674	795
674	774
675	794
675	696
675	853
675	795
675	697
675	786
675	842
675	741
675	718
675	857
675	973
675	693
675	872
675	764
676	901
676	778
676	938
676	877
676	682
676	801
676	680
676	987
676	904
677	774
677	693
677	822
677	837
677	718
677	991
677	781
677	850
677	973
677	845
677	968
678	721
678	725
678	925
678	832
678	920
678	829
679	707
679	909
680	972
680	938
680	901
680	904
680	877
680	987
680	801
680	999
681	979
681	687
681	836
681	785
681	849
681	962
681	881
681	823
681	824
681	954
681	821
681	926
682	778
682	753
682	999
682	987
682	801
682	938
683	861
683	871
683	911
683	745
683	802
684	927
684	995
684	820
684	961
684	734
684	949
684	691
684	998
684	787
685	780
685	765
685	797
685	865
686	751
686	946
687	720
687	979
687	775
687	836
687	849
687	954
687	881
687	844
687	994
688	942
688	918
689	994
689	889
689	762
689	867
689	881
689	776
689	926
689	836
689	954
689	934
689	962
689	844
689	976
689	720
690	933
690	736
690	897
690	752
690	766
690	788
690	952
690	966
690	862
690	986
690	997
690	916
690	713
691	734
691	848
691	820
691	814
691	927
691	700
691	949
692	706
692	885
692	859
692	737
692	784
692	827
692	992
693	822
693	795
693	857
693	741
693	797
693	968
693	939
693	826
694	878
694	742
694	782
694	726
694	969
694	934
695	845
695	990
695	888
695	988
695	783
695	771
695	891
695	830
695	863
695	732
695	934
696	781
696	741
696	802
696	718
696	991
696	764
696	697
696	774
696	797
696	989
696	857
696	837
696	794
696	968
696	924
697	968
697	857
697	853
697	837
697	872
697	822
697	781
697	864
698	743
698	830
698	988
698	783
698	732
698	835
698	905
698	953
698	888
699	736
699	761
699	810
699	940
699	952
699	971
699	965
699	818
699	897
699	862
699	752
700	998
700	945
700	820
700	773
700	949
700	711
700	995
700	848
700	814
701	950
701	727
701	747
701	915
702	831
702	899
702	715
702	974
702	914
702	875
702	970
703	772
703	845
703	990
703	863
703	953
703	846
704	834
704	760
705	966
705	788
705	997
705	916
705	756
705	818
705	736
705	728
705	713
706	859
706	737
706	784
706	885
706	992
707	907
707	836
708	723
708	941
708	750
708	868
709	928
709	932
709	892
709	829
709	963
709	769
709	779
709	806
710	956
711	773
711	740
711	945
711	961
711	814
711	734
711	995
712	919
712	930
712	812
712	748
712	981
712	934
713	940
713	986
713	897
713	752
713	766
713	818
713	756
713	855
713	997
713	933
714	844
714	889
714	823
714	994
714	881
714	746
714	976
714	954
714	824
714	821
714	785
714	836
714	979
715	914
715	875
715	974
715	831
715	899
715	737
716	717
716	860
717	903
718	781
718	764
718	802
718	786
718	842
718	797
718	851
718	774
718	837
719	894
719	929
719	770
719	789
719	908
719	835
720	979
720	775
720	849
720	836
720	785
720	926
720	976
720	823
720	840
721	832
721	725
721	925
722	944
722	874
723	858
723	739
723	922
723	760
723	868
724	967
725	925
725	832
725	946
726	742
726	959
726	729
726	782
726	878
726	969
726	786
726	934
727	747
727	915
728	952
728	752
728	940
728	986
728	933
728	766
728	756
728	916
728	761
728	736
728	897
728	765
729	959
729	969
729	782
729	742
729	934
729	878
729	828
729	800
730	763
731	828
732	951
732	905
732	830
732	882
732	919
732	835
733	978
734	995
734	740
734	949
734	773
734	998
735	870
735	902
736	965
736	862
736	752
736	940
736	766
736	971
736	818
737	992
737	784
737	859
738	776
738	889
738	976
738	844
738	962
738	994
738	881
738	762
738	867
738	926
738	746
738	821
738	775
739	941
739	834
739	858
739	922
739	808
740	848
740	949
740	961
740	995
740	927
740	907
741	857
741	991
741	872
741	794
741	764
741	786
741	826
741	968
741	802
742	934
742	959
742	969
742	929
742	780
743	772
743	964
743	847
743	845
743	819
743	891
743	783
743	846
743	988
744	792
744	880
744	984
744	839
744	864
744	884
745	861
745	871
745	911
746	867
746	762
746	994
746	823
746	962
746	844
746	824
746	926
746	817
746	776
746	836
746	881
746	896
746	979
746	785
747	950
747	880
747	905
748	800
748	812
748	981
748	919
748	970
749	867
749	881
749	824
749	817
749	762
749	889
749	926
749	976
749	962
749	823
749	776
750	868
750	858
750	922
751	824
751	987
752	940
752	897
752	952
752	916
752	933
752	756
752	761
753	778
753	877
753	801
753	987
753	912
753	784
754	887
754	900
755	812
755	800
755	765
755	968
755	869
756	940
756	862
756	916
756	818
756	766
756	810
756	933
756	856
757	843
757	805
757	903
757	861
757	946
757	920
757	796
757	925
759	813
759	807
759	983
760	808
760	922
760	868
760	858
760	834
760	941
761	916
761	971
761	940
761	766
761	933
761	986
761	838
761	855
762	926
762	844
762	823
762	976
762	776
762	962
762	849
762	979
762	824
762	775
762	889
762	817
762	994
764	857
764	795
764	794
764	781
764	774
764	872
764	786
764	973
764	842
764	780
765	979
765	780
766	916
766	986
766	971
766	952
766	788
766	810
766	940
766	827
767	921
768	977
768	865
768	947
768	902
768	793
768	964
768	909
768	948
768	840
768	937
769	935
769	779
769	932
769	829
769	955
769	928
770	908
770	809
770	789
770	929
770	894
770	923
771	988
771	847
771	888
771	990
771	882
771	998
772	905
772	819
772	951
772	847
772	845
772	891
772	923
772	863
772	783
773	927
773	848
773	945
773	820
773	995
773	814
773	998
774	989
774	822
774	857
774	842
774	991
774	795
774	973
775	836
775	849
775	979
775	844
775	954
775	926
775	817
776	889
776	994
776	926
776	881
776	821
776	867
776	976
776	817
776	823
776	787
776	836
776	915
776	785
777	996
777	850
777	824
778	901
778	972
778	801
778	877
778	987
778	999
778	912
778	898
779	829
779	892
779	932
779	806
779	963
780	924
781	857
781	968
781	973
781	802
781	794
781	872
781	822
781	787
781	991
781	943
782	878
782	969
782	934
782	959
783	846
783	905
783	988
783	847
783	951
783	923
783	891
784	859
784	992
785	836
785	823
785	954
785	817
786	842
786	794
786	826
786	924
786	853
786	973
787	884
787	931
787	873
787	972
788	810
788	997
788	862
789	908
789	894
789	809
789	815
789	884
789	857
790	982
790	816
791	977
791	833
791	975
791	937
791	799
791	840
791	865
791	902
791	909
792	890
792	880
792	984
792	793
793	833
793	975
793	840
793	909
793	865
793	964
793	937
793	948
793	851
793	947
794	797
794	853
794	795
794	973
794	989
794	837
794	924
794	991
795	991
795	857
795	968
795	802
795	797
795	989
795	822
795	837
796	843
796	903
796	805
796	920
796	946
796	832
797	853
797	842
797	968
797	991
797	872
797	857
797	846
797	837
797	973
798	854
798	898
799	977
799	948
799	964
799	865
799	840
799	833
799	975
799	947
799	937
799	902
799	892
800	812
800	970
800	919
800	890
800	825
801	987
801	904
801	999
801	938
801	912
801	901
802	973
802	991
802	968
802	842
802	853
802	857
802	826
802	880
802	989
803	960
803	957
803	852
803	896
803	939
803	992
804	856
804	844
805	843
805	903
805	920
806	963
806	892
807	895
807	893
808	858
808	868
809	929
809	908
809	882
810	986
810	952
810	862
810	965
810	916
810	897
811	880
811	876
812	981
812	930
812	970
812	919
812	926
813	895
813	983
814	949
814	820
814	995
814	998
814	848
814	947
814	882
815	908
815	929
815	894
815	975
815	828
816	982
817	954
817	926
817	824
817	976
817	821
817	823
817	844
817	919
817	881
818	916
818	897
818	862
818	952
818	940
819	905
819	830
819	845
819	846
819	990
819	835
819	953
819	891
820	945
820	998
820	949
820	995
820	961
821	867
821	844
821	824
821	954
821	962
821	926
821	976
821	994
821	849
822	989
822	973
822	842
822	826
822	872
822	991
823	976
823	867
823	926
823	824
823	994
823	979
823	991
824	994
824	844
824	962
824	867
824	954
824	836
825	981
825	919
825	841
825	897
826	842
826	857
826	991
826	853
827	856
827	954
829	963
829	935
829	892
830	888
830	923
830	882
830	988
830	951
831	974
831	875
831	899
831	914
832	925
832	946
832	970
833	909
833	975
833	865
833	902
833	882
833	926
833	977
833	937
834	941
834	922
834	868
834	858
835	990
835	882
835	951
835	905
835	953
835	879
835	847
836	849
836	881
836	844
836	954
837	851
837	878
837	973
838	910
839	876
840	937
840	865
840	964
840	902
840	947
840	982
840	975
840	909
841	931
841	864
841	981
842	853
842	872
842	991
842	989
842	924
843	920
843	946
844	976
844	889
844	881
844	954
844	962
844	849
845	990
845	863
845	888
845	882
845	923
845	982
845	988
846	988
846	923
846	878
846	905
847	988
847	953
847	990
848	961
848	998
848	995
848	949
849	979
849	867
849	926
850	996
851	924
851	989
851	857
852	960
852	969
852	896
852	939
853	857
853	989
853	872
854	898
854	988
855	910
857	924
857	887
857	872
859	992
859	885
861	911
861	871
862	916
862	933
862	897
862	965
862	986
863	891
863	905
863	988
864	884
864	873
864	931
865	975
865	977
865	909
865	947
865	902
865	937
866	886
867	889
867	954
867	976
867	979
867	994
868	898
869	957
869	896
869	960
871	911
872	968
872	991
873	931
873	884
875	914
875	899
875	974
875	896
876	984
877	987
877	901
877	904
877	972
877	912
878	909
878	959
879	988
879	953
879	923
879	959
880	890
880	984
881	954
881	994
881	976
881	962
881	979
882	888
882	905
882	969
883	906
884	931
884	975
885	992
887	900
888	953
888	951
889	994
889	954
889	962
889	926
889	923
890	984
891	951
891	990
893	943
893	983
894	908
894	929
895	936
895	943
896	939
896	957
897	965
897	971
897	952
897	940
897	933
899	974
899	914
901	987
901	938
901	912
901	972
901	999
902	975
902	909
902	948
902	937
902	964
902	947
902	977
903	920
903	946
904	972
904	987
904	912
904	938
904	999
905	988
905	923
905	951
908	929
909	975
909	948
909	977
909	947
911	946
911	925
912	999
914	974
915	950
916	986
916	971
916	952
916	966
916	933
918	942
919	970
922	941
923	951
923	990
924	968
924	989
926	976
927	995
927	961
927	945
927	936
927	950
928	955
930	992
932	935
933	940
933	965
933	971
934	959
935	963
936	983
936	943
937	964
937	977
937	947
938	972
938	987
938	999
939	960
939	957
940	965
940	952
940	966
940	986
940	971
943	983
945	995
945	998
947	977
948	964
948	975
949	998
951	990
951	953
952	965
952	971
952	986
953	990
954	976
954	994
955	993
957	960
961	995
962	976
964	977
964	975
965	986
966	997
966	986
968	989
970	981
971	986
972	999
973	991
975	977
976	994
979	994
987	999
989	991
995	998
