0	937
0	2
0	670
0	827
0	809
0	803
0	725
0	714
0	778
0	858
0	984
0	825
1	715
1	620
1	871
1	906
1	618
1	180
2	670
2	803
2	725
2	937
2	714
2	984
3	872
3	738
3	783
3	609
3	667
3	646
3	510
3	964
3	708
3	622
4	964
4	613
4	846
4	639
4	656
4	997
4	699
4	738
4	982
4	835
5	606
5	38
5	40
5	39
6	954
6	852
6	624
6	703
6	171
7	13
7	9
7	120
7	10
7	459
7	560
7	471
7	443
7	465
7	267
8	124
8	11
8	119
8	62
9	13
9	10
9	120
9	465
9	566
9	559
9	879
10	13
10	120
10	559
10	465
10	560
10	556
10	450
10	443
10	207
10	471
11	125
11	124
11	119
11	765
12	463
12	462
12	454
12	368
12	436
12	268
13	120
13	559
13	443
13	450
13	993
13	556
14	15
14	19
14	107
15	19
16	20
16	17
16	958
17	20
17	18
17	969
18	20
18	520
18	979
20	743
21	26
21	25
22	27
22	63
22	65
22	69
23	24
23	67
23	68
24	67
24	311
25	26
27	65
27	63
28	147
28	166
29	30
29	152
29	153
29	33
29	32
29	161
29	167
29	594
29	586
29	582
30	150
30	32
30	33
30	161
30	31
30	575
30	602
30	603
30	164
31	33
31	151
31	152
31	32
31	225
31	598
31	573
31	161
32	150
32	148
32	33
32	574
32	393
32	594
32	597
33	152
33	151
33	148
33	153
33	167
33	161
34	149
34	568
34	599
34	315
35	41
35	36
35	37
35	953
35	408
36	37
36	41
36	867
36	728
36	953
37	41
37	287
37	867
37	873
37	288
38	39
38	40
38	416
38	674
39	40
39	417
40	674
40	606
41	867
41	873
41	728
41	756
42	46
42	44
43	48
43	45
43	47
43	107
44	46
45	47
45	48
45	106
47	48
47	107
48	106
49	55
49	467
49	51
49	464
49	52
49	54
49	460
49	469
49	53
49	915
50	458
50	155
51	469
51	52
51	467
51	464
51	55
51	54
51	53
51	460
51	414
51	231
52	469
52	467
52	53
52	464
52	55
52	54
52	460
52	236
53	55
53	54
53	469
53	460
53	464
54	55
54	467
54	460
54	464
54	469
55	464
55	469
55	467
55	415
56	60
56	62
56	337
56	59
56	61
56	58
56	57
56	176
57	59
57	261
57	60
57	62
57	61
57	973
57	58
57	91
58	60
58	59
58	607
58	62
58	61
58	734
59	76
59	230
59	61
59	982
59	60
59	181
59	62
60	62
60	61
60	792
61	76
61	62
62	721
63	69
63	65
63	66
63	292
64	68
64	67
64	415
65	66
65	69
65	516
66	69
67	68
70	74
70	73
70	76
70	863
70	151
70	810
70	799
70	75
70	72
70	216
71	72
71	73
71	76
71	74
71	75
71	231
71	492
71	189
72	74
72	312
72	73
72	648
72	75
72	76
72	799
73	76
73	131
73	772
73	75
73	74
74	181
74	75
74	76
74	908
74	920
74	235
75	94
75	809
76	257
77	83
77	81
77	78
77	503
77	488
77	496
77	80
77	494
77	495
77	502
78	80
78	81
78	83
78	491
78	493
78	495
78	498
78	488
78	246
78	503
79	82
79	216
79	489
79	789
80	83
80	81
80	496
80	502
80	494
80	503
80	488
80	214
80	498
80	826
81	503
81	210
81	491
81	493
81	495
81	496
81	83
81	502
81	498
81	494
82	489
82	216
82	660
83	498
83	502
83	488
83	494
83	491
83	496
83	723
83	426
84	89
84	87
85	86
85	88
85	126
86	90
86	88
86	619
87	89
88	90
88	666
90	670
91	94
91	95
91	93
92	97
92	96
93	94
93	95
93	129
94	95
95	568
96	97
97	270
98	104
98	100
98	102
98	220
98	223
98	103
98	217
98	221
98	660
98	219
99	220
99	222
99	217
99	223
99	104
99	102
99	218
99	100
99	221
99	103
100	222
100	102
100	101
100	218
100	104
100	223
100	220
100	447
101	103
101	104
101	221
101	222
101	220
101	219
101	223
101	102
102	222
102	104
102	220
102	218
102	221
102	103
103	223
103	217
103	218
103	222
103	220
104	220
104	222
104	219
104	223
104	365
105	111
105	106
105	107
105	110
105	108
105	813
105	358
105	109
105	818
106	109
106	110
106	107
106	111
106	310
106	108
107	109
107	111
107	108
107	110
107	926
108	110
108	109
108	111
108	946
108	707
109	110
109	111
109	691
109	122
109	855
109	919
110	111
110	331
110	282
110	798
111	448
111	915
111	372
112	116
112	117
113	114
113	115
113	118
113	370
114	118
114	115
114	767
115	118
115	373
116	117
116	208
118	504
119	124
119	125
119	236
120	471
120	459
120	362
121	123
121	122
121	158
121	457
121	470
121	693
121	366
122	123
122	470
122	461
122	457
122	183
123	461
123	470
123	922
124	125
124	800
126	128
126	816
126	614
126	663
126	785
126	129
126	765
126	616
126	132
126	888
126	810
126	638
126	479
127	625
127	911
127	838
127	626
127	404
127	528
127	403
127	525
127	934
127	948
127	131
127	399
127	699
127	742
127	939
127	706
127	700
128	129
128	616
128	132
128	505
128	638
128	888
128	785
128	632
128	810
128	765
128	925
128	795
129	888
129	616
129	810
129	632
129	505
129	663
129	765
129	144
129	614
130	836
130	824
130	881
130	687
130	509
130	744
130	896
131	706
131	818
131	626
131	808
131	742
131	939
131	402
131	540
131	399
131	531
131	264
131	957
131	911
131	350
131	934
132	505
132	765
132	663
132	785
132	614
132	810
132	816
132	638
132	795
133	134
133	136
133	137
133	395
133	615
133	691
133	195
133	135
133	245
133	830
134	139
134	136
134	389
134	137
134	768
134	250
134	392
134	856
134	615
135	138
135	139
135	391
135	392
135	611
135	136
135	393
135	660
135	344
136	396
136	390
136	138
136	389
136	139
136	833
136	768
137	138
137	394
137	392
137	396
137	660
137	772
137	918
137	473
138	396
138	391
138	897
138	390
138	658
138	830
138	180
139	396
139	388
139	630
139	918
139	661
139	611
139	830
140	146
140	142
140	143
140	144
140	145
140	789
140	199
140	141
140	342
141	142
141	144
141	146
141	143
141	991
141	145
141	439
141	635
141	955
142	146
142	144
142	143
142	145
142	775
142	962
142	996
142	460
143	144
143	145
143	893
143	146
143	904
143	864
144	145
144	146
144	374
144	702
144	753
145	146
145	176
145	851
145	746
145	863
146	196
146	904
146	509
146	694
147	166
148	152
148	151
148	153
148	164
148	161
148	162
148	584
148	579
149	599
149	568
150	151
150	152
150	165
150	600
150	161
150	573
150	910
150	603
151	161
151	567
151	592
151	574
151	535
152	153
152	162
152	586
152	576
152	165
153	576
153	578
153	598
153	161
153	330
153	575
154	564
154	565
154	217
155	458
156	555
156	159
156	544
156	557
156	548
156	157
156	982
156	679
156	794
156	872
156	807
156	839
157	159
157	555
157	544
157	553
157	557
157	550
157	673
157	874
157	708
157	807
157	783
158	461
158	782
158	457
158	633
159	555
159	561
159	550
159	553
159	548
159	557
159	982
159	646
159	508
159	510
160	549
160	558
160	434
161	164
161	167
162	164
162	165
162	163
162	167
162	602
162	179
162	578
162	498
163	164
163	597
163	601
163	165
163	600
163	167
163	567
163	706
163	569
164	167
164	165
164	233
164	588
164	575
165	167
165	573
165	570
165	598
165	584
167	594
167	571
167	574
168	173
168	169
168	172
168	188
168	186
168	764
169	172
169	173
169	277
169	278
169	279
169	183
169	682
169	188
170	171
170	280
170	885
170	425
171	281
171	696
171	852
172	174
172	274
172	185
172	183
172	276
173	279
173	174
173	278
173	188
173	986
173	705
173	852
174	279
174	274
174	182
174	327
175	177
175	180
175	179
175	176
175	491
175	178
175	181
176	179
176	177
176	181
176	178
176	180
177	179
177	178
177	704
177	180
177	914
177	238
178	180
178	181
178	757
178	179
179	181
179	949
179	513
179	275
180	231
180	181
180	227
181	475
182	183
182	274
182	776
182	671
182	886
182	887
182	710
183	186
183	184
183	187
183	276
183	185
183	713
184	186
184	188
184	185
184	278
184	192
185	188
185	187
185	277
185	764
185	731
185	971
186	187
186	188
186	279
187	188
187	278
187	279
187	277
188	277
188	769
188	801
189	195
189	190
189	194
189	191
189	192
189	864
189	481
190	192
190	307
190	226
190	194
190	191
190	195
190	872
190	897
191	193
191	192
191	194
191	807
191	195
191	917
192	193
192	195
192	332
192	755
192	656
193	195
193	959
193	194
193	757
193	480
194	195
194	808
194	962
194	256
195	316
195	926
196	739
196	981
196	200
196	904
196	514
196	202
196	716
196	851
196	694
197	198
197	200
197	201
197	929
197	991
197	981
197	202
197	775
197	784
197	904
198	199
198	201
198	202
198	739
198	981
198	996
198	200
198	514
198	904
199	202
199	200
199	981
199	935
199	991
199	929
199	201
199	775
200	201
200	202
200	739
200	702
200	980
200	929
201	996
201	935
201	904
201	739
201	514
201	694
202	981
202	929
202	851
202	702
202	991
203	206
203	208
203	205
203	204
203	207
203	758
203	209
204	208
204	209
204	515
204	205
204	842
204	207
204	206
204	254
205	206
205	207
205	209
205	686
205	758
205	208
206	209
206	686
206	983
206	208
206	207
206	454
207	208
207	209
208	983
208	209
209	983
210	214
210	215
210	493
211	213
211	212
211	428
212	213
214	495
214	498
215	498
215	495
215	503
216	489
217	223
217	219
217	221
217	222
217	218
217	447
217	829
218	220
218	223
218	219
218	221
218	642
219	220
219	223
219	222
219	221
219	468
220	222
221	222
221	223
224	228
224	230
224	261
224	260
224	264
224	227
224	262
224	229
224	263
224	225
225	230
225	228
225	260
225	262
225	226
225	227
225	264
225	263
226	261
226	228
226	260
226	230
226	616
226	262
226	259
227	230
227	260
227	262
227	229
227	265
227	656
227	264
228	265
228	229
228	260
228	259
228	263
228	261
228	939
229	259
229	263
229	264
229	722
229	308
229	260
229	647
230	265
230	259
230	332
230	262
230	261
231	233
231	235
231	237
231	236
231	232
232	233
232	237
232	234
232	235
232	236
232	813
233	235
233	234
233	237
233	236
233	452
233	847
234	236
234	235
234	966
234	237
234	544
234	709
235	237
235	236
236	237
236	872
237	802
237	560
238	240
238	244
238	239
238	387
238	381
238	384
238	241
238	379
238	386
238	243
238	849
239	243
239	379
239	240
239	381
239	341
239	244
239	384
239	385
239	241
239	386
239	380
239	832
240	241
240	381
240	379
240	342
240	380
240	385
240	386
240	244
241	243
241	385
241	380
241	338
241	386
241	676
241	381
241	384
242	382
242	383
242	339
243	244
243	386
243	379
243	380
243	385
243	381
243	384
243	387
243	291
244	384
244	379
244	385
244	386
244	381
244	387
244	774
244	380
245	246
245	250
245	485
246	250
246	248
247	722
247	895
247	421
248	250
248	870
248	764
249	251
249	938
251	779
252	255
252	258
252	254
252	257
252	256
252	253
253	256
253	254
253	255
253	258
253	257
253	591
253	998
254	258
254	256
254	255
254	691
255	257
255	258
255	256
255	581
256	258
257	258
257	773
258	696
259	265
259	261
259	264
259	262
259	260
259	263
260	263
260	264
260	265
261	263
261	262
261	265
261	487
262	265
262	263
262	264
263	265
263	824
264	265
264	371
265	479
266	443
266	450
266	267
266	375
266	511
267	366
267	362
267	430
267	559
267	511
268	271
268	367
268	368
268	454
268	463
268	462
268	436
269	456
269	455
269	437
269	439
270	365
270	364
270	445
270	988
270	643
271	454
271	516
271	368
271	367
271	462
271	545
272	450
272	366
272	430
272	443
272	556
272	459
272	895
273	369
273	453
273	449
273	440
273	434
273	446
274	278
274	277
274	645
274	938
274	710
275	280
275	954
276	279
276	277
276	278
276	923
276	713
276	986
276	804
276	732
277	279
277	278
278	279
278	853
279	408
279	815
280	281
280	921
281	954
282	284
282	866
282	700
282	771
282	286
282	627
283	674
284	286
284	700
284	771
284	866
284	566
285	289
285	749
286	866
286	700
286	766
286	495
287	288
287	409
287	728
288	408
288	728
289	749
290	711
290	729
290	899
290	697
291	294
291	292
291	850
292	294
292	850
293	296
293	295
293	297
293	781
294	850
294	380
295	296
295	297
295	319
296	297
296	382
297	891
298	299
298	302
299	302
299	420
300	303
300	304
300	820
301	303
301	820
301	305
301	304
303	304
303	305
304	305
305	367
305	972
306	311
306	310
306	312
306	308
306	307
306	679
306	313
306	720
307	309
307	312
307	311
307	310
307	630
308	312
308	311
308	309
308	742
308	724
308	649
309	310
309	313
309	862
309	911
309	811
309	370
310	312
310	788
310	311
311	318
311	313
311	332
312	313
312	891
313	912
314	320
314	317
314	318
314	321
314	920
314	746
314	951
314	907
314	910
314	319
315	316
315	915
315	831
315	757
315	813
315	936
315	864
315	668
315	607
316	607
316	762
316	668
316	915
316	936
316	876
316	813
316	831
317	318
317	319
317	321
317	959
317	644
317	910
317	920
317	652
318	320
318	910
318	319
318	321
318	870
318	649
318	750
319	320
319	321
319	724
319	754
319	959
319	951
320	321
320	951
320	910
320	644
320	920
320	750
321	724
321	644
321	610
321	959
322	325
322	324
322	326
322	329
322	327
322	941
322	328
322	323
322	751
322	520
323	327
323	329
323	326
323	328
323	325
323	990
324	329
324	328
324	327
324	634
324	900
325	327
325	328
325	326
325	329
325	757
326	329
326	327
326	894
327	329
327	328
327	990
327	562
328	329
328	797
328	894
329	843
329	854
330	333
330	331
330	334
330	336
330	337
330	371
330	840
331	333
331	337
331	334
331	332
331	754
331	838
331	336
332	337
332	334
332	818
332	335
333	337
333	336
333	334
333	335
334	335
334	340
334	336
334	508
335	336
335	337
335	646
338	342
338	341
338	384
338	850
339	382
339	383
339	741
340	345
340	343
340	344
340	708
341	342
341	379
343	345
343	344
343	918
344	345
346	350
346	352
346	348
346	626
347	351
347	349
347	353
347	650
348	350
348	352
348	540
349	351
349	353
349	841
350	352
351	353
351	774
353	774
354	359
354	357
354	355
354	358
354	371
355	357
355	358
355	359
355	374
356	360
356	361
357	359
357	358
357	669
358	359
359	370
360	361
360	739
362	366
362	450
362	547
363	452
363	513
363	912
363	448
364	447
364	445
364	952
364	642
365	636
365	642
365	791
366	450
366	443
367	516
368	454
369	449
369	446
369	440
369	558
369	434
370	376
370	375
370	373
370	371
370	372
370	374
371	373
371	377
371	376
371	374
371	378
371	372
372	375
372	377
372	378
372	376
373	378
373	376
373	377
373	504
373	948
374	375
374	378
374	376
374	377
374	687
374	762
375	377
375	376
376	378
376	611
376	845
377	771
377	378
377	770
377	958
378	834
378	717
379	381
379	385
379	386
379	387
379	676
380	387
380	381
380	384
380	385
380	386
380	777
381	384
381	387
381	385
381	386
381	650
382	383
383	724
384	387
384	386
385	387
385	386
385	841
385	849
386	777
386	650
387	680
388	392
388	390
388	393
388	391
388	891
388	661
388	611
388	788
389	390
389	393
389	394
389	833
389	772
389	660
389	891
389	768
390	395
390	393
390	394
390	772
390	615
390	891
391	392
391	395
391	661
391	772
391	918
391	611
391	792
392	396
392	393
392	394
392	395
392	897
393	395
393	396
393	658
393	833
394	772
394	788
394	611
394	891
394	918
394	833
395	396
395	833
395	658
395	897
395	918
396	691
396	615
396	611
397	405
397	399
397	543
397	403
397	542
397	537
397	540
397	939
397	742
397	796
398	402
398	529
398	406
398	530
398	539
398	399
398	934
398	524
398	527
398	808
399	540
399	530
399	403
399	529
399	706
399	934
400	401
400	688
400	536
400	407
401	688
401	407
401	536
401	830
402	535
402	541
402	540
402	530
402	538
402	626
402	526
402	406
403	406
403	404
403	530
403	532
403	525
403	742
403	625
404	535
404	531
404	526
404	541
404	532
404	527
404	911
404	934
405	528
405	537
405	533
405	532
405	406
405	535
405	742
405	838
406	526
406	533
406	534
406	528
406	524
406	626
407	536
407	688
408	409
409	698
410	413
410	412
411	415
411	418
411	414
411	457
412	413
414	418
415	418
416	417
417	674
418	469
419	420
419	422
420	422
421	423
421	427
421	428
422	473
423	427
423	428
423	909
424	425
424	499
424	497
424	490
424	670
425	499
425	497
425	490
426	429
426	492
426	501
426	500
427	428
427	617
428	909
429	492
429	500
429	501
429	739
430	450
430	443
430	465
431	441
431	438
431	985
431	689
432	433
432	442
433	442
434	440
434	549
434	446
435	438
435	441
435	985
435	631
436	454
436	462
436	463
437	439
437	456
437	455
437	478
438	441
438	689
439	456
440	449
440	453
440	558
440	926
441	631
443	450
443	559
443	459
443	843
444	522
444	956
444	975
444	620
445	447
445	636
445	988
446	449
446	453
446	549
446	558
447	952
448	452
448	513
449	549
449	558
450	511
450	459
451	522
451	871
451	975
452	713
453	549
454	516
455	456
455	637
455	896
457	461
457	470
459	471
459	465
460	469
460	464
460	467
461	470
461	837
462	516
462	463
463	740
464	469
464	467
465	471
465	556
465	547
466	468
466	566
467	469
468	562
468	545
468	552
471	560
471	556
472	475
472	481
472	479
472	483
472	639
472	941
473	480
473	477
473	485
473	476
473	486
473	482
473	478
473	474
473	668
474	484
474	478
474	480
474	477
474	486
474	476
474	485
474	910
474	915
475	481
475	483
475	487
475	531
475	767
476	486
476	482
476	480
476	477
476	485
476	484
477	480
477	486
477	485
477	482
477	478
477	484
478	486
478	484
478	480
478	485
478	825
479	487
479	481
479	483
479	964
480	485
480	482
480	486
480	484
481	487
481	483
481	655
482	485
482	486
482	484
483	487
483	771
484	485
484	486
485	486
486	505
487	627
488	496
488	493
488	495
488	498
488	491
488	502
488	494
489	499
490	499
490	497
490	864
491	498
491	495
491	494
491	493
491	496
491	503
492	500
492	501
493	498
493	502
493	494
493	495
493	496
494	503
494	496
494	495
494	498
494	502
494	893
495	502
495	498
495	496
495	690
496	502
496	503
497	499
497	795
498	502
498	503
500	501
500	950
501	628
502	503
503	722
504	933
504	928
504	922
504	754
505	638
505	816
505	614
505	785
505	810
505	888
505	765
505	720
505	632
506	921
506	741
506	624
506	678
506	512
507	510
507	508
507	675
507	846
507	908
507	823
507	704
507	667
507	828
507	653
507	608
507	673
507	640
507	517
507	699
507	723
507	863
508	946
508	973
508	872
508	908
508	889
508	846
508	835
508	964
508	807
508	748
508	738
508	550
508	646
508	832
508	708
509	755
509	836
509	726
509	881
509	806
509	896
509	932
509	970
510	517
510	738
510	863
510	814
510	832
510	823
510	946
510	982
510	640
510	639
510	619
510	746
510	653
510	919
510	646
510	656
512	921
512	901
512	992
512	741
514	851
514	739
514	991
514	929
514	904
514	935
514	996
514	789
515	842
515	686
515	983
515	758
517	946
517	639
517	898
517	656
517	874
517	783
517	673
517	807
517	653
517	555
517	832
517	748
517	862
517	814
517	679
517	613
518	520
518	797
518	845
518	941
518	947
518	793
518	865
518	990
518	979
518	969
518	878
518	900
518	634
518	854
518	751
518	944
519	804
519	923
519	731
519	882
519	887
519	523
519	712
519	986
519	826
519	681
519	890
519	705
519	764
519	971
519	713
520	969
520	900
520	751
520	797
520	865
520	944
520	743
520	817
520	793
520	894
520	958
520	629
520	979
520	845
521	885
521	696
521	678
521	852
521	992
521	921
522	715
522	975
523	800
523	886
523	713
523	705
523	707
523	710
523	760
523	712
523	986
523	682
523	764
523	769
523	776
524	543
524	542
524	527
524	535
524	533
524	528
524	534
524	948
525	531
525	537
525	526
525	527
525	529
525	818
525	948
525	934
526	542
526	534
526	541
526	529
526	625
526	533
527	529
527	539
527	528
527	742
527	541
527	531
528	539
528	533
528	706
528	911
528	626
529	533
529	539
529	542
529	543
529	535
530	543
530	532
530	808
530	542
530	540
530	818
531	541
531	532
531	533
531	538
531	706
532	541
532	537
532	818
532	706
533	539
533	543
533	534
534	539
534	543
534	948
534	934
534	625
534	537
535	541
535	537
535	543
535	538
536	688
536	899
537	543
537	541
537	538
537	625
538	539
538	542
538	838
538	948
538	742
538	808
539	540
539	541
539	818
540	541
540	542
540	543
540	939
542	626
542	808
543	625
544	557
544	548
544	630
544	889
544	553
544	908
544	699
544	814
544	704
545	566
545	562
546	551
546	563
546	554
546	662
547	559
547	560
547	556
548	550
548	555
548	561
548	553
548	557
548	667
548	823
548	608
548	673
549	558
550	553
550	561
550	555
550	612
550	839
550	946
550	973
550	704
551	554
551	563
551	756
552	562
552	566
553	561
553	557
553	704
553	898
553	633
553	646
553	675
554	563
554	672
555	561
555	557
555	748
555	862
555	619
556	560
556	559
557	561
557	807
557	622
557	832
557	908
558	866
559	560
561	835
561	612
561	708
561	919
561	828
561	619
562	566
563	756
564	565
566	620
567	570
567	580
567	588
567	571
567	592
567	600
567	595
567	590
568	599
569	573
569	580
569	577
569	578
569	602
569	603
569	598
569	585
569	600
570	575
570	589
570	594
570	595
570	582
570	588
570	583
570	592
571	575
571	582
571	586
571	577
571	572
571	580
571	601
571	590
572	584
572	585
572	576
572	593
572	600
572	580
572	589
572	574
572	583
573	579
573	602
573	595
573	580
573	576
573	593
574	582
574	600
574	593
574	594
574	588
574	602
575	597
575	603
575	585
575	583
575	598
576	584
576	590
576	583
576	587
576	598
576	586
577	584
577	601
577	593
577	598
577	602
577	580
577	583
577	597
578	586
578	587
578	601
578	598
578	600
578	588
578	592
579	588
579	592
579	602
579	580
579	585
579	600
579	583
579	603
580	597
580	603
580	589
581	596
582	588
582	597
582	594
582	590
582	586
582	587
583	595
583	598
583	584
583	848
584	603
584	592
584	587
584	597
585	602
585	595
585	589
585	594
585	603
585	590
586	587
586	593
586	597
586	589
587	601
587	592
587	590
587	595
587	588
588	589
588	601
589	594
589	600
589	592
589	590
590	593
590	595
590	597
591	596
592	601
592	603
593	594
593	595
593	603
593	602
594	601
595	601
595	602
597	600
598	601
604	848
604	917
604	620
604	715
604	975
605	735
605	927
605	677
605	664
605	792
605	957
605	811
605	729
605	767
607	876
607	864
607	831
607	762
607	936
608	612
608	946
608	823
608	997
608	708
608	675
608	846
608	794
609	646
609	704
609	783
609	874
609	862
609	832
609	639
609	679
609	839
609	807
610	920
610	870
610	951
610	652
610	724
610	666
610	787
610	959
610	644
610	649
610	723
611	856
611	615
611	772
611	897
611	648
611	891
611	630
611	691
611	860
611	661
611	833
612	639
612	908
612	823
612	640
612	839
612	653
612	673
612	814
612	919
612	646
612	738
612	667
613	699
613	863
613	738
613	679
613	862
613	946
613	898
613	646
613	823
613	748
613	807
613	708
613	622
613	982
614	765
614	638
614	795
614	632
614	816
614	785
614	663
615	856
615	897
615	658
615	768
615	630
615	660
615	974
615	648
615	833
616	816
616	765
616	795
616	810
616	888
616	638
617	895
617	657
617	695
617	723
617	961
617	943
617	977
617	722
617	912
617	930
617	913
617	869
617	802
617	965
617	909
617	637
618	848
618	917
618	620
618	715
618	956
618	759
618	875
618	914
619	814
619	846
619	982
619	862
619	964
619	946
619	832
619	738
619	646
619	898
619	633
619	839
619	865
620	875
620	715
620	753
620	914
620	871
620	848
620	956
620	759
620	906
620	975
621	967
621	890
621	815
621	800
621	826
621	804
621	731
621	853
621	986
621	710
621	764
621	882
621	857
621	707
621	734
621	681
621	998
621	712
621	776
622	839
622	653
622	964
622	667
622	699
622	898
622	862
622	640
622	919
622	738
622	673
622	828
622	946
622	704
622	816
622	832
622	997
622	807
622	874
622	794
622	889
622	973
623	717
623	822
623	701
623	960
623	978
623	665
623	719
624	852
624	703
624	921
624	885
624	741
625	808
625	706
625	742
625	818
625	838
625	911
625	939
625	948
626	838
626	818
626	939
626	934
626	706
626	948
626	883
626	742
626	808
627	847
627	782
627	766
627	966
627	834
627	635
627	889
627	934
627	697
628	796
628	819
628	693
629	990
629	900
629	743
629	751
629	969
629	843
629	878
629	793
629	947
629	763
629	845
629	958
629	894
630	768
630	648
630	658
630	691
630	897
630	772
630	918
630	856
630	833
630	974
630	891
631	689
631	820
631	985
631	972
631	669
632	785
632	810
632	765
632	888
632	663
632	795
633	653
633	823
633	748
633	828
633	699
633	708
633	863
633	835
633	794
633	667
633	673
634	865
634	958
634	878
634	979
634	797
634	990
634	941
634	763
634	751
634	969
634	817
634	894
634	793
635	966
635	770
635	834
635	766
635	995
635	782
635	832
635	847
636	988
636	952
636	643
637	723
637	965
637	860
637	943
637	912
637	781
637	909
637	695
637	895
637	869
637	913
637	876
638	795
638	785
638	810
638	663
638	765
638	666
639	828
639	832
639	708
639	964
639	839
639	823
639	946
639	846
639	640
639	738
639	862
639	675
639	874
639	908
639	807
640	846
640	656
640	814
640	699
640	919
640	889
640	653
640	832
640	704
640	679
640	675
641	683
641	933
641	963
641	928
641	840
642	952
642	988
642	643
643	988
643	952
644	870
644	907
644	910
644	746
644	750
644	652
644	787
645	710
645	887
645	734
645	779
645	671
645	967
645	886
645	998
645	769
645	800
645	882
645	877
646	748
646	862
646	807
646	823
646	738
646	946
646	783
646	653
646	679
646	740
646	969
647	703
647	678
647	696
647	885
647	954
648	830
648	660
648	918
648	768
648	974
648	661
648	788
648	897
648	755
648	772
648	948
649	754
649	652
649	724
649	666
649	750
649	870
649	907
650	849
650	676
650	777
650	841
651	924
651	950
651	861
651	844
651	685
651	916
651	955
652	907
652	666
652	709
652	750
652	951
652	754
652	724
652	910
652	692
652	787
652	746
653	889
653	846
653	704
653	872
653	982
653	863
653	946
653	794
653	997
653	656
653	708
653	862
653	667
653	832
653	783
654	892
654	780
655	806
655	755
655	824
655	744
655	808
656	973
656	675
656	889
656	919
656	832
656	964
656	708
656	898
656	748
656	862
656	863
656	794
656	846
656	699
656	823
657	723
657	965
657	695
657	869
657	909
657	943
657	855
657	722
657	802
657	860
657	930
657	913
658	772
658	833
658	918
658	768
658	830
658	856
658	691
658	897
659	719
659	880
659	717
659	684
659	822
659	978
659	773
659	960
659	665
660	691
660	830
660	891
660	974
660	788
660	661
660	897
660	738
661	974
661	691
661	788
661	855
661	891
662	672
662	942
662	837
662	821
662	902
663	785
663	795
663	816
663	810
663	989
664	730
664	735
664	729
664	721
664	957
664	711
664	792
664	767
665	701
665	880
665	993
665	978
665	859
666	907
666	724
666	920
666	870
666	750
666	709
667	862
667	675
667	699
667	946
667	846
667	982
667	814
667	832
667	909
668	757
668	936
668	876
668	915
668	926
668	813
669	972
669	820
669	985
669	689
670	825
670	827
670	778
670	803
670	858
671	779
671	710
671	776
671	923
671	890
671	712
671	731
671	886
671	882
671	938
671	800
671	903
671	826
672	902
672	756
672	837
672	942
672	821
673	846
673	675
673	828
673	946
673	814
673	874
673	748
673	783
673	973
673	699
675	832
675	835
675	748
675	839
675	919
675	807
675	828
675	982
675	872
675	946
675	794
676	841
676	777
676	849
676	774
677	805
677	735
677	927
677	957
677	899
677	752
677	767
677	931
678	885
678	954
678	901
678	741
679	862
679	823
679	973
679	874
679	982
679	704
679	814
679	794
679	828
679	946
679	898
679	997
679	699
679	863
680	949
680	798
680	905
681	938
681	967
681	764
681	853
681	760
681	707
681	769
681	857
681	705
681	826
681	986
681	877
681	879
682	804
682	779
682	887
682	903
682	882
682	707
682	857
682	971
683	933
683	840
683	883
683	928
683	922
683	963
684	773
684	880
684	790
684	960
684	786
684	993
684	822
685	861
685	924
685	950
685	745
685	916
685	844
685	727
686	842
686	758
687	755
687	726
687	970
687	932
687	836
687	806
687	881
687	896
687	706
687	916
689	985
689	820
689	972
690	987
690	976
690	812
690	733
690	761
691	918
691	772
691	788
691	833
691	897
691	830
691	856
691	925
692	959
692	754
692	907
692	920
692	910
692	870
692	951
693	819
693	791
694	893
694	980
694	716
694	775
694	784
694	851
695	895
695	781
695	869
695	965
695	913
695	909
695	961
695	912
695	855
695	860
695	723
695	806
695	722
696	703
696	954
696	852
696	992
696	885
697	899
697	792
697	767
697	729
697	931
697	811
697	721
697	957
697	752
697	805
698	953
698	867
698	873
698	728
698	912
699	964
699	908
699	748
699	738
699	863
699	835
699	823
699	783
699	794
699	874
699	846
700	771
700	866
700	912
701	786
701	790
701	719
701	960
701	859
701	978
701	717
701	880
702	775
702	893
702	716
702	980
702	935
702	991
703	852
704	982
704	898
704	807
704	823
704	828
704	919
704	889
704	862
704	832
704	997
704	846
704	708
704	908
704	964
705	967
705	712
705	713
705	998
705	890
705	986
705	760
705	801
705	776
706	939
706	742
706	838
706	911
706	948
706	934
706	808
706	957
707	815
707	712
707	776
707	853
707	877
707	734
707	971
707	760
707	779
707	804
708	997
708	794
708	846
708	835
708	832
708	908
708	738
708	863
708	748
709	750
709	959
709	754
709	724
709	920
709	746
709	907
709	787
710	923
710	731
710	903
710	779
710	967
710	887
710	853
710	801
710	886
710	764
710	734
710	760
710	826
711	767
711	899
711	811
711	721
711	729
711	931
711	957
711	730
711	927
711	805
711	792
712	886
712	998
712	760
712	971
712	826
712	800
712	779
712	734
712	713
712	804
712	938
712	853
712	967
712	857
713	826
713	903
713	923
713	857
713	734
713	887
713	986
713	938
713	776
713	801
714	825
714	858
714	803
714	984
714	778
715	917
715	759
715	848
715	999
715	975
715	956
716	789
716	893
716	980
716	996
716	784
716	840
717	786
717	773
717	719
718	884
718	733
718	945
718	976
718	761
718	987
718	955
718	924
719	773
719	859
719	978
719	960
719	822
719	786
719	790
720	829
720	727
720	740
720	799
720	745
721	729
721	957
721	792
721	811
721	931
721	805
721	730
721	927
721	962
721	767
721	813
722	869
722	855
722	943
722	909
722	930
722	860
722	723
722	977
722	895
722	802
722	912
722	965
723	869
723	912
723	965
723	930
723	802
723	860
723	913
723	977
723	855
723	817
724	746
724	959
724	787
724	951
724	750
725	825
725	778
725	809
725	937
725	858
726	881
726	744
726	836
726	896
726	762
726	824
726	932
726	738
727	989
727	740
727	799
728	867
728	873
729	957
729	792
729	811
729	931
729	899
729	767
729	752
730	805
730	752
730	957
730	931
730	811
730	735
731	887
731	804
731	923
731	734
731	815
731	776
731	971
731	886
731	953
731	801
732	979
732	990
732	947
732	843
732	894
732	944
732	969
732	763
732	793
733	761
733	987
733	976
733	945
733	812
733	884
733	955
734	887
734	882
734	776
734	923
734	903
734	779
734	971
734	815
734	800
734	877
734	857
734	967
735	752
735	805
735	767
735	811
735	927
736	940
736	968
736	868
737	994
737	747
738	872
738	889
738	973
738	898
738	814
738	964
738	997
738	919
739	935
739	981
739	991
739	929
740	799
740	829
740	989
741	992
741	901
742	838
742	939
742	948
742	808
742	818
742	902
742	977
743	817
743	751
743	797
743	854
743	947
743	979
743	793
743	900
743	763
743	958
743	894
743	944
744	755
744	836
744	932
744	896
744	824
744	881
744	806
744	970
744	751
745	950
745	844
745	916
745	924
746	787
746	870
746	951
746	907
746	750
746	796
747	994
748	874
748	982
748	862
748	919
748	807
748	846
748	973
748	898
748	946
748	908
748	872
748	783
750	870
750	910
750	754
750	959
750	951
750	787
751	843
751	944
751	865
751	990
751	958
751	900
751	845
751	793
751	797
751	817
751	969
751	854
752	805
752	792
752	811
752	931
753	906
753	975
753	999
753	917
753	914
753	956
754	910
754	920
754	951
755	824
755	932
755	970
755	881
755	931
755	870
755	896
755	836
755	806
756	902
756	821
756	767
757	926
757	831
757	813
757	876
757	795
757	864
757	915
758	842
759	871
759	956
759	906
759	875
759	975
759	914
759	999
759	827
760	967
760	986
760	971
760	769
760	800
760	903
760	804
760	882
760	815
760	879
760	938
760	886
761	955
761	884
761	812
761	976
761	762
761	987
762	926
762	864
762	936
762	831
762	876
762	813
763	843
763	845
763	900
763	941
763	944
763	990
763	854
763	979
763	793
763	947
764	879
764	776
764	971
764	815
764	779
764	804
764	853
764	938
765	816
765	785
765	795
766	925
766	770
766	962
766	782
766	995
766	966
767	792
767	811
767	899
767	931
767	805
767	957
767	946
768	830
768	788
768	897
768	974
768	918
769	971
769	879
769	886
769	887
770	782
770	995
770	962
770	925
770	869
770	847
771	866
772	891
772	788
772	856
773	993
773	960
773	978
773	786
773	822
773	790
774	841
774	777
774	849
775	980
775	784
775	789
775	929
776	887
776	923
776	886
776	971
776	967
776	801
776	890
776	877
777	841
777	849
778	827
778	825
778	803
779	887
779	938
779	886
779	800
779	882
779	914
780	892
781	860
781	913
781	909
781	855
781	961
781	895
781	912
781	930
781	943
781	802
781	869
781	965
782	925
782	995
782	962
782	834
782	847
783	863
783	982
783	814
783	964
783	889
783	973
783	794
783	839
783	946
784	893
784	980
784	981
784	789
784	851
785	810
785	888
785	892
785	795
785	816
786	978
786	880
786	859
786	822
786	960
786	790
787	870
787	907
787	951
787	910
787	920
788	833
788	856
788	830
788	918
788	974
788	931
788	897
789	935
789	893
789	868
790	993
790	880
790	960
790	859
790	978
791	819
791	796
792	957
792	811
792	931
792	899
792	927
793	865
793	969
793	797
793	894
793	854
793	979
793	947
794	835
794	823
794	863
794	832
794	997
794	973
794	872
794	846
794	908
795	816
795	810
795	888
796	819
797	979
797	958
797	944
797	969
797	843
797	900
797	854
797	845
797	941
798	905
798	949
799	829
799	989
800	826
800	815
800	967
800	801
800	986
800	890
801	853
801	857
801	998
802	977
802	855
802	895
802	909
802	869
802	961
802	912
803	937
803	825
803	809
803	858
804	882
804	971
804	890
805	927
806	836
806	896
806	932
806	881
806	922
807	828
807	832
807	872
807	835
807	997
807	862
808	934
808	838
808	939
808	818
808	911
808	948
809	858
809	827
809	825
809	984
810	888
810	943
811	957
811	899
811	931
811	927
812	955
812	945
812	987
813	915
813	926
814	919
814	973
814	889
814	997
814	839
814	846
814	823
814	964
814	863
815	877
815	882
815	938
815	986
816	888
817	990
817	865
817	944
817	941
817	979
817	854
817	958
817	843
818	948
818	939
818	838
818	864
818	918
818	934
820	985
820	972
821	942
821	902
821	837
822	859
822	978
822	993
823	874
823	839
823	832
823	964
823	862
823	835
823	919
823	872
824	970
824	896
824	932
824	881
825	827
825	984
826	886
826	986
826	998
827	984
827	858
828	919
828	839
828	997
828	835
828	889
828	898
828	874
828	973
828	982
828	872
829	989
830	974
831	936
831	864
831	926
831	915
831	876
832	889
832	872
832	898
832	835
832	997
833	856
833	918
833	897
834	995
834	925
834	962
834	847
835	946
835	982
835	874
836	932
836	970
836	896
837	902
837	942
837	838
838	911
838	939
838	934
839	846
839	964
839	872
839	908
839	946
839	874
840	928
840	933
840	942
841	849
842	983
843	900
843	845
843	894
843	941
843	990
843	878
843	958
843	947
843	854
844	916
844	950
844	861
844	884
845	958
845	878
845	894
845	947
845	941
845	900
845	944
845	990
846	872
846	982
846	898
846	964
847	962
847	966
847	995
848	875
848	956
848	906
848	999
848	914
848	917
851	996
851	929
851	981
851	935
851	991
852	954
852	992
852	901
852	885
853	903
853	967
853	886
853	879
853	998
854	941
854	944
854	990
854	969
854	900
854	958
854	894
854	865
854	979
855	943
855	930
855	912
855	965
856	891
856	918
856	897
857	986
857	890
857	887
857	886
857	877
858	937
858	984
859	993
859	960
860	943
860	909
860	965
860	930
860	913
860	869
860	961
860	977
860	895
861	916
861	950
861	924
861	945
861	884
862	874
862	982
862	908
863	919
863	964
863	997
863	908
864	936
864	915
864	876
865	878
865	990
865	941
865	900
865	894
865	947
867	953
868	968
868	940
869	909
869	961
869	913
869	943
870	910
870	959
870	907
871	875
871	917
871	906
871	956
871	975
872	874
872	908
872	997
872	964
872	898
872	902
873	953
874	946
874	973
875	906
875	956
875	999
875	914
876	936
877	971
877	938
877	887
878	894
878	979
878	958
879	971
879	998
879	890
879	903
879	986
880	960
880	993
881	896
881	970
882	923
882	890
883	922
883	928
883	933
884	945
884	987
884	976
884	950
885	901
885	954
886	938
886	967
887	903
887	986
887	967
887	888
888	959
889	973
889	919
889	997
889	908
890	998
890	923
891	918
891	897
891	974
893	980
894	941
894	947
894	990
894	900
894	979
894	958
894	944
894	969
895	965
895	977
895	961
895	930
895	912
895	919
896	932
897	974
897	918
898	982
898	964
898	997
898	908
898	973
899	957
899	931
900	941
900	969
900	979
900	944
901	921
901	992
901	954
902	942
903	938
903	986
903	923
903	967
903	971
904	991
904	996
904	935
904	980
905	949
905	934
906	917
906	914
906	999
906	975
906	956
907	920
907	959
908	919
909	912
909	965
909	930
909	913
909	943
910	959
910	951
910	920
911	934
911	939
912	930
912	943
912	977
912	913
913	977
913	930
913	965
913	961
914	956
914	999
914	975
915	926
915	936
916	924
916	950
917	999
917	975
918	948
918	966
919	964
919	997
920	959
921	992
922	928
922	963
922	933
923	967
923	938
923	971
923	986
924	950
924	945
925	966
925	995
928	963
928	933
929	996
929	935
929	980
930	965
930	937
932	970
933	963
934	939
934	948
935	981
935	996
937	984
938	967
939	948
940	968
943	965
943	977
944	969
944	979
945	987
946	973
946	964
946	982
947	990
947	958
948	964
951	959
954	992
955	987
955	976
956	999
956	975
958	969
958	990
960	993
962	995
964	997
965	977
966	995
967	986
967	971
969	979
969	990
971	998
972	985
976	987
978	993
979	990
981	996
981	991
982	997
991	996
