0	768
0	951
0	706
0	762
0	791
0	955
1	951
1	705
1	795
1	965
1	906
1	791
1	762
1	162
1	727
1	939
2	942
2	982
2	836
2	766
2	894
3	747
3	865
3	830
3	95
3	994
4	773
4	778
4	786
4	784
4	870
4	453
4	866
5	825
5	739
5	952
5	778
5	928
5	833
6	882
6	825
6	848
6	964
6	811
6	739
6	969
7	8
7	9
7	12
7	13
8	13
8	9
8	10
9	18
10	221
10	429
11	236
12	97
12	13
13	691
13	355
13	629
14	16
14	554
15	20
15	179
15	29
17	931
18	20
18	216
18	290
18	355
18	810
19	247
20	753
20	408
21	261
21	259
21	263
21	869
22	23
22	264
22	25
22	27
22	260
22	26
22	24
23	25
23	27
23	265
23	26
23	260
24	26
24	27
24	265
24	420
24	260
25	27
25	260
26	27
26	260
26	916
27	264
27	260
27	488
28	29
28	50
28	51
28	845
28	850
28	799
29	50
29	33
29	822
30	944
30	876
31	32
31	718
31	889
31	108
32	49
32	99
32	708
33	55
33	846
33	904
33	749
33	993
34	50
34	758
34	962
34	389
34	756
35	37
35	39
35	150
36	41
36	40
37	39
37	38
38	39
40	41
42	45
42	266
42	273
43	46
43	44
43	158
43	268
43	159
44	48
44	160
45	48
45	271
45	269
45	75
46	48
46	47
46	159
47	155
47	157
47	271
47	592
48	271
49	52
49	54
49	854
49	889
49	951
50	51
50	896
50	813
50	895
51	885
51	165
52	221
53	54
53	718
53	963
53	905
53	803
54	946
54	762
55	901
55	767
55	937
55	845
55	469
56	57
56	60
56	878
56	740
56	872
56	757
56	809
57	740
57	809
57	859
57	976
57	765
57	878
58	59
58	892
58	726
58	945
59	726
59	892
59	736
60	61
60	984
60	761
60	802
60	881
61	872
61	983
61	956
61	169
62	764
62	859
62	815
63	67
63	498
63	68
63	66
63	503
63	496
63	501
63	64
64	69
64	493
64	66
65	67
65	496
65	502
65	796
66	489
66	491
66	503
66	499
66	502
67	68
67	303
69	485
69	503
70	72
70	71
70	75
70	476
71	73
72	74
73	75
73	653
73	76
74	76
74	782
75	248
75	692
77	82
77	79
77	256
77	245
78	80
78	252
78	79
78	326
79	80
79	256
79	254
79	252
80	252
80	257
80	83
80	484
81	254
81	257
82	257
83	258
84	85
84	87
84	547
84	528
84	538
84	532
84	90
85	88
85	89
85	533
85	546
85	537
86	87
86	549
86	538
86	529
87	90
87	88
87	547
87	344
88	540
88	548
88	530
88	536
89	90
89	546
89	532
89	539
90	542
90	527
91	94
91	752
92	97
92	94
92	96
92	358
93	606
94	95
95	96
95	317
95	97
95	163
96	315
96	364
97	696
97	491
98	100
98	102
98	103
98	949
98	988
98	989
98	550
98	905
99	104
99	792
99	935
99	998
100	101
100	104
100	103
100	906
100	951
100	965
100	209
101	103
101	104
101	774
101	792
101	720
101	469
102	104
102	844
102	975
102	921
103	968
103	431
103	708
103	792
103	889
104	854
104	855
104	717
104	905
105	109
105	110
106	108
106	111
106	107
106	762
107	108
107	207
107	111
108	111
109	110
111	985
112	113
112	115
112	432
112	117
112	287
113	116
113	118
113	433
113	428
113	438
113	434
113	117
114	118
114	431
114	435
114	860
115	116
115	117
115	435
115	439
115	433
116	117
116	431
116	118
117	433
117	430
117	432
118	434
118	433
118	917
119	125
119	124
119	415
119	122
119	407
119	187
119	400
119	197
119	131
119	196
120	125
120	399
120	403
120	398
120	394
120	188
120	415
120	405
120	123
120	185
121	404
121	122
121	124
121	399
121	125
121	188
121	407
121	405
121	412
121	403
122	123
122	400
122	399
122	407
122	124
122	185
122	125
122	129
123	403
123	400
123	405
123	415
123	404
123	399
123	407
123	199
124	399
124	403
124	394
124	125
124	409
124	407
124	188
125	397
125	394
125	403
125	400
125	198
126	132
126	197
126	198
126	129
126	440
127	132
127	128
127	201
127	200
127	187
127	410
127	199
128	200
128	130
128	131
128	406
129	131
129	198
129	196
130	131
130	200
130	202
130	398
130	132
130	188
132	199
132	201
132	202
133	134
133	137
133	172
133	807
134	135
134	168
135	136
135	182
135	183
135	171
136	139
136	170
136	184
136	172
137	138
137	401
137	183
138	139
138	168
139	413
140	142
140	588
140	612
140	145
140	421
141	142
141	146
141	630
141	604
141	143
141	635
142	146
142	618
142	616
142	637
142	772
143	145
143	144
143	608
143	638
143	622
143	589
144	595
144	588
144	618
144	637
145	146
145	639
145	596
145	269
145	589
146	634
146	614
146	635
146	605
146	191
147	153
147	151
147	148
147	150
147	467
147	720
148	150
148	149
148	426
148	153
149	151
149	150
149	153
150	151
150	152
150	153
151	152
151	153
151	702
152	153
154	158
154	156
154	267
154	160
154	272
155	158
155	271
155	267
155	268
155	156
155	160
156	159
156	266
156	267
156	273
156	158
156	160
156	269
156	247
157	267
157	158
157	272
157	268
158	159
158	272
158	273
158	270
158	266
159	270
159	272
159	160
159	268
159	791
160	267
160	268
160	270
161	167
161	970
162	167
162	164
162	165
164	165
164	166
164	195
164	822
164	395
166	167
167	432
168	172
168	414
169	396
169	395
169	186
170	183
170	184
170	401
171	174
171	173
171	411
172	414
172	413
173	174
173	395
173	411
173	888
174	186
174	411
175	177
175	176
176	177
178	179
178	181
178	180
179	181
179	180
180	181
181	278
182	184
182	183
182	414
182	413
182	401
183	184
183	401
183	413
183	414
183	289
184	414
184	401
184	413
185	187
185	407
185	397
185	406
185	402
185	409
185	224
186	408
186	396
186	411
187	188
187	412
187	406
187	402
187	405
187	400
187	895
188	405
188	410
188	398
188	397
188	399
189	194
189	190
189	191
190	191
190	194
190	541
191	194
192	193
192	195
193	248
194	519
196	200
196	199
196	405
196	409
196	640
197	200
197	202
197	199
197	400
197	406
197	402
198	200
198	199
198	706
199	202
199	292
199	933
200	202
200	201
200	427
201	202
201	405
201	415
201	935
202	403
203	208
203	207
203	919
204	207
204	226
204	205
204	777
205	207
205	206
206	207
207	209
208	296
208	348
208	523
209	298
209	313
209	436
209	788
209	740
210	211
210	214
210	490
210	787
211	216
211	213
211	856
211	741
212	216
212	213
213	304
214	940
215	216
215	231
215	398
216	291
216	335
217	220
217	223
217	314
219	222
219	220
219	221
221	223
221	968
222	856
223	262
224	228
225	229
225	226
225	712
226	229
226	340
227	229
229	346
229	230
230	475
230	583
230	978
231	233
231	236
231	349
232	233
232	237
232	234
233	236
234	237
234	235
234	704
234	853
235	236
235	249
238	243
238	239
238	322
238	241
238	242
238	511
238	928
238	620
239	243
239	323
239	244
239	719
240	242
240	243
240	241
240	329
240	768
241	242
241	243
242	243
242	361
243	327
243	244
243	817
245	251
246	248
246	247
246	251
247	459
248	250
248	251
248	649
248	806
249	250
249	675
250	438
252	254
252	258
252	255
253	254
253	258
253	255
254	258
254	255
255	258
256	257
257	331
257	258
259	263
259	262
259	261
259	981
260	264
261	263
262	263
262	561
264	265
266	267
266	273
266	272
266	269
267	270
267	273
267	269
268	270
268	271
268	272
268	897
269	273
269	270
270	273
270	271
271	272
271	325
274	275
274	516
274	511
274	276
274	518
274	524
274	507
275	508
275	278
275	509
276	281
276	277
276	515
277	281
277	278
277	280
277	508
278	279
278	280
278	509
278	516
278	517
279	281
279	513
279	525
280	515
280	513
280	520
281	509
281	508
282	287
282	286
282	285
282	435
283	289
283	284
283	288
284	289
284	288
285	286
285	287
285	428
286	287
286	435
288	289
288	514
290	291
291	292
291	294
293	297
293	294
293	295
295	296
295	961
295	886
296	297
298	301
298	302
299	303
299	302
300	665
300	302
301	303
301	618
302	303
302	305
302	304
302	992
302	793
303	305
306	313
306	800
306	309
307	312
307	841
307	772
307	911
307	310
308	309
308	313
308	948
308	800
308	311
309	312
309	310
309	313
309	948
309	974
310	312
311	864
311	313
312	841
313	721
313	549
314	319
315	319
315	318
315	662
315	937
317	320
317	319
317	321
318	321
318	320
318	660
318	492
319	321
319	730
320	342
320	819
321	692
322	323
322	327
322	329
323	327
323	329
324	328
324	325
324	326
324	512
325	328
325	326
326	328
327	329
330	332
330	335
330	338
330	333
331	336
331	337
331	334
332	333
332	335
332	338
333	335
333	338
334	336
334	337
334	474
335	338
336	337
336	812
337	590
339	341
339	344
339	342
339	439
339	988
340	343
340	910
341	343
341	345
341	347
342	882
343	344
343	345
344	345
344	751
345	673
345	534
346	847
347	870
348	351
348	353
349	355
350	353
350	351
351	356
354	356
354	355
354	362
357	364
357	358
357	359
357	362
357	457
357	458
358	360
358	363
358	364
358	362
358	454
358	359
359	364
359	459
359	571
360	365
360	454
360	457
360	462
361	362
361	458
361	459
362	365
362	363
363	462
363	461
364	365
364	460
366	367
366	368
366	742
367	370
367	368
367	957
368	372
369	370
369	373
369	372
370	372
370	374
370	371
371	374
372	374
372	373
372	705
375	378
375	380
375	809
376	381
376	383
376	377
376	590
377	383
377	381
377	815
378	379
378	380
379	382
380	382
380	717
381	383
381	763
382	505
383	760
384	388
384	393
384	390
384	599
384	586
385	387
385	392
385	391
386	390
386	393
386	599
386	631
386	442
387	389
387	391
387	703
387	615
388	390
388	586
388	599
389	392
390	393
390	623
391	392
392	413
393	613
394	403
394	402
394	399
394	405
394	406
394	397
394	409
396	411
396	408
397	402
397	404
397	399
397	400
397	415
398	399
398	412
398	404
399	403
400	403
400	410
400	412
401	413
401	414
401	432
402	412
402	415
402	405
402	410
404	407
404	410
405	412
406	409
406	410
406	415
406	412
407	412
407	415
407	409
408	411
409	410
409	412
409	415
409	437
410	611
410	619
412	415
413	414
416	417
416	426
417	426
418	425
418	424
418	422
418	437
418	438
419	427
419	421
420	427
420	421
421	427
422	423
422	424
422	429
422	425
423	424
423	425
423	437
423	433
424	437
424	433
425	428
425	431
428	439
428	434
428	430
428	429
428	438
429	432
429	430
429	435
429	431
429	437
429	438
430	435
430	434
430	438
430	437
430	439
430	431
430	432
431	437
431	432
431	439
431	433
432	433
432	436
433	434
433	436
434	435
434	437
434	646
435	438
435	437
435	732
436	439
436	438
437	439
439	986
440	441
440	444
440	453
440	447
440	443
440	442
441	446
441	444
441	448
441	453
442	446
442	448
442	453
442	447
442	873
442	701
443	453
443	448
443	447
443	444
444	447
444	448
445	792
445	774
445	876
445	450
446	453
446	447
446	448
446	835
447	453
447	448
448	453
449	451
449	452
449	840
449	962
450	820
450	738
451	452
451	961
451	880
452	799
454	456
454	460
454	464
454	459
454	455
455	457
455	456
455	466
455	460
456	466
456	459
456	462
456	458
456	460
456	464
456	461
457	458
457	459
457	464
457	460
458	466
458	462
458	461
458	459
459	464
459	460
459	461
460	464
460	466
461	462
461	466
462	466
463	467
463	465
464	466
464	996
465	467
468	473
468	474
468	470
469	475
469	478
469	481
469	482
469	476
469	480
469	477
470	472
470	473
470	483
471	481
471	480
471	477
471	478
471	479
473	483
474	483
475	478
475	482
475	481
475	480
476	480
476	482
476	811
477	479
477	480
477	482
477	478
478	482
478	479
479	480
480	481
480	533
480	846
481	482
483	996
483	507
484	489
484	486
484	499
484	495
484	504
484	492
484	494
484	946
485	503
485	496
485	491
485	486
485	504
486	495
486	492
486	502
486	487
487	498
487	503
487	504
487	499
487	711
488	500
488	490
489	496
489	492
489	495
490	503
490	504
490	498
491	494
491	497
491	503
492	493
492	496
492	501
492	502
493	500
493	499
493	498
494	497
496	501
497	502
498	504
500	502
502	504
505	506
505	523
505	525
505	509
505	522
505	514
505	521
506	524
506	525
506	518
506	508
506	520
507	513
507	509
507	516
508	510
508	512
508	519
509	513
509	511
510	522
510	511
511	524
511	513
512	514
512	519
513	519
513	522
513	982
514	518
514	516
514	515
515	524
515	521
515	520
516	521
516	524
517	520
517	522
518	521
518	524
518	525
518	520
521	523
522	525
525	600
526	538
526	534
526	531
526	539
526	542
526	548
527	548
527	529
527	533
527	546
527	545
528	533
528	548
528	547
528	542
528	546
529	539
529	530
529	545
529	531
529	535
530	548
530	537
530	972
531	548
531	536
532	545
532	534
533	540
533	538
534	548
535	549
535	548
536	542
536	538
536	547
537	540
537	624
538	540
538	549
538	547
539	546
539	547
539	541
539	544
540	544
540	547
541	546
541	548
541	543
543	549
543	546
545	549
545	548
547	549
550	565
550	571
550	568
550	580
550	579
551	560
551	572
551	577
551	576
551	558
551	581
552	575
552	576
552	570
552	584
552	560
552	559
552	585
553	578
553	582
554	562
554	555
554	579
555	583
555	565
555	562
555	566
555	568
555	911
555	941
556	576
556	557
556	563
556	564
557	559
557	575
557	564
557	558
557	563
557	560
557	584
557	585
558	569
558	572
558	575
558	581
558	585
558	584
558	576
558	573
559	563
559	577
559	569
559	564
559	570
560	575
560	569
560	563
560	577
560	864
561	568
561	580
561	565
561	583
561	567
561	562
562	567
562	583
562	571
562	565
563	581
563	573
563	574
563	575
563	929
564	570
564	584
564	577
564	585
564	573
564	574
565	566
565	568
565	571
565	567
565	580
565	579
566	567
566	579
566	580
567	571
567	580
567	568
567	583
568	571
568	583
568	580
569	576
569	575
570	573
570	574
570	585
570	572
570	723
571	583
572	577
572	912
573	577
573	960
574	584
574	608
574	958
575	577
575	585
575	584
576	581
577	581
578	582
579	583
579	580
584	749
586	610
586	631
586	616
587	600
587	588
587	597
587	590
587	624
587	627
587	630
587	593
587	605
587	626
588	624
588	619
588	595
588	637
588	625
588	628
588	604
589	630
589	607
589	616
589	636
589	637
589	602
590	639
590	640
590	608
590	594
590	604
590	628
591	609
591	603
591	635
591	612
591	593
591	626
591	637
591	607
591	632
591	597
592	614
592	636
592	604
592	605
592	627
592	638
593	632
593	596
593	615
593	628
593	612
593	603
593	627
593	630
594	637
594	638
594	597
594	630
594	634
594	625
594	609
595	596
595	635
595	639
595	618
595	632
595	607
595	626
595	619
596	604
596	639
596	640
596	602
596	607
596	635
596	636
597	637
597	604
597	607
597	616
597	611
597	636
597	640
598	623
598	631
598	633
598	620
598	610
599	623
599	620
599	613
599	631
599	629
600	607
600	622
600	638
600	604
600	609
600	639
600	632
600	636
601	610
601	621
601	620
601	633
601	631
601	617
602	615
602	625
602	618
602	639
602	614
602	604
602	603
602	634
603	625
603	632
603	624
603	607
603	616
603	605
603	628
604	632
604	607
605	626
605	614
605	608
605	638
605	618
606	628
606	622
606	630
606	612
606	608
606	624
606	616
607	627
607	697
608	614
608	636
608	632
609	619
609	634
609	622
609	630
609	639
610	617
610	631
610	629
610	621
610	623
611	614
611	616
611	627
612	615
612	619
612	626
612	639
612	625
613	629
613	633
613	617
614	638
614	622
614	619
614	634
615	630
615	639
615	622
616	624
616	640
616	632
617	629
617	633
617	621
618	632
618	619
618	640
619	627
619	624
620	631
620	623
620	633
620	621
621	633
621	629
621	631
622	634
622	626
622	628
622	625
623	631
623	629
624	626
624	632
624	625
625	638
625	627
626	637
626	627
626	630
627	632
627	635
628	630
628	634
628	636
628	638
629	633
630	634
634	640
634	636
636	637
636	639
637	638
639	824
641	659
642	670
642	663
643	700
643	697
644	681
644	695
644	660
644	671
644	689
646	673
647	649
647	682
647	681
647	690
647	691
647	699
648	668
648	689
648	669
649	677
649	663
649	698
650	671
651	683
652	684
652	658
652	666
652	664
653	680
653	657
653	661
654	662
654	672
655	694
655	904
656	663
656	694
656	662
657	677
657	698
657	672
658	696
658	687
660	662
661	696
661	688
661	670
661	693
662	687
664	681
665	700
665	682
666	668
667	683
668	680
668	687
669	683
669	690
673	685
674	692
676	691
676	680
677	696
678	697
678	682
679	684
679	693
681	700
682	686
686	700
687	689
701	734
701	819
701	919
701	885
702	823
702	767
702	733
702	990
702	901
702	723
703	786
703	952
703	778
703	741
704	948
704	911
704	721
704	737
704	772
705	949
705	935
705	727
705	717
706	998
706	717
706	936
706	968
706	955
706	759
706	949
706	939
706	903
707	860
707	953
707	875
707	943
707	722
707	888
708	955
708	762
708	973
708	988
708	931
708	939
708	920
708	738
708	934
709	846
709	767
709	813
709	756
709	995
709	851
709	954
709	799
710	873
710	827
710	987
710	856
710	754
710	753
710	862
710	810
710	790
710	817
711	861
711	867
711	729
711	875
711	777
711	908
711	857
711	897
711	760
711	780
711	837
711	798
712	838
712	796
712	870
712	927
712	806
712	778
712	980
712	811
713	942
713	894
713	766
714	978
714	983
714	878
714	917
714	732
714	859
714	915
714	913
714	900
714	765
714	908
715	875
715	888
715	722
715	837
715	793
715	804
715	867
716	851
716	849
716	744
716	813
716	880
716	919
717	855
717	759
717	966
717	738
717	975
717	854
717	829
717	905
717	923
717	965
718	963
718	988
718	768
718	951
718	730
718	968
718	738
718	932
718	946
719	838
719	808
719	739
720	998
720	935
720	909
720	759
720	912
720	750
720	906
720	889
720	795
720	844
720	855
720	818
720	923
721	772
721	977
721	737
721	948
722	875
722	897
722	867
722	908
722	752
722	852
723	733
723	812
723	789
723	845
724	949
724	923
724	955
724	801
724	788
724	730
724	787
724	989
724	858
725	985
725	797
725	984
725	881
725	815
725	900
725	764
725	761
725	732
725	959
726	945
726	807
727	791
727	905
727	844
727	795
727	738
727	973
727	966
727	998
727	965
727	858
727	912
727	932
728	839
728	819
728	846
728	794
728	896
728	961
728	850
728	776
728	831
728	800
729	821
729	869
729	760
729	943
729	777
729	897
730	762
730	988
730	905
730	738
730	803
730	920
730	771
730	858
731	825
731	833
731	778
731	877
731	927
731	941
732	978
732	976
732	890
732	757
732	814
732	914
732	783
733	749
733	846
733	758
733	850
733	840
734	758
734	840
734	749
734	822
734	904
734	813
734	767
734	896
734	850
735	862
735	926
735	790
735	753
735	902
735	987
735	775
736	807
736	892
737	841
737	800
737	772
737	948
738	889
738	820
738	751
738	965
738	963
738	876
738	855
738	949
739	879
739	833
739	870
739	811
739	773
740	913
740	971
740	802
740	972
740	809
740	976
740	893
740	872
740	757
740	797
740	881
741	811
741	882
741	773
742	922
742	770
742	868
742	847
742	898
742	910
742	991
743	748
743	970
743	997
743	747
743	853
744	849
744	794
744	767
744	850
744	901
744	831
744	962
744	776
744	940
744	904
745	863
745	781
745	888
745	852
745	860
745	837
745	821
745	755
745	826
745	804
745	999
745	760
745	867
745	752
746	957
746	874
746	974
746	785
746	900
747	853
747	782
747	907
747	994
748	994
748	782
748	958
748	997
749	940
749	919
749	799
749	990
749	845
749	993
750	824
750	889
750	818
750	876
750	968
750	858
750	820
750	935
750	769
750	932
750	787
750	951
751	951
751	968
751	935
751	955
751	791
751	801
751	889
751	989
751	876
751	762
752	826
752	798
752	869
752	953
752	821
753	754
753	827
753	926
753	959
753	832
753	856
753	817
754	981
754	992
754	996
754	775
754	763
754	929
754	828
754	856
754	835
755	793
755	897
755	826
755	869
755	837
755	777
755	857
756	789
756	839
756	895
756	880
756	990
756	794
757	956
757	984
757	881
757	802
757	913
757	783
757	917
757	814
758	840
758	937
758	846
758	823
758	767
758	940
758	819
758	901
759	762
759	975
759	968
759	818
759	909
760	999
760	863
760	780
760	793
760	857
760	943
760	860
760	875
760	826
761	976
761	797
761	815
761	978
761	915
761	859
761	783
761	986
761	985
762	854
762	788
762	768
762	955
762	949
762	818
762	801
762	920
762	889
762	771
762	876
762	906
762	939
762	774
762	973
763	843
763	832
763	930
763	862
763	810
763	987
763	856
763	902
764	986
764	878
764	950
764	765
764	890
764	809
764	913
764	972
764	956
764	802
765	913
765	881
765	971
765	802
765	950
765	900
765	978
765	983
766	982
766	836
766	942
767	776
767	789
767	823
767	940
767	961
767	831
767	840
767	990
768	844
768	946
768	920
768	906
768	989
768	792
768	803
768	923
768	820
769	795
769	998
769	903
769	818
769	988
769	801
769	803
769	955
769	787
769	824
770	991
770	979
770	922
770	847
770	938
770	960
771	855
771	932
771	966
771	931
771	939
771	801
771	968
771	949
771	844
772	948
772	800
772	864
772	899
773	778
773	969
773	924
774	949
774	968
774	920
774	803
774	965
774	844
774	820
775	790
775	883
775	996
775	902
775	832
775	930
776	849
776	823
776	839
776	851
776	846
776	990
776	794
776	901
777	821
777	857
777	793
777	798
777	863
778	964
778	838
778	784
779	922
779	847
779	979
780	805
780	869
780	916
780	999
781	863
781	842
781	860
781	852
781	869
781	893
783	978
783	814
783	802
783	915
783	985
783	913
783	917
783	872
783	984
783	881
783	878
784	928
784	980
784	866
784	825
785	921
785	974
786	887
786	879
786	952
786	924
787	820
787	920
787	931
787	889
787	932
787	795
787	963
787	801
787	788
787	951
788	955
788	968
788	905
788	818
788	936
788	855
788	854
788	791
788	931
789	993
789	919
789	812
789	840
789	937
789	995
789	813
789	850
790	959
790	902
790	926
790	873
790	817
790	816
790	996
790	929
791	935
791	955
791	795
791	963
791	988
791	931
791	906
792	829
792	820
792	803
792	989
792	876
793	821
793	861
793	860
793	852
794	904
794	993
794	849
795	951
795	965
795	920
795	844
795	998
795	936
795	949
795	906
795	820
796	833
796	928
797	917
797	983
797	881
797	913
797	809
797	985
797	972
797	984
797	890
798	863
798	916
798	888
798	861
798	999
798	826
798	908
798	837
798	857
798	804
799	895
799	995
800	899
800	948
800	977
800	841
801	968
801	876
801	988
801	955
801	903
801	963
801	998
801	905
801	855
801	912
802	983
802	986
802	978
802	950
802	985
802	913
802	917
802	809
802	893
802	976
803	903
803	923
803	906
803	855
803	939
803	854
803	818
804	857
804	916
804	860
804	999
804	821
804	943
805	999
805	857
805	953
805	821
805	916
805	875
806	838
806	811
806	969
807	892
808	825
808	886
808	927
808	925
809	950
809	900
809	917
809	872
809	985
809	815
809	984
809	893
810	930
810	929
810	828
810	996
810	835
810	902
811	866
811	833
811	887
811	969
812	840
812	904
812	849
813	885
813	896
813	937
814	872
814	984
814	917
814	878
814	900
814	976
814	983
814	815
815	950
815	956
815	872
815	890
816	827
816	959
816	992
816	981
816	987
816	828
817	987
817	827
817	843
817	902
817	996
817	992
817	959
817	832
818	988
818	932
818	934
818	939
818	963
819	995
819	940
820	989
820	909
820	912
820	824
820	920
820	876
821	826
821	842
821	916
822	940
822	937
822	846
823	851
823	896
823	895
823	954
823	880
823	846
823	962
824	966
824	932
824	905
824	949
824	946
825	879
825	941
826	999
826	863
827	883
827	929
827	959
827	843
828	862
828	981
828	926
828	929
829	934
829	989
829	931
829	975
829	944
829	889
829	932
829	988
830	994
830	891
830	907
830	958
830	970
831	885
831	895
831	849
832	835
832	843
832	883
833	927
833	866
834	871
834	884
835	992
835	862
836	942
837	897
837	875
838	964
838	877
838	927
838	848
839	880
839	990
839	901
839	940
839	846
839	919
840	990
840	961
840	851
840	849
840	845
840	937
841	911
841	899
842	857
842	888
842	863
843	926
843	862
843	902
843	959
844	965
844	854
844	955
844	998
844	876
844	889
844	932
844	923
844	968
845	940
845	846
845	904
845	990
846	940
846	849
846	937
847	967
848	980
848	941
848	964
848	887
848	886
849	962
849	937
849	940
849	885
850	919
852	857
853	907
853	994
853	997
854	951
854	903
854	876
854	934
855	975
855	965
856	987
856	929
856	883
856	959
857	943
857	867
857	916
857	888
857	875
858	966
858	963
858	949
858	905
858	955
859	976
859	915
859	890
859	956
859	914
859	917
859	878
859	983
859	950
859	971
859	972
860	875
860	867
860	999
861	897
861	953
861	916
862	959
862	873
862	987
863	953
863	943
864	977
864	899
864	948
865	997
866	952
866	882
866	879
867	897
868	947
868	922
868	938
868	898
869	999
869	953
870	952
870	980
870	877
870	927
871	884
872	976
872	878
872	900
872	917
873	992
873	902
873	981
873	996
873	930
874	921
875	953
876	973
876	989
876	936
876	998
876	889
876	951
877	924
877	980
877	941
877	879
877	886
878	976
878	972
878	956
878	913
878	918
879	928
879	969
881	971
881	972
881	986
882	952
882	941
882	980
883	959
883	987
883	981
883	996
883	992
885	937
885	901
886	941
886	928
886	887
887	941
887	952
888	908
888	999
889	998
889	944
889	935
890	900
890	913
890	971
891	970
891	958
891	997
892	933
893	900
893	985
893	986
893	918
894	942
895	919
896	995
896	990
897	953
897	999
898	910
899	977
900	986
900	971
900	950
900	914
901	937
901	993
901	940
902	992
902	996
903	975
903	912
903	963
903	973
904	995
905	973
905	949
905	934
905	920
905	939
906	998
906	949
906	912
906	963
907	997
908	943
909	955
909	939
909	936
910	991
911	977
911	948
912	949
913	914
913	917
913	976
914	971
914	978
914	918
914	917
914	915
915	918
915	950
917	985
917	950
918	985
918	972
918	976
918	984
919	993
919	962
920	975
920	988
920	966
921	974
921	953
922	947
922	967
923	946
923	966
923	963
923	998
924	925
924	927
925	941
926	929
926	981
927	964
927	969
929	930
929	996
930	987
930	992
930	981
930	996
931	944
931	966
931	936
932	966
932	998
934	944
934	968
934	965
934	935
935	975
936	946
936	968
937	995
937	990
938	979
938	960
939	989
941	980
944	975
944	949
944	966
946	968
947	960
947	991
949	965
949	951
949	998
950	985
950	986
950	978
951	973
954	990
954	993
955	966
955	968
955	989
956	983
956	985
956	971
956	976
956	978
957	974
958	970
958	997
959	987
960	979
961	990
963	998
963	973
963	989
965	966
966	973
966	968
967	979
970	997
971	985
971	978
972	986
973	988
973	998
976	984
984	985
985	986
987	992
989	998
990	993
990	995
