0	768
0	849
0	951
0	702
0	706
0	813
0	823
0	995
0	762
0	791
1	951
1	705
1	795
1	965
1	906
1	791
1	845
1	762
1	885
2	942
2	982
2	778
2	866
2	836
2	938
3	711
3	821
3	908
3	780
3	747
3	857
3	781
3	497
4	773
4	778
4	786
4	784
4	894
4	868
5	825
5	770
5	894
5	739
5	952
6	882
6	825
6	848
6	964
6	742
6	163
7	514
7	8
7	9
7	12
7	13
8	13
8	9
8	10
8	136
8	173
9	491
9	18
9	512
10	221
11	142
11	236
12	39
12	97
12	13
12	405
13	433
13	691
13	355
13	733
14	16
14	48
15	88
15	20
15	113
16	609
17	67
17	275
18	20
18	216
18	290
18	355
18	752
18	733
19	247
19	80
21	261
21	27
21	24
21	23
22	23
22	264
22	259
22	25
22	27
23	25
23	27
23	265
24	26
24	27
24	261
24	262
25	259
25	261
27	263
27	261
28	42
28	30
28	29
28	36
28	181
29	31
29	30
29	171
29	829
29	132
30	163
30	356
30	34
30	118
30	946
31	32
31	621
32	306
32	664
32	497
32	365
32	758
33	135
33	280
33	589
33	245
33	188
34	237
34	50
34	669
34	624
35	41
35	37
35	275
36	41
36	40
36	39
36	436
36	592
37	213
37	41
37	560
38	72
39	530
39	736
40	41
40	827
41	522
41	436
41	717
41	820
42	45
42	115
42	150
42	385
43	46
43	489
43	441
43	44
43	250
43	575
44	48
44	669
44	890
45	354
45	325
45	48
45	215
45	867
46	48
46	731
47	105
47	255
47	912
48	352
48	170
48	934
49	52
49	175
49	345
49	51
50	473
50	531
50	610
50	54
51	53
51	54
51	655
51	901
52	92
53	110
53	67
53	55
54	55
55	374
55	602
56	333
56	57
56	58
56	667
56	60
56	535
56	694
57	134
57	228
57	740
58	469
59	62
59	305
60	112
60	61
60	244
61	144
61	307
61	432
61	135
62	215
63	67
63	498
63	68
63	66
63	808
64	83
64	69
64	326
64	204
64	493
65	469
65	67
65	556
66	229
66	218
66	337
67	324
67	68
69	177
69	429
70	72
70	71
70	75
70	915
70	961
70	854
70	990
70	993
71	73
71	626
72	74
72	282
72	521
72	532
72	905
73	75
73	653
73	76
74	76
74	508
74	415
75	248
75	692
75	837
75	998
76	106
76	431
77	82
77	79
77	537
78	80
79	133
79	80
79	535
79	298
80	381
81	288
81	338
81	641
81	358
82	367
82	218
82	733
83	149
83	289
84	85
84	87
84	887
85	88
85	299
85	89
85	101
86	87
86	213
87	375
87	90
87	88
87	374
89	344
89	90
89	503
90	392
90	190
91	94
91	422
92	97
92	94
92	96
93	376
93	456
94	95
95	96
95	317
95	97
95	163
96	315
97	696
97	202
98	100
98	102
98	103
98	904
98	536
98	949
98	988
99	162
99	104
99	208
100	101
100	370
100	104
100	839
101	300
101	103
101	104
101	472
102	104
102	387
102	844
103	275
103	651
103	958
103	722
103	819
104	657
104	854
104	767
105	108
105	109
105	106
106	108
107	252
107	350
107	645
107	464
107	831
109	338
109	609
109	832
110	611
110	308
110	567
111	316
111	727
112	113
112	253
112	115
112	650
113	116
113	118
114	118
114	455
115	116
115	117
115	641
115	347
116	117
116	950
116	762
117	709
118	587
118	930
118	405
119	125
119	124
119	415
119	122
119	407
119	187
119	400
120	125
120	399
120	403
120	398
120	394
120	188
120	415
120	405
120	123
120	185
121	404
121	122
121	124
121	399
121	125
121	188
121	407
121	405
121	412
121	403
122	123
122	400
122	399
122	407
122	124
122	185
122	125
122	757
123	403
123	400
123	405
123	415
123	404
123	399
124	399
124	403
124	394
124	125
124	409
124	407
124	188
125	397
125	394
125	403
125	400
126	132
126	197
126	198
126	129
127	132
127	128
127	201
127	200
128	200
128	130
128	131
129	131
129	198
129	196
130	131
130	200
130	202
130	170
132	199
132	201
133	134
133	137
134	135
134	390
134	647
134	715
135	136
136	139
136	641
136	988
137	138
137	458
137	697
137	517
138	224
138	588
138	462
138	139
140	248
140	142
141	142
141	146
142	146
142	388
142	551
142	398
143	145
143	144
144	178
145	146
147	153
147	151
147	402
148	150
148	149
149	151
149	150
149	153
149	284
149	840
150	151
150	152
150	590
150	789
151	881
152	361
152	153
152	541
154	158
154	156
154	267
155	158
155	271
155	267
155	268
156	159
156	266
156	267
156	273
156	158
156	160
156	269
156	901
156	395
157	267
157	158
157	272
158	159
158	272
158	273
158	270
158	449
158	266
159	270
159	272
159	160
159	421
160	267
160	268
160	270
161	167
161	929
162	167
162	164
162	165
162	519
162	375
163	176
164	165
164	166
164	195
165	310
166	180
166	167
166	790
168	179
168	174
169	425
170	171
170	695
171	174
171	173
172	173
172	174
173	850
174	620
175	177
175	178
176	865
177	317
177	178
177	180
177	969
177	968
178	179
180	366
181	250
182	184
182	183
182	411
182	414
182	413
182	395
183	186
183	184
183	408
183	396
183	425
184	414
184	411
184	408
185	187
185	407
185	397
185	406
185	402
185	409
186	408
186	396
186	411
187	188
187	412
187	406
187	402
187	405
187	981
187	400
188	405
188	410
188	398
188	397
188	399
189	194
189	190
189	191
189	875
190	191
190	194
191	194
192	193
192	195
193	248
194	497
196	200
196	199
197	200
197	202
197	199
198	200
198	199
199	202
200	202
200	201
201	202
201	347
203	208
203	207
203	408
204	207
204	226
204	441
204	205
205	207
205	206
205	607
205	465
206	207
207	209
207	263
208	296
208	348
208	442
208	468
209	333
209	298
209	852
209	795
210	211
210	214
211	216
211	213
212	216
212	213
213	304
213	540
213	640
214	583
215	216
215	231
215	274
215	947
216	545
216	291
216	598
216	723
217	220
217	223
217	314
217	601
219	222
219	220
219	363
219	221
219	825
219	796
219	578
220	475
221	223
224	387
224	228
224	478
225	229
225	226
226	229
226	340
227	336
227	454
227	229
227	946
227	895
229	346
229	230
230	437
230	812
231	616
231	233
231	236
231	349
231	482
232	233
232	237
232	234
232	256
232	805
233	236
233	312
233	946
233	975
234	237
234	235
234	590
235	236
235	432
235	249
236	447
237	442
238	243
238	239
238	322
238	241
238	242
239	243
239	323
239	244
239	449
240	242
240	243
240	241
240	329
241	242
241	243
242	243
243	327
243	244
245	251
245	717
246	248
246	247
246	251
247	482
247	252
247	777
248	250
248	251
248	649
249	467
249	250
249	675
250	454
251	504
252	254
252	258
252	699
253	254
253	355
253	631
253	725
253	919
254	563
255	258
255	748
256	257
256	628
258	631
258	730
259	263
260	263
260	264
260	262
260	277
260	936
261	263
261	265
262	265
263	265
263	264
263	944
264	265
264	338
265	444
266	267
266	273
266	272
266	269
267	270
267	273
267	269
267	337
268	270
268	271
269	273
269	270
270	273
270	271
271	272
271	480
274	275
274	437
275	345
276	281
276	277
277	281
277	278
277	280
278	279
278	280
279	281
280	390
281	460
281	982
282	311
282	393
282	283
282	287
282	897
282	962
283	289
284	613
284	289
284	861
285	286
285	288
286	287
286	289
286	967
287	320
288	289
288	494
290	291
291	429
291	292
291	294
291	884
291	403
292	461
292	861
292	410
293	297
293	294
293	295
295	332
295	296
295	817
296	297
296	449
297	535
297	792
298	301
298	302
298	991
299	303
299	302
300	544
300	665
300	302
300	406
301	303
302	533
302	303
302	305
302	304
302	936
302	776
303	305
304	898
304	738
305	611
306	313
306	499
307	312
307	320
308	314
308	309
308	313
308	780
309	312
309	310
309	313
310	312
311	372
311	594
312	321
312	463
312	812
314	319
315	319
315	318
315	662
317	320
317	319
317	321
318	321
318	320
318	660
318	745
319	493
319	321
320	342
321	457
321	435
321	692
322	323
322	327
322	329
323	327
323	329
324	328
324	325
324	326
325	328
325	326
326	328
327	329
328	788
330	337
330	331
330	332
330	361
331	336
331	338
332	572
333	337
333	336
333	716
334	336
334	335
334	542
334	350
335	337
335	338
336	519
336	397
338	638
339	341
339	344
339	342
339	443
340	343
340	418
340	786
340	943
341	343
341	345
341	347
343	344
343	345
344	636
344	345
344	903
345	502
345	673
348	351
348	353
348	871
349	355
350	353
350	351
351	356
352	839
354	356
354	467
354	355
354	789
355	917
356	771
357	364
357	358
357	359
357	362
357	992
358	360
358	363
358	364
358	362
358	954
359	364
360	365
360	635
361	362
362	365
362	363
364	365
366	367
366	368
367	370
367	368
367	957
368	372
369	370
369	373
369	372
370	372
370	374
370	371
371	471
371	374
371	983
371	940
372	374
372	373
372	702
375	477
375	377
376	519
376	500
376	506
376	381
376	489
377	380
377	379
377	804
378	379
378	380
378	600
379	383
379	382
379	737
380	382
381	383
381	382
382	727
383	606
384	391
384	385
384	388
384	393
384	413
385	390
385	924
386	387
386	391
386	392
388	646
388	674
388	389
388	391
388	392
389	393
391	517
392	393
394	403
394	402
394	399
394	405
394	406
394	397
394	409
395	414
395	413
396	411
396	401
396	413
397	402
397	404
397	399
397	400
397	415
398	399
398	412
398	404
399	403
400	403
400	410
400	412
401	408
401	411
402	412
402	415
402	405
404	407
404	410
405	412
406	409
406	410
406	415
406	412
406	439
407	412
407	415
407	409
408	411
408	414
409	410
409	412
409	415
409	921
411	413
412	415
413	414
416	417
416	426
417	426
418	425
418	424
418	422
418	523
419	427
419	421
419	759
420	427
420	421
421	427
422	423
422	424
422	758
423	424
423	425
423	471
423	868
424	704
428	439
428	643
428	674
428	544
429	432
430	668
430	435
430	434
430	438
431	437
432	682
432	433
433	434
434	435
434	437
435	438
437	439
439	627
439	659
440	451
440	471
441	446
441	444
441	448
442	446
443	452
443	453
445	452
446	453
446	451
446	501
447	521
447	453
448	453
449	450
450	451
451	452
452	592
453	685
454	456
454	460
455	605
455	457
456	466
456	459
456	467
457	458
457	794
458	607
459	464
459	564
460	464
461	462
461	962
462	467
462	463
462	465
462	466
465	466
467	621
467	735
469	475
469	478
469	481
469	483
469	482
469	470
469	476
470	472
470	471
471	473
472	475
472	775
473	497
474	475
474	528
474	483
475	483
475	478
476	483
476	534
477	479
478	612
480	483
484	489
484	486
484	499
484	495
484	504
485	503
485	496
485	491
486	495
486	492
486	708
487	498
487	503
488	500
488	490
489	496
490	503
490	504
490	498
490	906
491	494
491	497
492	493
492	754
493	500
496	501
499	747
502	504
505	506
505	523
505	525
506	524
507	513
507	509
507	516
508	510
508	512
508	519
509	513
509	801
510	522
510	561
511	524
511	513
512	514
513	519
514	518
514	516
515	524
515	521
515	520
516	521
517	520
518	521
518	524
521	523
521	574
522	525
525	686
526	538
526	534
526	531
526	539
527	548
527	529
527	533
528	533
529	539
529	530
530	548
530	923
531	548
532	545
532	534
535	598
536	542
536	538
538	540
538	549
538	650
538	547
539	546
539	547
540	544
541	546
543	549
545	549
547	679
547	549
550	565
550	571
550	568
551	560
551	572
551	577
551	576
551	558
551	581
552	575
552	576
552	570
552	584
552	560
552	559
552	585
553	555
553	562
553	579
553	580
553	554
554	562
554	578
554	555
555	583
555	565
555	562
555	566
556	576
556	557
556	563
556	564
557	559
557	575
557	564
557	558
557	563
557	560
557	584
557	585
558	569
558	572
558	575
558	581
558	585
558	584
558	576
558	573
559	563
559	577
559	569
559	564
559	570
560	575
560	569
560	563
560	577
561	568
561	580
561	565
561	583
561	567
561	562
562	567
562	583
563	581
563	573
563	574
563	575
564	570
564	584
564	577
564	585
564	573
564	574
565	566
565	568
565	571
565	567
566	567
566	579
566	580
567	571
567	582
567	580
568	578
568	571
568	582
569	576
569	575
570	573
570	574
570	585
570	572
571	578
571	583
572	577
573	577
574	584
575	577
575	585
575	584
576	581
576	976
577	581
578	579
579	583
579	580
579	582
579	998
582	583
586	590
586	594
587	600
587	588
589	630
589	607
590	639
590	640
591	609
592	614
592	599
593	632
593	596
593	615
594	598
595	596
595	635
595	639
596	604
597	637
598	608
599	628
600	607
600	622
600	617
601	640
601	610
601	621
602	615
602	625
602	618
602	932
603	625
603	632
604	610
604	633
605	626
605	824
606	631
606	628
607	627
608	614
609	620
609	629
611	623
612	615
613	628
613	629
613	616
614	638
617	637
618	632
619	627
619	624
621	632
622	629
622	634
624	626
625	638
626	637
628	630
628	634
629	633
637	638
641	659
642	670
642	663
643	700
643	697
644	681
644	695
644	660
644	671
644	689
645	926
646	673
647	649
647	682
647	681
647	690
647	691
647	699
648	668
648	689
648	669
649	677
649	663
649	698
650	671
650	858
651	683
652	684
652	658
652	666
652	664
653	680
653	657
653	661
654	662
654	672
655	694
656	663
656	694
656	662
657	677
657	698
657	672
658	696
658	687
660	662
661	696
661	688
661	670
661	693
662	687
662	872
664	681
665	700
665	682
666	668
667	683
668	680
668	687
668	960
669	683
669	690
673	685
674	692
676	691
676	680
677	696
678	697
678	682
679	684
679	693
681	700
682	686
683	805
686	700
687	689
689	979
701	734
701	951
701	768
701	955
701	819
701	919
701	885
702	823
702	767
702	876
702	733
702	990
702	901
703	910
703	982
703	786
703	952
704	948
704	911
704	721
704	737
705	949
705	935
705	794
705	954
705	727
705	744
705	895
705	717
705	734
705	995
706	998
706	717
706	936
706	880
706	968
706	822
706	955
706	759
706	949
706	939
706	903
707	860
707	953
707	875
707	891
707	943
707	748
707	997
708	955
708	885
708	762
708	973
708	734
708	988
708	904
708	895
708	931
708	939
708	920
708	738
708	850
709	846
709	767
709	813
709	963
709	906
709	756
709	951
709	995
709	935
709	909
709	851
709	787
709	968
709	939
710	873
710	884
710	827
710	987
710	856
710	754
710	753
710	862
711	861
711	865
711	867
711	729
711	875
711	777
711	908
711	857
711	897
712	838
712	967
712	796
712	847
712	870
712	927
713	964
713	833
713	928
713	778
713	806
714	978
714	983
714	878
714	917
714	732
714	859
715	875
715	970
715	888
715	722
715	837
715	793
715	853
716	989
716	720
716	851
716	792
716	912
716	965
716	849
716	818
716	932
716	744
716	813
717	733
717	855
717	759
717	966
717	823
717	738
717	975
717	995
717	839
717	813
717	961
717	728
718	963
718	988
718	919
718	904
718	768
718	990
718	951
718	730
718	813
718	968
718	738
718	932
719	847
719	898
719	838
719	979
719	808
719	742
720	840
720	813
720	723
720	901
720	919
720	998
720	935
720	909
720	759
720	912
720	749
720	750
720	962
720	906
720	889
720	937
720	940
720	795
720	844
720	855
721	772
721	977
721	737
721	948
722	875
722	897
722	867
722	908
723	949
723	803
723	939
723	965
723	733
723	946
723	812
723	759
724	949
724	728
724	923
724	812
724	813
724	955
724	801
724	995
724	794
724	788
724	730
724	789
724	787
724	758
724	989
725	985
725	797
725	984
725	881
725	815
725	900
725	764
726	945
726	802
726	764
726	913
726	807
726	797
726	914
726	893
727	791
727	937
727	905
727	901
727	844
727	795
727	738
727	973
727	880
727	966
728	889
728	965
728	839
728	876
728	819
728	846
728	803
728	794
728	750
728	973
728	896
728	906
728	730
728	774
728	961
728	850
728	909
729	865
729	821
729	782
729	869
729	760
730	904
730	762
730	733
730	839
730	880
730	988
730	823
730	905
730	940
730	734
730	738
731	825
731	833
731	778
731	979
731	877
732	978
732	976
732	890
732	757
732	814
733	955
733	968
733	854
733	965
733	749
733	751
733	738
733	768
733	966
733	846
733	792
733	787
733	758
733	920
733	951
733	850
733	818
733	912
734	758
734	840
734	858
734	855
734	989
734	935
734	820
734	749
734	951
734	822
734	904
734	813
734	795
734	854
734	767
734	896
734	830
735	862
735	926
735	790
736	986
736	917
736	971
736	893
736	984
736	807
736	978
736	976
736	878
736	915
737	841
737	800
737	772
737	948
738	889
738	919
738	820
738	751
738	954
738	965
738	776
738	963
738	876
739	960
739	879
739	836
739	833
739	870
739	811
740	913
740	971
740	802
740	972
740	945
740	809
740	976
740	807
741	811
741	898
741	922
741	882
742	922
742	924
742	770
742	882
742	889
743	748
743	852
743	970
743	997
743	837
743	747
744	955
744	849
744	855
744	794
744	795
744	858
744	767
744	791
744	935
744	903
744	932
744	850
744	901
744	831
745	863
745	994
745	781
745	997
745	888
745	852
745	891
745	860
745	830
745	837
745	821
745	755
745	826
746	957
746	874
746	974
746	785
747	857
747	852
747	777
747	760
747	781
748	752
748	897
748	943
748	861
748	994
748	782
749	774
749	989
749	968
749	771
749	934
749	940
749	919
749	799
749	769
750	845
750	824
750	889
750	818
750	876
750	968
750	858
750	820
750	839
750	935
750	769
750	937
750	954
750	756
750	849
751	951
751	968
751	823
751	935
751	813
751	955
751	791
751	801
751	919
751	889
751	776
751	995
751	962
751	989
752	826
752	798
752	782
752	869
752	847
753	834
753	754
753	827
753	926
753	959
754	981
754	992
754	996
754	775
754	884
754	792
755	793
755	897
755	907
755	891
755	826
755	869
755	837
756	789
756	839
756	787
756	824
756	895
756	795
756	880
756	955
756	855
756	990
756	975
757	956
757	984
757	881
757	802
757	913
758	840
758	968
758	989
758	937
758	932
758	846
758	823
758	767
758	771
758	988
758	940
758	955
759	813
759	822
759	789
759	880
759	849
759	901
759	812
759	762
759	975
759	968
760	865
760	999
760	863
760	780
760	958
760	793
760	857
760	943
760	994
760	860
761	976
761	945
761	797
761	815
761	978
761	915
761	859
761	783
761	986
762	854
762	788
762	940
762	768
762	990
762	850
762	812
762	955
762	840
762	949
762	818
762	801
762	920
762	889
762	771
762	937
762	954
762	876
762	906
762	961
762	846
762	939
762	774
762	823
763	843
763	832
763	930
763	862
763	810
763	987
764	986
764	878
764	950
764	765
764	890
764	809
764	913
764	972
764	956
765	913
765	881
765	971
765	802
765	950
766	879
766	928
766	784
767	768
767	776
767	789
767	823
767	940
767	975
767	955
767	824
767	961
767	923
767	988
767	831
767	801
767	840
767	968
768	844
768	946
768	920
768	906
768	896
768	989
768	792
768	803
768	919
768	776
768	819
768	990
768	849
768	993
768	839
769	995
769	904
769	795
769	998
769	903
769	818
769	988
769	896
769	801
769	803
769	840
770	925
770	980
770	887
770	991
770	784
770	979
771	831
771	855
771	932
771	966
771	931
771	939
771	801
771	993
771	794
771	968
772	948
772	800
772	864
773	778
773	868
773	969
774	949
774	968
774	849
774	919
774	839
774	901
774	920
774	803
775	790
775	883
775	996
775	902
776	849
776	905
776	903
776	820
776	823
776	792
776	839
776	968
776	851
776	846
776	990
777	821
777	857
777	907
777	793
777	970
777	891
777	798
777	958
777	994
779	784
779	922
779	806
779	886
780	805
780	869
780	782
780	891
780	994
780	916
781	865
781	863
781	842
781	860
781	852
781	869
783	978
783	814
783	802
783	915
783	945
783	985
783	913
783	917
783	872
783	984
783	881
784	928
784	942
784	967
784	980
785	921
785	974
786	887
786	879
787	919
787	820
787	920
787	931
787	889
787	932
787	812
787	795
787	963
787	801
787	871
788	955
788	831
788	968
788	905
788	818
788	840
788	936
788	855
788	854
788	791
788	901
789	993
789	919
789	812
789	840
789	937
789	951
789	905
789	920
790	884
790	959
790	902
790	926
790	873
790	834
791	935
791	955
791	822
791	993
791	795
791	963
791	988
791	808
791	931
791	990
791	904
792	819
792	812
792	829
792	820
792	990
792	880
792	896
792	803
793	821
793	861
793	860
793	830
794	844
794	965
794	824
794	904
794	973
794	932
794	795
794	843
794	951
795	951
795	965
795	920
795	844
795	845
795	998
795	995
795	936
795	949
796	979
796	833
797	917
797	983
797	892
797	881
797	913
797	809
798	863
798	958
798	916
798	970
798	888
798	861
798	999
798	826
799	936
799	946
799	934
799	955
799	895
799	909
799	995
799	951
800	899
801	968
801	901
801	876
801	988
801	955
801	903
801	963
801	839
801	998
801	905
801	895
802	983
802	986
802	978
802	950
802	985
802	913
803	903
803	923
803	846
803	995
803	813
803	906
803	855
803	954
803	845
803	939
803	854
804	857
804	916
804	970
804	860
804	999
805	999
805	857
805	953
805	821
806	910
806	838
806	811
807	986
807	918
807	984
807	814
808	825
808	910
808	898
808	982
808	886
808	836
809	950
809	900
809	917
809	872
809	985
810	930
810	929
810	828
810	996
810	835
811	866
811	833
811	960
812	876
812	840
812	855
812	820
812	923
812	904
812	858
812	849
813	820
813	844
813	905
813	966
813	932
813	963
813	885
814	872
814	984
814	917
814	878
815	950
815	956
815	872
815	945
816	827
816	959
816	871
816	992
817	871
817	987
817	827
817	884
817	843
817	902
817	996
817	992
817	834
818	988
818	932
818	840
818	993
819	855
819	824
819	995
819	939
819	934
819	844
819	940
820	919
820	989
820	909
820	912
820	824
820	920
820	876
821	997
821	891
821	826
821	842
822	963
822	920
822	940
822	906
822	903
822	824
823	946
823	851
823	824
823	858
823	896
823	895
823	855
823	954
823	880
824	831
824	966
824	846
824	845
824	850
824	932
824	880
825	836
825	879
826	970
826	999
826	863
826	830
827	884
827	883
827	929
828	862
828	981
828	926
829	934
829	989
829	931
829	901
829	896
829	845
829	975
829	944
829	889
829	880
829	932
830	994
830	908
830	891
831	885
831	975
831	895
831	998
832	835
832	843
833	894
833	927
833	935
834	862
834	883
834	981
834	835
834	930
835	992
835	862
836	942
836	838
836	882
836	910
837	891
837	970
837	897
837	875
838	964
838	877
838	991
838	902
839	880
839	990
839	901
839	944
839	940
839	846
839	903
839	919
839	975
839	855
840	990
840	961
840	946
840	851
840	849
840	931
840	966
840	845
841	911
841	899
842	958
842	857
842	888
842	853
842	863
843	926
843	862
844	846
844	993
844	965
844	854
844	955
844	998
844	961
844	876
845	909
845	988
845	940
845	846
845	998
845	989
846	998
846	940
846	849
846	966
846	937
846	932
847	969
848	980
848	947
848	941
848	964
849	855
849	923
849	962
849	937
849	934
849	939
849	944
850	965
850	919
850	988
850	968
851	889
851	973
851	934
851	998
852	857
853	888
853	907
853	861
853	857
854	904
854	951
854	903
855	995
855	975
856	987
856	929
856	883
857	943
857	867
857	916
857	888
857	875
858	966
858	963
858	949
859	976
859	915
859	933
859	890
859	956
859	914
859	945
860	875
860	867
860	970
860	979
861	897
861	997
861	953
862	959
863	891
863	953
863	943
864	977
864	899
864	948
865	997
865	867
866	952
866	882
867	907
867	897
868	947
868	982
868	894
869	999
869	907
870	952
870	942
870	980
870	877
870	927
871	929
871	987
872	976
872	878
872	900
873	992
873	884
873	902
873	981
873	996
874	921
875	994
875	953
876	973
876	895
876	989
876	936
876	954
876	998
876	990
876	889
877	960
878	976
878	972
878	892
878	956
879	928
879	969
879	991
879	922
879	947
880	968
880	935
880	905
881	971
881	972
882	960
882	952
882	991
882	941
883	959
883	987
883	981
883	996
884	996
884	981
884	992
885	906
885	937
885	973
886	941
886	928
887	898
888	908
888	999
889	998
889	944
889	935
889	896
889	954
890	900
891	970
891	943
891	916
891	958
892	917
892	914
892	986
892	971
892	933
893	900
893	985
893	986
894	922
895	919
895	912
895	934
895	965
895	923
896	995
896	968
896	951
896	990
896	963
897	970
897	953
897	999
898	982
898	942
899	977
900	986
900	971
900	950
901	937
901	955
901	993
901	940
901	931
901	966
901	920
902	992
903	919
903	975
903	912
903	963
904	905
904	998
904	963
904	975
904	934
904	951
905	973
905	940
905	949
905	934
905	920
906	961
906	998
906	949
906	937
907	908
907	999
908	958
908	943
909	990
909	955
909	939
909	936
910	969
910	941
910	924
911	977
911	948
912	949
913	914
913	917
914	971
914	978
915	918
916	997
917	985
917	945
917	933
918	985
918	972
918	976
918	984
919	966
919	993
919	989
919	965
919	962
919	963
919	973
920	975
920	954
921	974
922	952
922	947
922	924
923	946
923	966
923	963
923	998
924	925
924	982
924	947
925	941
925	942
927	947
927	964
927	969
928	938
929	930
929	996
930	987
930	992
930	981
930	995
931	990
931	944
932	966
932	998
933	985
933	978
933	972
934	944
934	937
934	968
934	965
934	935
935	954
935	975
935	993
936	946
936	968
936	961
936	990
937	988
937	995
937	990
938	969
938	952
939	989
940	968
940	951
940	955
940	949
941	960
942	980
944	990
944	975
945	985
945	950
945	978
946	962
946	968
947	952
947	980
949	965
949	951
951	973
954	990
954	998
954	966
955	962
955	966
955	968
956	983
956	985
956	971
957	974
958	970
959	987
960	969
961	975
961	990
962	989
962	966
963	998
966	973
967	980
968	995
969	982
970	997
972	986
973	988
973	998
976	984
979	982
985	986
987	992
988	993
989	998
997	999
