0	826
0	595
0	774
0	893
0	754
0	973
0	525
0	931
0	938
0	561
1	630
1	694
1	972
1	818
1	982
1	563
1	541
1	696
1	914
1	816
2	814
2	557
2	538
2	798
2	746
2	654
2	937
2	897
2	694
2	949
3	766
3	832
3	774
3	593
3	561
3	703
3	611
3	520
3	509
3	629
4	954
4	942
4	714
4	535
4	886
5	629
5	762
5	768
5	602
5	636
5	625
5	505
5	776
5	340
5	583
6	821
6	987
6	817
6	767
6	492
6	684
7	729
7	167
7	8
7	11
7	798
8	12
8	9
8	508
9	13
9	83
9	981
10	12
10	373
10	13
11	13
11	934
12	13
13	418
13	884
14	19
14	15
14	24
14	18
14	27
14	149
15	17
15	27
15	22
15	19
15	26
15	21
15	24
15	482
16	25
16	23
16	301
16	359
17	18
17	24
17	19
17	27
17	22
18	22
18	19
18	26
18	21
18	533
19	21
19	26
19	735
19	24
20	307
20	302
20	469
21	27
21	24
21	22
21	721
22	26
22	27
22	86
22	948
22	326
23	25
23	305
23	304
24	27
24	245
24	208
24	305
24	777
25	301
25	303
26	27
26	563
26	781
27	164
27	802
27	640
28	33
28	998
29	31
29	30
29	32
29	34
29	700
30	958
30	279
30	31
30	33
30	98
30	449
30	531
32	34
33	39
33	282
33	34
33	72
33	630
33	787
34	544
35	38
35	384
35	37
36	152
36	37
36	511
37	368
37	41
37	209
37	392
37	493
38	40
38	337
38	366
39	41
39	484
40	264
40	535
41	802
41	373
42	48
42	255
42	270
42	44
42	47
42	984
43	46
43	44
43	847
44	140
44	48
44	808
44	181
45	363
45	498
45	369
46	47
46	125
47	374
47	392
47	48
47	703
47	992
48	772
48	652
48	76
49	54
49	433
49	438
49	166
49	162
49	435
49	52
50	440
50	433
50	53
50	438
50	52
50	439
50	161
50	166
51	52
51	440
51	438
51	163
51	433
51	203
51	164
51	434
52	54
52	433
52	53
53	54
53	435
53	436
53	438
53	166
53	441
54	438
54	441
54	434
54	442
54	55
54	436
54	163
55	440
55	439
55	437
55	167
56	60
56	61
56	617
56	745
57	62
57	417
57	767
57	58
57	59
58	60
58	59
58	989
58	570
59	283
59	395
59	866
60	759
60	611
60	339
60	62
60	959
61	145
61	62
61	612
62	861
62	823
62	986
63	69
63	940
63	900
63	223
63	840
63	675
64	69
64	346
64	694
64	306
64	342
65	69
65	67
65	696
66	69
66	68
66	206
68	151
68	210
69	452
70	76
70	74
70	267
70	272
70	266
70	361
71	271
71	269
71	73
71	976
72	270
72	75
72	272
72	268
72	267
73	269
73	271
73	639
74	270
74	75
74	266
74	76
75	267
75	268
75	76
75	308
75	270
75	385
75	751
75	965
76	267
76	272
76	501
76	270
77	80
77	83
78	83
78	323
78	81
78	265
79	82
79	292
79	691
80	83
81	83
83	432
83	523
84	89
84	88
84	90
85	496
85	974
86	87
86	88
86	628
87	398
87	342
87	371
87	89
87	88
89	377
89	326
90	931
91	95
91	94
91	448
91	92
92	94
92	95
93	97
93	96
94	95
94	744
95	476
96	97
97	134
98	100
98	230
98	224
98	296
98	104
99	100
99	227
99	309
99	310
99	313
99	312
99	103
99	230
99	299
100	228
100	224
100	227
100	297
100	357
100	169
101	104
101	312
101	228
101	226
101	102
101	298
101	103
101	141
101	313
101	741
102	104
102	103
102	228
102	297
102	298
102	225
102	310
102	312
102	961
103	229
103	309
103	315
103	293
103	331
103	656
104	227
104	300
104	315
104	312
105	111
105	424
105	110
105	109
106	110
106	111
107	358
107	545
108	111
108	749
108	109
109	111
109	765
109	832
112	115
112	116
112	249
112	113
113	116
113	115
113	157
114	118
114	117
115	116
116	506
117	118
118	408
119	765
119	120
119	919
120	361
120	125
120	614
120	776
120	926
121	582
121	239
121	402
121	635
122	123
123	259
123	292
123	125
124	196
125	443
126	131
126	132
126	181
126	128
126	177
126	176
127	175
128	177
128	131
128	181
128	130
129	175
129	178
130	132
130	131
130	181
130	179
130	399
130	177
131	132
131	181
131	180
131	177
131	179
132	177
132	180
133	134
133	138
133	135
134	138
134	135
135	138
136	137
136	139
137	139
138	266
139	606
140	142
140	143
140	332
140	865
140	476
141	142
141	144
141	480
142	144
142	145
142	146
142	758
142	892
143	272
143	145
144	477
145	600
146	999
146	967
147	150
147	273
147	576
148	150
148	281
148	152
149	152
149	151
149	153
150	707
150	804
150	152
150	365
151	153
151	339
152	153
154	156
154	155
154	321
154	157
155	156
155	157
155	223
156	157
156	616
158	160
158	159
159	160
161	165
161	163
162	164
162	437
162	442
163	164
163	166
163	442
163	360
164	167
164	165
164	166
164	233
164	851
165	166
165	440
166	440
166	437
167	366
168	171
168	173
168	627
169	174
169	170
169	171
169	182
169	173
169	172
169	401
170	173
170	185
170	172
170	187
170	171
171	172
171	182
171	188
172	185
172	186
172	184
173	183
173	508
173	188
173	185
174	184
174	183
174	349
175	178
176	180
176	181
176	179
177	181
179	181
179	180
179	471
180	181
180	806
182	183
182	186
182	184
182	973
183	188
183	187
183	569
184	185
184	186
184	187
185	187
185	188
186	187
187	188
187	879
188	279
189	194
189	195
190	192
190	193
190	191
190	411
191	192
191	193
191	727
192	193
192	407
193	411
194	195
196	197
196	202
196	198
197	202
197	198
197	745
198	202
198	438
199	200
199	307
200	307
200	464
201	305
201	301
203	208
203	288
203	287
203	209
203	205
203	204
203	293
204	209
204	205
204	206
204	292
204	287
204	509
205	293
205	207
205	206
205	292
206	291
206	288
206	209
206	689
207	209
207	290
207	291
207	208
208	292
208	293
208	291
209	291
209	292
209	289
210	212
210	244
210	387
210	211
210	510
211	215
211	216
211	212
211	962
212	215
212	381
212	387
212	216
212	382
212	320
212	826
213	216
213	382
213	215
214	216
214	383
214	382
214	380
214	215
214	637
215	382
215	384
215	925
216	387
216	384
216	386
216	380
217	219
217	221
217	220
217	223
218	220
218	221
218	223
218	407
218	410
218	408
218	222
218	219
218	695
218	947
219	412
219	406
219	414
219	567
219	409
220	409
220	407
220	411
220	408
220	410
220	412
220	221
221	414
221	409
221	412
221	411
221	413
222	223
222	411
222	414
222	407
222	408
223	412
223	407
224	227
224	228
224	309
224	310
224	308
224	313
224	296
224	294
225	226
225	308
225	311
225	229
225	315
225	300
225	313
225	230
225	294
226	227
226	309
226	313
226	312
226	228
226	229
226	296
226	311
227	230
227	313
227	314
227	311
227	228
228	309
228	315
228	314
228	310
229	308
229	312
229	300
229	270
229	296
229	230
229	294
230	308
230	314
230	312
230	309
230	300
231	232
231	235
231	482
231	234
231	237
231	937
232	237
232	482
232	475
232	477
232	478
232	235
233	237
233	481
233	478
234	235
234	236
234	475
234	478
234	483
234	476
234	237
235	237
235	477
235	479
235	478
236	485
236	484
236	481
237	482
237	478
238	244
238	633
238	354
239	240
239	241
239	868
239	242
239	436
240	243
240	242
241	244
241	361
241	762
241	504
242	244
242	397
242	489
243	894
244	421
244	252
244	306
244	592
245	251
245	248
245	341
245	954
245	247
245	250
245	369
246	249
246	593
246	796
246	251
247	251
248	250
249	250
249	251
249	253
249	492
250	376
250	251
250	506
252	257
252	725
253	255
253	680
254	420
254	544
255	256
256	258
256	949
256	403
256	304
257	501
258	793
259	263
259	792
259	346
259	837
260	327
260	338
260	264
260	615
261	265
261	641
262	377
262	727
262	842
262	701
262	303
262	426
262	779
263	264
263	552
263	693
264	265
265	337
265	699
265	950
265	659
266	267
266	268
266	270
267	270
267	272
268	272
268	507
269	271
269	725
271	930
273	279
273	275
273	278
273	368
274	278
274	552
275	277
276	277
276	279
277	685
277	960
279	835
279	701
280	286
280	558
280	790
280	574
280	284
281	285
281	283
281	880
281	597
281	829
282	286
282	597
282	283
282	758
282	589
282	731
282	857
283	286
283	829
283	993
283	808
283	285
284	285
284	725
284	728
284	856
284	977
285	286
285	807
286	664
286	693
286	728
286	856
287	293
288	291
288	293
288	289
288	393
289	293
289	291
290	292
290	291
291	293
291	518
291	691
294	295
294	925
295	299
295	296
296	297
296	300
297	299
297	311
297	646
297	359
298	720
299	315
299	300
300	427
300	358
301	304
301	303
301	306
301	331
302	307
302	528
303	304
303	305
303	306
303	819
303	477
303	796
304	305
304	306
305	306
306	322
306	553
306	990
307	609
308	310
308	314
308	313
308	315
308	311
309	315
309	314
309	311
309	313
310	313
310	311
310	314
310	312
310	315
311	312
311	340
311	314
312	314
313	314
314	315
315	689
316	321
316	322
316	319
316	352
317	323
317	320
317	318
317	575
318	323
318	320
318	516
319	321
319	322
319	625
320	323
321	322
324	331
324	327
324	878
325	328
325	331
326	396
326	764
326	923
326	483
326	967
326	330
326	694
327	328
327	602
328	330
329	722
330	516
330	467
330	618
332	334
332	718
332	814
332	380
332	333
334	337
335	339
335	755
335	337
335	336
335	845
335	936
335	644
336	338
337	339
337	411
338	339
340	342
340	341
341	345
341	347
342	343
342	345
343	345
344	378
344	703
344	347
345	347
345	893
346	449
347	381
347	351
348	350
348	355
348	352
348	807
349	351
349	354
349	353
350	355
350	352
350	722
351	353
351	354
352	355
353	354
355	549
356	360
356	562
356	363
356	362
356	715
356	678
357	363
357	567
358	362
358	430
358	590
358	361
358	636
359	452
360	503
361	363
361	707
363	365
364	365
364	366
365	369
365	448
365	385
365	499
366	369
366	367
367	862
368	369
368	371
369	444
370	658
370	565
372	373
372	378
372	446
372	622
372	376
372	759
373	376
373	987
374	379
374	943
374	377
374	979
375	379
375	527
375	612
376	377
377	919
377	496
378	379
380	384
380	386
381	383
381	384
381	931
381	385
381	753
382	387
382	385
382	383
382	386
383	385
383	384
383	386
384	386
384	387
385	387
388	392
388	389
388	390
389	394
389	707
390	392
390	443
390	490
391	396
391	637
391	394
392	702
393	395
393	793
393	658
394	396
394	818
395	687
397	402
397	403
397	922
398	400
398	683
398	402
399	405
399	401
399	400
400	401
400	405
402	404
402	403
402	984
403	579
404	405
404	435
404	645
406	408
406	414
406	407
406	413
406	410
406	409
406	412
407	411
407	413
407	412
407	410
408	414
408	410
408	409
409	411
409	413
409	414
410	411
410	414
410	412
410	413
411	412
412	413
412	428
413	414
413	597
413	562
414	428
415	418
415	420
415	416
415	605
416	419
416	418
416	420
416	575
417	422
417	421
417	423
418	419
418	663
419	420
419	596
419	855
420	631
421	422
421	423
422	423
422	732
423	593
425	429
425	426
425	430
427	430
427	428
428	429
428	431
428	430
428	432
428	593
429	432
433	436
434	439
434	435
435	442
435	441
436	438
436	439
437	442
437	439
437	904
438	439
438	442
438	441
440	441
440	442
440	630
443	451
444	452
444	448
445	450
445	447
445	448
445	704
446	451
447	452
449	450
450	495
451	452
452	582
453	454
453	463
453	458
454	458
454	463
455	457
455	456
455	459
456	461
456	460
456	462
457	461
457	460
457	462
457	459
458	463
459	460
459	462
460	461
460	462
461	462
464	468
464	469
464	472
464	467
464	471
464	473
465	470
465	474
465	466
465	604
466	470
466	474
466	917
467	468
467	471
467	469
467	473
467	472
468	469
468	473
468	472
469	471
469	472
469	473
470	474
470	754
471	473
471	472
472	473
474	656
475	479
475	484
475	482
476	478
476	483
476	480
476	485
477	479
477	485
477	484
477	586
478	482
478	480
478	481
479	482
479	484
479	485
479	997
480	482
481	484
481	483
482	485
483	484
485	906
486	489
486	493
487	492
487	951
488	490
488	489
488	492
489	494
489	491
489	496
490	493
490	497
491	497
492	498
492	495
493	693
493	498
493	820
494	496
496	497
499	514
499	516
499	507
499	506
499	505
499	832
499	958
499	594
499	754
499	883
500	503
500	501
500	508
500	519
501	503
501	519
501	508
502	506
502	516
502	504
502	505
502	518
502	636
502	837
502	640
502	526
502	720
502	593
502	611
503	508
503	512
504	513
504	509
504	518
504	507
504	658
504	763
504	525
504	754
504	796
504	651
505	520
505	507
505	804
505	695
505	525
505	583
505	759
505	883
505	511
505	983
506	509
506	510
506	518
506	513
506	625
506	615
506	514
506	575
507	520
507	518
507	510
507	514
507	651
507	509
507	822
507	695
507	611
507	792
507	907
507	989
508	512
508	519
509	511
509	796
509	594
509	762
510	639
510	755
510	651
510	640
510	868
510	776
510	751
510	774
511	516
511	518
511	520
511	514
511	902
511	862
511	893
512	519
512	790
513	518
513	516
513	520
513	931
513	583
513	715
513	754
514	520
514	639
514	796
514	583
514	884
514	549
514	544
515	517
515	622
515	701
515	609
515	882
515	716
515	954
515	713
516	723
516	745
516	615
517	878
517	844
517	761
517	562
517	942
518	654
518	602
518	643
519	532
520	853
520	822
520	745
520	931
520	634
521	916
521	684
521	866
521	900
521	775
521	656
521	863
522	995
522	654
522	749
522	708
522	972
522	928
522	623
522	734
523	538
523	888
523	928
523	955
523	749
523	971
523	806
523	746
524	660
524	686
524	578
524	929
524	786
524	724
524	799
524	677
525	837
525	958
525	594
525	868
525	723
525	751
525	938
525	777
526	625
526	766
526	958
526	973
526	884
526	832
526	826
526	590
527	817
527	736
527	922
527	904
527	619
527	539
527	863
527	851
527	803
528	604
528	778
528	985
528	536
528	859
528	926
528	564
528	980
529	878
529	886
529	942
529	603
529	752
529	555
529	609
529	701
529	761
529	874
530	896
530	644
530	710
530	632
530	912
530	610
530	871
530	666
531	987
531	619
531	735
531	873
531	817
531	683
532	841
532	665
532	827
532	957
532	559
532	809
532	585
532	769
533	596
533	951
533	961
534	953
534	686
534	667
534	757
534	688
534	660
534	925
534	786
534	570
534	968
534	965
534	933
534	875
535	603
535	839
535	917
535	713
536	778
536	890
536	963
536	985
537	922
537	705
537	877
538	897
538	696
538	542
538	846
538	749
538	563
538	971
538	674
538	943
538	746
538	937
538	949
538	888
538	982
538	652
538	972
539	866
539	706
539	735
539	797
539	851
540	941
540	616
540	840
540	898
540	810
541	818
541	828
541	943
541	654
541	982
541	707
541	643
541	846
541	542
541	630
541	563
542	928
542	971
542	643
542	937
542	623
542	546
542	814
542	563
542	617
543	968
543	929
543	686
543	688
543	641
543	568
543	724
543	667
543	655
543	945
543	767
543	965
544	690
544	617
544	746
544	943
544	806
544	548
544	601
544	971
545	672
545	600
545	892
545	589
546	630
546	654
546	746
546	708
546	897
546	690
546	674
546	643
546	652
546	814
547	872
547	940
547	673
547	802
547	780
548	795
548	643
548	617
548	563
548	928
548	588
548	949
548	914
548	708
548	870
548	897
548	951
549	920
549	967
549	614
549	812
550	776
550	720
550	837
550	826
550	651
550	796
550	819
550	774
550	981
550	958
550	893
550	575
551	612
551	903
551	624
552	870
552	984
552	739
552	997
553	969
553	984
553	626
554	678
554	760
554	912
554	717
554	675
554	891
554	738
555	609
555	917
555	752
555	713
555	714
556	621
556	632
556	924
556	666
556	675
556	996
556	830
556	871
556	748
556	608
556	889
557	818
557	588
557	623
557	943
557	949
557	749
557	928
557	581
557	674
557	842
558	600
558	910
558	574
558	790
558	808
558	993
559	571
559	836
559	645
559	721
559	628
559	827
559	781
559	905
559	909
559	944
560	990
560	687
560	710
560	606
560	697
560	830
560	627
561	670
561	981
561	826
561	754
561	595
561	853
561	931
561	868
561	768
561	742
561	819
562	844
562	878
562	701
562	917
562	976
562	954
562	882
562	942
563	914
563	970
563	828
563	630
563	842
563	707
563	746
563	806
563	734
564	890
564	604
564	859
564	676
565	598
565	920
565	614
566	673
566	936
566	679
566	638
566	599
567	898
567	638
567	802
567	899
567	572
567	918
567	580
567	607
568	953
568	667
568	929
568	875
568	786
568	578
568	933
568	570
568	945
568	986
568	799
568	724
568	660
569	751
569	934
569	958
569	636
569	805
569	651
569	611
569	883
569	590
569	938
569	774
569	884
569	755
569	822
569	698
569	591
570	702
570	784
570	945
570	649
570	799
570	660
570	641
570	875
570	953
570	650
570	667
571	957
571	905
571	836
571	960
571	769
571	998
571	885
571	645
571	841
571	682
571	585
572	780
572	834
572	679
572	845
572	848
572	899
572	638
572	815
573	584
573	848
573	580
573	607
573	834
573	991
573	811
573	699
574	858
574	770
574	633
574	880
574	923
574	829
574	597
574	719
575	804
575	640
575	741
575	668
575	715
575	625
575	902
575	766
575	837
575	983
575	582
575	594
575	776
575	595
575	629
575	762
576	661
576	737
576	725
576	854
576	930
576	671
576	631
576	790
576	879
576	829
576	858
577	656
577	877
577	860
577	851
578	688
578	965
578	925
578	784
578	929
578	667
578	650
578	757
579	789
579	820
579	941
579	898
580	899
580	918
580	810
580	599
580	586
580	850
580	635
581	818
581	972
581	828
581	696
581	654
581	782
581	652
581	749
581	601
581	806
581	955
582	804
582	703
582	642
582	590
582	853
582	651
582	902
583	902
583	703
583	639
583	893
583	946
583	804
583	741
583	668
583	629
583	883
583	934
584	855
584	780
584	692
584	952
584	810
584	596
585	998
585	841
585	975
585	740
585	665
585	885
585	648
586	951
586	779
586	764
587	838
587	947
587	618
587	867
587	733
588	674
588	734
588	749
588	700
588	694
588	746
588	928
588	970
588	601
589	750
589	959
589	631
589	758
589	979
589	927
589	892
589	600
589	747
589	948
590	730
590	768
590	983
590	791
590	893
590	642
590	636
590	640
590	902
591	884
591	602
591	715
591	615
591	946
592	756
592	632
592	697
592	906
592	924
592	785
592	748
593	615
593	981
593	640
593	703
593	934
593	741
593	642
593	636
594	625
594	989
594	934
594	745
594	776
594	983
594	774
594	741
594	837
594	720
594	759
595	651
595	658
595	670
595	762
595	832
595	819
595	611
595	720
595	730
595	981
596	845
596	729
596	940
596	800
596	787
597	620
597	894
597	979
597	808
597	773
597	854
597	672
597	671
597	758
598	732
598	614
599	815
599	840
599	834
599	699
599	635
599	952
599	692
599	646
600	605
600	663
600	631
600	659
600	829
600	773
600	880
600	910
600	660
601	696
601	700
601	943
601	746
601	643
601	652
601	972
601	846
601	928
601	690
602	634
602	883
602	639
602	751
602	934
602	981
603	942
603	878
603	761
603	886
603	844
603	954
603	876
604	676
604	926
605	747
605	663
605	923
605	661
605	959
605	948
606	756
606	988
606	891
606	831
606	687
606	912
606	726
606	869
606	992
606	994
606	939
606	608
607	613
607	825
607	616
607	961
608	711
608	924
608	992
608	964
608	891
608	871
608	687
608	906
608	632
608	994
609	917
609	627
609	704
609	954
610	906
610	908
610	710
610	996
610	889
610	756
610	988
610	717
611	776
611	934
611	745
611	742
611	754
611	989
611	639
612	793
612	624
612	864
612	935
612	712
612	629
613	692
613	646
613	845
614	920
614	732
614	812
615	883
615	884
615	822
615	804
615	893
615	755
615	730
615	766
615	805
615	642
615	973
616	919
616	835
616	679
616	779
616	918
616	787
616	951
616	780
616	843
617	971
617	995
617	674
617	970
617	734
617	937
617	828
617	643
617	708
617	782
617	697
619	772
619	797
619	706
619	803
619	647
620	999
620	959
620	930
620	892
620	894
620	808
620	927
620	977
621	785
621	964
621	896
621	891
621	657
621	831
621	996
621	889
621	697
622	714
622	713
622	704
622	627
622	917
622	839
622	882
623	846
623	818
623	700
623	814
623	798
623	937
624	903
624	935
624	794
625	902
625	883
625	670
625	658
625	832
625	759
625	766
625	777
625	763
625	983
625	715
625	668
626	984
626	966
626	753
626	739
626	870
626	969
626	997
627	722
627	844
628	680
628	885
628	905
628	781
628	721
628	944
628	913
628	960
628	665
628	841
629	805
629	639
629	763
629	832
629	862
629	792
629	668
629	934
629	741
630	972
630	643
630	818
630	914
630	814
630	971
630	937
630	654
630	674
631	633
631	728
631	857
631	962
631	910
631	894
632	891
632	801
632	906
632	644
632	678
632	990
632	901
632	785
633	849
633	765
633	879
633	659
634	805
634	832
634	822
634	768
634	741
634	658
634	693
634	755
634	804
635	815
636	884
636	832
636	981
636	668
636	695
636	745
636	720
637	743
637	773
637	709
637	790
637	664
637	747
637	962
638	779
638	855
638	899
638	787
638	835
638	833
638	810
639	670
639	751
639	973
639	642
639	804
639	763
639	791
639	768
640	670
640	819
640	796
640	868
640	822
640	762
640	745
640	832
640	768
641	667
641	875
641	925
641	965
641	650
641	799
641	702
641	929
641	945
641	688
642	862
642	958
642	763
642	651
642	766
642	868
642	946
642	670
642	832
643	818
643	971
643	718
643	842
643	694
643	897
643	734
643	949
643	955
643	708
643	770
644	988
644	912
644	871
644	711
644	908
644	996
644	994
645	836
645	960
645	913
645	680
645	885
645	648
646	845
646	764
646	834
646	825
647	922
647	900
647	705
647	821
647	803
648	809
648	909
648	885
648	682
648	721
648	665
648	998
648	740
649	686
649	965
649	921
649	925
649	875
649	757
649	677
649	784
650	945
650	702
650	968
650	784
650	929
650	686
650	986
651	868
651	791
651	804
651	805
651	730
651	745
651	983
651	720
652	828
652	696
652	928
652	708
652	806
652	982
652	888
652	937
652	818
653	733
653	867
654	782
654	718
654	674
654	943
654	798
654	746
654	971
654	696
654	694
654	888
655	686
655	660
655	921
655	887
655	784
655	847
655	757
655	986
656	873
657	717
657	785
657	988
657	891
658	792
658	670
658	668
658	742
658	868
659	790
659	894
659	750
659	662
659	770
660	965
660	784
660	702
660	968
660	686
660	933
660	875
660	724
661	750
661	725
661	865
661	857
661	743
661	672
661	824
661	854
661	977
661	993
662	993
662	719
662	693
662	770
662	709
662	664
662	728
663	747
663	880
663	765
663	691
663	974
663	728
664	824
664	758
664	865
664	750
664	790
664	672
665	680
665	721
665	909
665	901
666	996
666	675
666	717
666	906
666	785
666	912
667	686
667	688
667	786
667	968
667	945
667	757
667	965
668	804
668	981
668	868
668	763
668	860
668	822
669	750
669	956
669	728
669	880
669	709
669	892
669	927
670	741
670	796
670	695
670	774
670	832
670	804
670	723
670	989
671	808
671	962
671	747
671	977
671	750
671	685
671	959
671	894
672	765
672	930
672	790
672	979
673	699
673	835
673	679
674	955
674	970
674	782
674	828
675	901
675	988
675	760
675	678
675	889
675	830
675	994
675	939
675	717
676	985
676	890
676	859
676	778
677	786
677	784
677	921
677	965
677	945
677	847
677	887
677	724
677	968
677	799
678	748
678	939
678	994
678	697
678	801
678	738
678	744
678	785
678	901
678	896
678	992
678	687
679	845
679	919
679	941
679	699
679	811
679	852
679	899
679	991
680	913
680	909
680	975
680	957
680	885
680	905
681	863
681	860
681	900
681	803
681	821
682	740
682	960
682	827
682	998
682	909
682	836
682	781
682	913
683	851
683	866
683	904
683	775
684	860
684	706
684	803
684	966
685	910
685	824
685	894
686	784
686	875
686	925
686	968
686	799
687	901
687	785
687	711
687	830
687	990
687	710
688	986
688	887
688	786
688	724
688	921
689	793
689	864
689	712
690	955
690	818
690	982
690	707
690	749
690	888
690	708
690	897
690	798
691	930
691	959
691	910
691	956
691	773
691	747
691	719
691	880
691	849
692	783
692	936
692	872
693	709
693	854
693	974
693	979
693	865
693	719
693	927
693	892
693	773
694	971
694	806
694	842
694	846
694	746
695	832
695	934
695	741
696	806
696	746
696	795
696	718
696	972
696	982
697	908
697	711
697	748
697	924
698	950
698	816
698	771
698	978
699	780
699	800
699	729
699	952
700	995
700	734
700	970
700	982
700	718
701	722
701	788
702	887
702	786
702	925
702	965
702	757
702	968
702	875
702	921
702	929
702	847
703	796
703	759
703	766
703	983
703	777
703	762
703	768
704	917
704	722
704	882
704	878
705	767
705	895
705	987
705	866
706	735
706	821
706	876
706	736
707	937
707	949
707	782
707	914
707	734
707	806
708	842
708	798
708	828
708	718
709	849
709	773
709	894
709	979
709	959
710	964
710	896
710	992
710	881
710	726
710	908
711	744
711	881
711	901
711	994
711	939
711	760
711	896
712	864
712	793
712	903
712	794
713	844
713	886
714	954
714	942
715	958
715	902
715	777
715	938
715	766
716	942
716	752
716	878
717	908
717	924
717	881
717	994
717	992
717	785
717	830
717	756
717	748
718	888
718	928
718	897
719	743
719	894
719	923
719	829
719	807
719	993
720	853
720	819
720	777
720	981
720	973
721	944
721	781
721	827
721	740
722	917
722	976
722	878
722	874
722	752
723	745
723	762
723	958
723	981
723	983
723	989
723	822
723	776
724	953
724	925
724	757
724	986
724	784
724	929
725	854
725	977
725	858
725	807
726	871
726	891
726	988
726	939
726	889
726	926
727	987
727	863
727	900
728	879
728	765
728	865
728	770
728	927
728	999
728	854
728	857
729	811
729	848
729	780
729	861
729	813
729	952
730	934
730	837
730	822
730	805
731	879
731	743
731	993
731	824
731	923
731	865
731	747
731	750
731	803
732	920
732	812
733	867
733	911
733	838
734	897
734	970
734	842
734	749
734	798
735	851
735	767
735	873
735	916
736	772
736	863
737	910
737	743
737	750
737	856
737	854
737	808
738	881
738	785
738	744
738	871
738	996
738	748
738	906
738	869
738	831
739	870
739	997
739	753
739	966
740	827
740	957
740	905
740	885
740	998
740	909
740	995
741	777
741	938
741	862
741	853
741	754
742	805
742	934
742	763
743	962
743	865
743	894
743	959
743	948
743	956
744	831
744	901
744	996
744	994
744	988
744	785
744	801
745	822
745	973
745	853
745	902
746	806
746	897
746	943
746	828
746	928
747	856
747	865
747	829
747	807
747	880
747	808
747	927
747	993
748	831
748	908
748	760
748	871
748	990
748	996
749	897
749	818
750	974
750	790
750	857
750	854
751	862
751	973
751	768
751	805
751	853
751	958
751	791
751	931
752	839
754	981
754	826
754	805
755	934
755	946
755	861
756	912
756	994
758	824
758	865
758	765
758	854
758	923
759	973
759	762
759	989
759	822
760	901
760	891
760	988
761	976
761	886
762	805
762	946
762	862
762	777
763	832
764	961
764	823
764	918
764	840
765	858
765	993
765	857
765	856
766	804
766	768
766	981
767	877
768	958
768	796
769	809
769	998
769	905
769	913
769	841
769	781
770	865
770	979
771	978
771	816
771	950
772	987
772	775
772	877
772	860
773	927
773	829
773	999
774	868
774	792
775	821
775	978
776	934
776	792
776	805
776	837
776	981
776	893
777	832
777	862
777	902
778	926
778	859
779	825
779	855
779	940
779	783
779	961
779	861
779	787
779	907
779	872
779	898
780	848
780	991
780	855
780	835
780	800
781	905
781	836
781	841
781	809
781	957
781	975
781	944
782	970
782	928
782	846
782	972
782	888
782	955
782	943
783	852
783	820
783	800
783	861
783	787
783	850
784	965
784	786
784	968
784	953
784	929
785	939
785	964
785	891
786	945
786	887
786	933
786	968
786	799
787	961
787	800
787	872
787	820
788	976
788	844
788	874
788	816
788	839
789	936
789	843
790	927
790	962
791	981
791	796
791	902
791	846
792	796
792	973
792	805
792	868
792	853
793	903
793	864
793	796
794	903
794	864
794	935
794	971
795	937
795	798
795	828
795	972
795	982
796	822
797	851
797	895
797	936
798	943
798	914
798	995
799	968
799	875
799	933
800	852
800	919
800	825
800	813
800	940
800	811
800	855
800	872
801	924
801	964
801	901
802	848
802	907
802	810
802	861
803	900
803	873
803	851
803	876
804	934
804	973
805	946
805	868
806	937
806	971
806	972
807	959
807	849
807	857
807	956
807	829
807	948
807	824
808	829
808	959
808	856
808	849
809	841
809	913
809	944
809	827
810	852
810	848
811	898
811	823
811	951
811	932
812	967
813	823
813	861
813	834
813	852
814	897
814	828
814	914
814	970
814	928
814	971
814	949
815	861
815	848
815	919
816	950
817	873
817	904
818	846
818	971
818	888
818	943
819	884
819	893
819	934
820	919
820	907
821	900
822	934
822	989
823	850
824	857
824	854
824	858
824	962
824	894
825	936
825	918
825	932
826	883
826	983
826	934
826	902
827	998
827	885
827	975
827	836
827	913
827	944
827	960
828	846
828	982
828	943
828	955
829	857
829	979
830	992
830	939
830	901
831	924
831	996
831	912
831	901
833	899
833	936
833	834
834	932
835	907
836	944
836	975
837	862
837	989
837	981
837	938
837	902
838	911
838	867
838	947
839	874
839	976
840	855
841	905
841	944
841	957
841	885
842	972
842	971
842	949
842	928
842	970
843	918
843	907
843	932
843	919
843	850
844	976
844	882
845	918
845	932
846	937
846	955
846	971
846	914
847	965
847	925
847	953
847	986
848	952
848	936
848	951
848	918
849	977
849	927
850	936
851	922
851	895
852	915
853	938
853	946
854	977
854	858
854	999
856	879
856	927
856	930
857	962
858	880
858	959
859	926
859	980
859	963
861	991
861	961
862	884
863	866
863	987
864	903
865	993
865	927
865	977
866	876
867	947
867	911
868	893
869	994
869	881
870	966
870	969
870	995
871	912
871	988
871	939
871	891
871	882
872	961
873	895
874	886
874	976
875	929
875	933
875	887
875	925
877	916
878	882
878	886
878	954
879	948
879	977
880	993
880	923
881	901
881	990
881	994
881	992
881	988
881	924
882	886
882	917
883	902
884	958
884	973
884	934
885	960
885	957
885	913
886	942
887	968
887	921
887	965
887	925
888	949
888	995
888	971
889	994
889	924
890	985
890	980
890	963
891	990
891	939
892	930
892	956
892	910
892	977
893	902
893	938
894	993
896	939
896	912
896	996
897	914
897	970
897	928
897	955
897	982
898	919
899	915
900	916
901	939
902	958
902	931
902	983
903	935
904	916
905	975
906	908
906	964
907	952
908	990
908	964
908	939
908	988
909	975
909	944
910	977
913	975
913	957
913	944
914	937
914	971
914	970
914	995
914	972
915	918
916	987
918	991
919	941
919	961
920	967
921	953
923	930
924	964
924	939
924	988
925	986
925	933
926	980
927	993
929	953
929	933
933	965
933	986
933	945
934	958
934	946
937	970
938	973
940	951
940	941
941	978
944	960
944	957
945	953
945	986
946	989
948	993
948	974
948	977
950	978
953	965
953	986
954	976
955	982
955	971
956	962
956	977
957	998
959	999
959	993
963	985
965	968
966	969
966	984
968	986
969	984
971	995
975	998
975	985
980	985
