0	557
0	610
0	190
0	860
0	189
1	639
1	909
1	975
1	947
1	768
1	656
1	601
2	971
2	669
2	752
2	626
2	933
2	766
2	916
2	665
2	40
2	99
3	478
3	806
3	471
3	750
3	487
3	569
3	438
3	469
3	955
3	853
3	463
3	834
3	486
3	747
4	908
4	815
4	719
4	334
4	332
4	230
4	789
4	224
4	659
5	925
5	678
5	86
5	279
5	446
5	285
6	933
6	629
6	626
6	736
6	713
6	752
6	897
6	756
6	766
6	705
7	9
7	854
7	949
7	13
7	814
7	711
7	315
7	73
7	848
7	236
8	11
8	998
8	945
8	649
8	579
8	13
8	753
8	798
8	898
8	231
9	13
9	691
9	820
9	898
9	798
9	71
9	73
9	156
9	927
10	13
10	11
10	111
10	814
10	649
10	73
10	655
10	315
10	734
10	801
11	12
11	631
11	945
11	74
11	71
11	711
11	655
11	159
12	734
12	636
12	998
12	684
12	740
12	317
12	320
12	995
12	233
13	945
13	111
13	740
13	998
13	74
13	848
14	15
14	16
14	298
14	297
14	95
14	97
14	296
14	387
14	559
14	328
15	18
15	298
15	91
15	17
15	780
15	387
15	95
15	390
15	296
16	297
16	17
16	296
16	55
16	615
16	765
16	387
16	550
16	593
17	18
17	297
17	326
17	91
17	685
17	389
17	423
18	297
18	296
18	325
18	559
18	326
18	550
18	55
18	430
19	295
19	299
19	851
19	837
19	301
19	94
19	427
19	924
19	432
19	324
20	294
20	300
20	92
20	340
20	790
20	624
20	292
21	573
21	429
21	771
21	693
21	26
22	27
22	320
22	24
22	131
22	740
22	345
22	343
22	840
23	26
23	166
23	101
23	543
23	564
23	24
24	575
24	417
25	556
25	819
25	128
25	268
25	26
25	691
25	695
25	462
26	579
26	29
27	48
27	677
27	447
28	121
28	277
28	125
28	737
28	122
28	225
28	146
29	32
29	121
29	124
30	34
30	121
30	124
30	279
30	275
30	123
30	122
30	271
30	273
30	125
31	273
31	274
31	124
31	32
31	324
31	125
31	276
31	101
31	748
32	34
32	122
32	274
32	504
33	279
33	277
33	125
33	696
34	119
34	121
34	727
34	103
34	462
34	122
35	36
35	40
35	167
35	665
35	38
35	690
35	766
35	986
35	606
35	613
36	39
36	163
36	952
36	629
36	626
36	161
36	897
36	965
36	761
37	341
37	918
37	372
37	815
37	44
38	41
38	166
38	165
38	916
38	933
38	552
38	690
38	626
38	862
39	41
39	161
39	167
39	653
39	933
39	965
39	664
39	766
39	40
40	41
40	669
40	933
40	826
40	592
40	897
40	971
41	940
41	756
41	167
41	592
41	753
41	620
42	84
42	45
42	43
42	404
42	434
42	47
42	512
42	48
43	45
43	48
43	46
43	456
43	84
43	454
44	47
44	456
44	458
44	46
44	469
44	851
44	45
44	137
44	116
45	458
45	113
45	47
45	931
45	603
45	440
45	460
46	454
46	458
46	116
46	631
46	48
46	795
46	49
46	100
47	48
47	460
47	456
47	740
47	962
47	656
47	728
48	113
48	220
48	940
48	855
49	919
49	413
49	712
49	642
49	748
49	970
49	981
49	648
49	622
50	54
50	258
50	253
50	973
50	764
50	385
50	415
50	177
50	696
50	797
51	843
51	587
51	757
51	805
51	618
51	394
51	983
52	53
52	132
52	637
52	853
52	794
52	842
52	968
52	476
52	781
52	549
53	637
53	842
53	130
53	826
53	795
53	973
53	764
53	718
53	470
54	257
54	741
54	872
54	826
54	802
54	384
54	675
54	786
55	550
55	685
55	95
55	430
55	266
55	325
55	96
56	62
56	57
56	60
56	352
57	62
57	60
57	353
58	61
58	59
58	292
59	61
60	62
60	464
62	463
63	69
63	66
63	216
63	214
63	213
63	65
63	406
63	242
63	98
63	401
64	67
64	403
64	211
64	100
64	68
64	286
65	214
65	216
65	210
65	66
65	400
65	212
65	239
65	243
65	404
66	216
66	215
66	400
66	402
66	69
66	242
66	401
66	101
67	211
67	100
67	286
67	284
67	181
67	283
68	403
68	100
68	280
68	152
68	168
68	150
69	212
69	213
69	241
69	104
69	405
69	216
69	215
69	242
70	74
70	848
70	73
70	76
70	927
70	597
70	71
70	319
70	233
70	316
71	73
71	75
71	711
71	655
71	814
71	740
71	317
72	76
72	848
72	655
72	604
72	335
72	636
72	75
72	734
72	597
72	319
73	773
73	854
73	157
73	273
73	636
74	740
74	597
74	711
74	814
74	798
74	961
74	318
75	691
75	335
75	321
75	684
75	237
75	820
75	579
75	931
76	631
76	579
76	773
76	898
76	691
76	317
76	321
76	995
77	817
77	78
77	823
77	749
77	994
77	714
77	544
77	432
77	606
78	994
78	746
78	817
78	611
78	83
78	867
78	889
78	267
78	246
79	83
79	714
79	954
79	976
79	776
79	817
79	962
79	824
79	844
79	267
80	724
80	967
80	530
80	533
80	423
81	83
81	586
81	749
81	962
81	611
81	824
81	817
81	823
81	821
81	188
82	811
82	895
82	807
82	839
83	556
83	821
83	714
83	749
83	544
83	817
83	202
84	89
84	90
85	87
85	86
85	446
85	453
86	87
86	925
87	449
87	721
88	448
88	907
88	641
88	679
88	992
88	326
88	690
89	90
91	96
91	97
91	95
91	298
91	685
91	326
91	965
92	300
92	294
92	93
92	828
92	790
92	816
93	958
93	294
93	828
93	339
93	816
93	300
94	299
94	584
94	433
94	426
94	324
94	427
94	924
94	131
94	985
95	96
95	97
95	297
95	431
95	298
95	751
96	307
96	97
96	297
96	778
96	780
96	328
96	550
97	685
97	390
97	387
97	430
97	487
97	297
98	99
98	102
98	103
98	240
98	244
98	402
98	400
98	399
98	401
99	103
99	242
99	239
99	401
99	406
99	174
99	561
99	400
100	403
100	283
100	182
101	103
101	244
101	210
101	213
101	102
101	238
102	103
102	243
102	240
102	405
102	210
102	213
102	250
102	401
103	242
103	240
103	164
103	210
103	241
104	241
104	244
104	242
104	399
104	314
104	762
104	400
104	240
105	803
105	603
105	917
105	980
105	588
105	633
105	939
105	231
105	295
105	148
106	110
106	917
106	869
106	590
106	950
106	915
106	980
106	896
106	319
107	632
107	555
107	572
107	882
107	578
107	628
107	879
107	529
107	951
107	647
108	845
108	951
108	732
108	646
108	555
108	698
108	532
108	891
109	608
109	847
109	772
109	845
109	783
109	953
109	578
109	451
109	572
109	532
110	852
110	980
110	950
110	960
110	701
110	299
111	579
111	684
111	700
111	995
111	927
111	848
111	321
111	597
112	115
112	463
112	461
112	467
112	455
112	439
112	438
112	808
112	195
112	158
112	533
112	750
113	454
113	456
113	458
113	116
113	460
114	455
114	464
114	465
114	466
114	461
114	467
114	463
114	336
114	858
114	438
114	574
114	739
115	461
115	466
115	464
115	455
115	465
115	356
115	574
115	779
115	963
115	438
115	922
116	460
116	454
116	458
116	456
117	457
117	462
117	337
117	777
117	996
117	345
117	346
117	709
118	459
118	733
118	978
118	702
119	121
119	122
119	273
119	120
119	278
119	279
119	416
120	276
120	123
120	122
120	274
120	277
120	124
120	121
120	275
120	376
121	273
121	125
121	123
121	359
122	124
122	276
122	274
122	739
123	276
123	277
123	274
123	279
123	236
123	980
123	254
124	125
124	277
124	273
124	278
124	390
125	279
125	275
125	274
125	968
126	685
126	765
126	550
126	559
126	387
126	429
126	818
126	431
126	296
126	509
127	128
127	612
127	327
127	419
127	139
128	612
128	327
128	758
129	130
129	132
129	826
129	254
129	542
129	968
129	794
129	221
129	802
129	616
130	385
130	384
130	797
130	826
130	794
130	795
130	741
130	802
131	851
131	295
131	425
131	324
131	389
131	573
131	924
132	386
132	637
132	384
132	388
132	254
132	786
132	968
132	991
133	137
133	136
133	153
133	170
133	339
133	902
133	703
134	135
134	148
134	170
134	138
134	137
134	652
135	137
135	148
135	153
135	172
135	136
135	860
135	747
136	138
136	139
136	784
136	256
137	174
137	153
137	148
137	139
137	169
137	665
138	147
138	310
138	769
138	170
138	437
139	148
139	174
139	172
139	578
140	145
140	141
140	146
140	500
141	145
141	146
141	505
142	144
142	306
142	909
142	361
143	304
143	302
143	614
144	305
144	306
144	656
145	146
145	498
147	172
147	174
147	153
147	170
147	169
147	148
147	400
147	378
148	153
148	313
148	169
148	170
148	174
149	151
149	173
150	152
150	168
150	171
151	173
152	168
152	171
152	653
153	172
153	174
153	170
153	169
153	360
153	322
154	157
154	316
154	231
154	700
154	742
155	156
155	734
155	317
155	841
155	231
155	927
156	158
156	631
156	949
156	159
156	237
156	734
157	700
157	481
157	682
157	734
157	798
157	828
157	244
158	949
158	321
158	655
158	961
158	235
158	320
158	218
158	684
159	579
159	160
159	604
159	927
159	318
159	597
159	907
159	655
160	898
160	691
160	395
160	236
160	631
161	165
161	164
161	163
161	699
161	690
161	986
161	761
162	599
162	607
163	167
163	606
163	965
163	736
163	971
163	984
163	393
163	165
164	165
164	166
164	629
164	756
164	940
164	862
164	986
164	167
165	166
165	690
165	952
165	713
165	653
165	381
166	167
166	669
166	665
166	952
166	713
167	736
167	818
167	862
167	766
168	171
168	309
169	172
169	174
169	888
169	657
170	172
170	177
170	699
171	309
171	415
172	174
174	801
174	422
174	433
175	285
175	281
175	362
175	179
175	176
175	363
175	423
175	979
176	363
176	364
176	178
176	366
176	179
176	894
176	576
177	286
177	284
177	365
177	280
177	716
177	878
177	770
178	366
178	281
178	179
178	363
178	180
178	361
178	251
178	994
178	282
179	180
179	281
179	285
179	360
179	361
179	703
179	859
179	364
180	366
180	363
180	361
180	360
180	282
180	285
181	280
181	359
181	283
181	286
181	284
181	211
181	247
181	486
182	184
182	197
182	271
182	962
182	269
182	976
182	698
182	823
182	824
183	185
183	270
183	188
183	187
183	186
183	954
183	746
183	611
183	867
184	187
184	200
184	201
184	272
184	188
184	714
184	763
184	419
185	188
185	186
185	202
185	267
185	269
185	197
185	270
185	196
185	199
186	188
186	201
186	196
186	391
186	202
186	881
186	824
186	199
187	267
187	270
187	200
187	202
187	197
187	556
187	998
187	954
188	269
188	199
188	268
188	711
188	997
189	190
189	610
189	557
189	860
190	860
190	610
191	884
191	644
191	577
191	621
191	841
191	568
191	873
191	856
191	316
192	963
192	808
192	581
192	558
192	760
192	941
192	541
192	829
192	562
192	463
193	731
193	339
193	816
193	624
193	828
193	790
193	294
193	982
194	793
194	909
194	902
194	768
194	977
194	964
194	975
194	840
194	937
194	886
195	336
195	808
195	922
195	541
195	779
195	465
195	574
195	598
195	739
196	199
196	198
196	269
196	272
196	749
196	659
197	198
197	200
197	268
197	269
197	776
197	994
197	272
198	199
198	200
198	266
198	201
198	270
198	586
198	762
199	201
199	271
199	272
199	994
200	201
200	202
200	268
200	266
200	611
200	539
201	272
201	266
201	271
201	269
201	679
202	266
202	267
202	538
202	755
202	881
203	209
203	497
204	208
204	919
204	666
204	981
205	645
205	764
205	542
205	795
206	498
206	505
207	553
207	883
207	906
207	411
207	519
208	755
208	919
208	686
209	490
210	215
210	212
210	401
210	399
210	214
210	280
211	359
211	284
211	403
211	858
212	214
212	213
212	399
212	215
212	401
212	238
212	223
213	214
213	215
213	216
213	243
213	404
214	216
214	215
214	400
214	401
214	239
215	216
215	404
215	239
215	399
216	404
216	239
216	399
217	220
217	219
217	760
217	580
217	676
217	227
217	222
217	334
218	219
218	255
218	223
218	530
218	950
219	390
219	879
219	223
219	962
219	630
220	438
220	621
220	223
220	452
221	223
221	222
221	527
221	557
221	699
222	419
222	585
222	235
223	615
223	457
223	271
224	225
224	229
224	929
224	673
224	815
224	334
224	374
224	227
225	894
225	230
225	770
225	228
225	546
225	226
225	332
225	434
226	229
226	809
226	230
226	659
226	227
226	546
226	929
226	334
226	246
227	929
227	673
227	230
227	719
227	908
227	815
227	546
228	230
228	789
228	659
229	230
229	908
229	659
229	815
229	929
229	546
229	719
229	421
230	789
230	908
230	919
230	894
231	234
231	820
231	319
231	995
231	597
232	235
232	751
232	631
232	740
232	594
232	725
232	927
232	234
233	234
233	574
233	608
233	848
234	237
234	898
234	949
234	961
234	579
235	317
235	321
235	927
236	711
236	604
237	995
237	998
237	949
237	655
238	241
238	239
238	240
238	242
238	399
238	804
239	244
239	243
239	401
239	762
240	241
240	244
240	404
240	854
240	700
241	242
241	404
241	402
241	597
241	244
242	243
242	966
243	406
243	521
243	405
243	577
244	399
244	365
244	406
245	248
245	249
245	357
245	396
245	394
245	395
245	522
245	398
245	247
246	247
246	251
246	392
246	395
246	393
246	391
246	581
247	250
247	249
247	398
247	793
247	396
247	397
247	890
248	394
248	391
248	983
248	257
248	886
248	249
249	396
249	682
249	488
249	393
249	583
250	396
250	398
251	398
251	392
251	663
251	393
252	674
252	470
252	619
252	476
252	282
252	826
253	257
253	258
253	255
253	718
253	794
253	616
253	384
253	254
253	857
254	786
254	853
254	542
254	386
254	857
254	712
255	257
255	258
255	645
255	991
255	616
255	696
255	415
255	637
256	618
256	571
256	635
256	657
256	856
256	763
256	503
256	621
257	258
257	741
257	857
257	797
257	794
257	385
258	764
258	973
258	675
258	795
258	853
259	261
259	264
259	263
259	293
260	265
260	262
261	263
261	264
261	292
262	265
263	264
263	290
264	288
265	286
266	269
266	272
266	268
266	318
266	427
267	271
267	746
267	776
267	867
267	611
268	272
268	271
268	672
268	844
268	762
269	270
269	271
269	925
270	271
270	272
270	740
270	991
270	844
271	954
272	994
272	976
273	275
273	279
273	274
273	548
274	279
274	278
274	827
275	278
275	276
275	460
275	765
275	508
276	278
276	993
276	837
276	322
277	614
277	491
278	523
280	283
280	359
280	284
280	365
280	286
281	363
281	282
281	366
281	360
281	285
281	780
281	487
281	362
281	755
282	285
282	364
282	362
282	360
282	594
282	697
282	664
282	320
282	366
282	949
283	286
283	359
283	284
283	365
283	403
284	359
284	365
284	403
285	360
285	361
285	750
285	893
286	365
286	359
287	288
287	289
287	290
287	293
287	291
287	292
287	790
287	701
288	292
288	290
288	291
288	289
288	293
288	339
288	638
289	291
289	292
289	293
289	624
289	731
289	340
290	292
290	293
290	291
290	339
291	292
291	293
291	673
291	300
291	294
292	293
292	982
293	923
293	624
294	958
294	366
295	837
295	428
295	303
295	425
295	584
295	851
295	427
296	297
296	298
296	765
297	298
297	912
298	615
298	559
298	430
298	852
299	584
299	425
299	389
299	426
299	837
299	573
300	339
300	731
300	790
301	303
302	304
304	839
305	306
305	639
305	601
306	791
307	387
308	312
308	314
308	311
308	455
310	313
311	314
311	312
311	315
312	314
312	690
315	631
315	773
315	316
315	927
315	740
315	321
315	814
316	317
316	319
316	655
316	597
316	898
316	798
317	318
317	798
317	773
317	483
318	998
318	391
318	814
319	604
319	691
319	998
319	898
319	477
320	321
320	684
320	933
320	798
320	597
321	734
321	684
321	649
322	325
322	328
322	326
322	615
322	529
323	427
323	426
323	425
323	389
323	924
323	432
323	584
323	428
323	851
323	985
324	432
324	573
324	428
324	837
324	618
325	328
325	430
325	326
325	615
326	749
326	765
326	780
327	612
327	448
328	550
328	780
328	431
328	615
328	685
329	332
329	908
329	809
329	546
329	659
329	789
329	815
329	770
329	719
329	430
330	956
330	710
330	516
330	472
330	512
331	984
331	893
331	654
331	890
331	580
331	744
331	880
331	936
331	614
331	829
332	659
332	770
332	894
332	546
332	809
332	371
332	341
332	942
333	893
333	668
333	654
333	744
333	984
333	936
333	637
333	943
334	894
334	789
334	908
334	719
334	809
334	815
334	673
334	770
334	590
335	684
335	961
335	579
335	691
335	734
335	898
335	700
335	636
336	769
336	708
336	892
336	963
336	808
336	651
336	660
336	443
337	777
337	996
337	457
337	346
337	778
337	725
337	347
337	873
338	833
338	601
338	909
338	964
338	656
338	865
338	643
338	799
338	791
339	828
339	731
339	816
339	624
339	790
340	731
340	624
340	828
341	688
341	918
341	942
342	643
342	735
342	870
342	968
343	348
343	347
343	850
343	564
343	344
343	996
344	348
344	457
344	941
344	694
344	850
345	349
345	777
345	348
345	457
345	346
346	349
346	777
346	564
346	543
346	462
346	716
346	896
347	350
347	491
347	982
348	689
348	996
348	543
349	350
349	462
349	564
350	777
350	448
350	996
351	354
351	357
351	358
351	393
352	355
352	356
352	353
353	356
353	355
354	358
354	357
354	394
355	356
355	708
357	358
358	395
359	365
359	403
360	363
360	364
360	361
360	366
360	362
361	363
361	364
361	528
362	363
362	366
362	364
362	626
362	752
363	366
363	821
363	402
363	658
363	809
364	366
364	848
364	794
365	748
365	797
366	707
367	373
367	372
367	371
367	374
367	918
368	370
368	369
369	370
371	373
371	372
372	373
372	374
373	374
373	688
374	688
375	702
375	715
375	831
375	974
375	378
375	377
375	899
375	914
375	565
375	733
376	866
376	381
376	737
377	899
377	974
377	702
377	831
377	914
377	562
378	715
378	565
378	875
378	914
378	831
378	702
378	899
379	745
379	861
379	545
379	871
379	911
379	920
379	946
380	672
380	890
380	614
380	580
380	668
380	943
380	984
380	382
380	783
381	886
381	866
382	983
382	580
382	890
382	984
382	668
383	855
383	910
383	838
384	386
384	388
384	385
384	797
384	795
384	786
385	386
385	675
385	388
385	842
385	797
385	542
386	388
386	842
386	853
386	637
386	781
386	973
387	390
387	685
387	780
387	431
388	842
388	741
388	853
388	781
388	795
388	675
389	851
389	432
389	584
389	428
389	837
389	433
390	615
390	559
390	550
390	765
390	520
391	395
391	393
391	394
391	397
391	398
391	396
392	397
392	394
392	396
393	396
393	395
393	398
394	398
394	865
394	800
394	991
395	397
395	396
395	398
395	943
396	398
397	398
399	401
399	405
400	406
400	402
400	404
402	404
402	405
405	406
405	953
406	423
406	555
406	511
407	992
407	712
407	859
407	413
407	412
407	686
407	649
407	808
407	930
407	648
408	681
408	540
408	414
408	887
408	849
408	900
408	775
409	415
409	781
409	645
409	991
409	741
409	826
409	822
409	867
409	764
410	979
410	887
410	414
410	570
410	640
410	607
410	849
410	638
411	906
411	883
411	553
412	413
412	737
412	706
412	784
412	648
412	502
413	737
413	755
413	825
413	616
413	812
413	686
413	992
414	775
414	570
414	836
414	681
414	687
415	696
415	872
415	764
415	991
415	675
415	718
416	424
416	913
416	528
416	421
416	423
416	482
416	418
416	530
416	519
416	551
416	593
416	533
416	536
417	419
417	422
417	531
417	537
417	571
417	515
417	784
417	535
418	421
418	423
418	424
418	519
418	967
418	913
418	536
419	535
419	512
419	516
419	722
419	510
420	515
420	527
420	510
420	523
420	531
421	423
421	528
421	913
422	512
422	535
422	537
422	531
422	513
422	549
422	516
422	523
423	424
423	724
423	913
423	488
423	533
423	519
424	522
424	530
424	536
424	804
425	428
425	427
425	426
425	432
425	924
425	748
426	837
426	428
426	924
426	851
426	456
427	573
427	924
427	670
427	893
428	433
428	432
428	924
428	851
429	431
429	615
429	961
429	885
429	745
429	943
430	685
430	680
430	537
430	559
431	559
431	707
431	780
431	765
432	433
432	584
432	744
433	573
433	837
433	441
433	584
434	463
434	437
434	558
434	580
435	436
435	574
435	562
435	478
435	439
435	723
435	739
436	437
436	443
436	834
436	465
436	463
436	562
436	660
436	486
436	634
437	892
437	834
437	760
437	932
437	739
437	750
437	769
438	440
438	562
438	708
438	941
438	487
439	769
439	463
439	963
439	723
439	467
439	935
439	660
440	467
440	464
440	461
440	868
440	486
440	582
440	634
441	963
441	834
441	442
441	589
441	800
441	872
441	892
441	469
441	628
442	609
442	455
442	858
442	562
442	471
442	963
442	968
443	760
443	651
443	938
443	609
443	892
444	652
444	778
444	675
444	676
444	682
444	764
445	450
445	590
445	939
445	633
445	957
445	603
445	950
446	453
446	925
447	452
447	450
447	602
447	590
447	591
447	980
448	907
449	453
449	678
449	725
450	452
450	600
450	957
450	950
450	980
451	953
451	670
451	628
451	732
451	771
451	923
452	767
452	980
452	917
452	547
453	832
454	456
454	458
454	460
455	466
455	464
455	467
455	461
455	829
455	581
455	651
457	462
457	543
457	564
457	777
457	850
457	996
458	460
459	733
459	974
459	715
461	465
461	467
461	464
461	466
461	609
461	558
461	769
462	996
462	564
462	543
462	850
463	466
463	465
463	941
463	892
464	467
464	466
464	465
464	723
464	935
464	892
465	467
465	466
465	541
465	932
465	760
466	467
466	941
466	574
466	760
466	963
467	708
467	858
467	779
468	471
468	487
468	478
468	469
468	806
468	486
468	634
468	868
468	808
468	769
468	892
468	723
468	609
469	487
469	634
469	651
469	932
470	484
470	476
470	989
470	585
470	674
470	774
470	478
470	693
470	619
470	802
470	489
470	781
471	486
471	478
471	750
471	487
471	928
471	922
471	769
472	515
473	482
473	522
474	587
474	843
474	796
474	582
474	757
474	805
474	745
474	945
475	479
475	587
475	903
475	757
475	920
475	582
476	585
476	549
476	677
476	774
476	973
476	781
476	935
476	693
477	742
477	729
477	483
477	488
477	726
478	998
478	660
479	946
479	920
479	582
479	805
479	757
479	903
479	587
479	871
479	861
480	742
480	483
480	694
480	567
480	959
480	782
480	488
480	729
480	969
480	934
481	485
481	804
481	763
481	593
481	571
481	730
483	694
483	729
483	969
484	822
484	774
484	662
484	605
484	677
484	585
484	645
484	550
484	697
485	730
485	635
485	856
485	804
485	663
485	593
485	827
485	921
486	634
486	928
486	709
486	888
486	581
486	941
487	750
487	806
487	892
487	679
488	782
488	742
488	959
488	726
488	934
488	969
489	507
489	503
489	501
489	491
489	497
489	509
489	814
489	957
490	495
490	491
490	501
490	509
490	502
490	503
490	508
491	501
491	495
491	496
491	502
491	508
491	507
491	497
492	506
492	494
493	505
493	499
493	504
494	506
495	502
495	503
495	507
495	496
495	508
495	501
495	753
496	508
496	502
496	497
496	507
496	509
496	512
496	503
497	508
497	509
497	501
497	503
497	502
497	721
497	507
498	499
498	505
498	504
498	500
499	500
499	505
499	504
499	536
500	505
500	900
501	508
501	509
501	502
501	503
501	716
502	509
502	508
502	507
502	823
503	508
503	507
504	505
507	508
510	537
510	516
510	515
510	531
510	864
510	744
510	523
510	512
510	522
510	527
511	524
511	517
511	518
511	891
511	819
511	632
511	695
512	513
512	515
512	537
512	710
512	572
513	516
513	537
513	523
513	515
513	722
513	986
514	532
514	517
514	521
514	538
514	879
514	951
514	905
515	535
515	523
515	527
515	874
515	537
515	516
515	722
515	531
515	608
516	523
516	527
516	535
516	956
516	888
517	520
517	534
517	526
517	532
517	525
517	990
517	835
517	627
517	905
517	830
518	525
518	538
518	524
518	539
518	534
518	646
518	703
518	846
518	667
518	670
519	533
519	967
519	530
520	539
520	529
520	532
520	846
521	526
521	534
521	732
521	891
521	990
522	528
522	530
522	724
522	533
522	635
522	645
522	815
523	537
523	535
523	531
523	773
524	534
524	526
524	572
524	847
524	830
524	846
524	879
524	726
524	529
525	538
525	532
525	891
525	847
525	534
525	988
526	534
526	532
526	538
526	578
526	951
526	772
526	845
527	531
527	709
528	530
528	533
529	882
529	846
529	951
529	830
530	533
530	898
531	535
531	697
532	576
532	847
533	724
533	967
533	973
534	539
534	743
534	919
534	647
535	537
535	717
536	913
536	616
537	944
537	693
537	873
538	539
538	888
538	988
538	628
538	576
538	667
538	835
538	568
539	830
539	923
539	703
539	891
540	785
540	640
540	775
540	570
540	887
540	687
541	935
541	723
541	858
541	708
541	808
542	853
542	797
542	794
542	826
542	842
543	777
543	850
543	996
543	564
544	817
544	738
544	867
544	749
544	556
544	889
544	823
544	926
544	550
545	871
545	745
545	861
545	946
545	920
546	908
546	789
546	929
546	894
546	659
546	809
547	591
547	551
547	717
547	701
547	590
547	633
547	803
547	602
547	731
547	869
547	767
548	601
548	948
548	909
548	964
548	937
548	749
549	693
549	585
549	677
549	774
549	619
549	662
549	650
549	674
549	968
549	795
550	615
550	685
551	980
551	921
551	869
551	939
551	727
551	767
551	917
551	960
551	716
552	897
552	752
552	617
552	606
552	690
552	933
552	736
552	630
552	563
552	665
552	800
552	972
552	997
553	883
553	906
554	836
554	775
554	687
554	720
554	785
554	979
554	640
554	727
555	703
555	647
555	627
555	846
555	891
555	888
555	578
555	772
555	905
556	817
556	762
556	746
556	749
556	824
556	962
556	994
556	776
556	611
556	881
556	586
556	823
556	821
557	610
557	860
557	878
558	562
558	892
558	922
558	769
558	723
558	609
558	829
558	651
558	708
558	935
559	765
560	782
560	959
560	694
560	889
560	742
561	966
561	705
561	997
561	810
561	563
561	613
561	788
561	907
561	990
561	785
562	922
562	574
562	609
562	829
562	651
562	723
562	858
562	892
562	806
563	788
563	664
563	620
563	966
563	971
563	699
564	777
564	850
564	996
564	923
565	715
565	914
565	974
565	831
565	875
565	978
566	622
566	919
566	981
566	859
566	671
566	712
566	748
566	642
567	726
567	878
567	969
567	729
567	782
567	694
567	742
567	959
567	804
567	922
568	644
568	841
568	594
568	873
568	787
568	621
568	619
568	864
569	868
569	928
569	634
569	581
569	936
569	829
569	963
570	836
570	720
570	640
570	681
570	754
570	687
571	593
571	618
571	827
571	663
571	763
571	730
571	692
572	888
572	628
572	576
572	819
572	891
572	578
573	924
573	851
573	584
573	837
573	614
573	640
574	808
574	609
574	922
574	769
574	581
574	760
574	779
574	829
575	987
575	877
575	652
575	753
576	695
576	819
576	990
576	732
576	905
576	879
576	847
576	647
576	632
576	846
576	703
576	771
576	923
577	787
577	873
577	594
577	644
577	884
577	841
577	951
578	830
578	990
578	891
578	882
578	951
578	847
579	798
579	711
579	684
579	998
579	814
579	961
579	927
579	636
579	850
580	890
580	943
580	744
580	654
580	983
580	893
580	936
580	792
581	760
581	963
581	932
581	804
582	843
582	946
582	920
582	903
582	595
582	683
583	909
583	768
583	902
583	625
583	661
583	799
583	977
583	833
583	817
583	865
583	937
584	837
584	924
584	819
584	927
584	642
585	674
585	774
585	605
585	662
585	859
585	677
586	714
586	954
586	746
586	823
586	844
586	817
586	762
586	994
586	881
586	824
586	768
587	843
587	595
587	946
587	903
587	805
587	796
588	921
588	917
588	767
588	727
588	590
588	852
588	803
588	915
588	600
588	661
588	591
589	598
589	704
589	955
589	993
590	701
590	591
590	917
590	921
590	896
590	957
590	633
590	939
591	602
592	788
592	705
592	620
592	997
592	664
592	966
592	930
592	971
592	987
593	663
593	804
593	618
593	657
593	796
593	792
594	787
594	884
594	931
595	757
595	946
595	805
595	796
595	879
595	920
596	759
596	876
596	839
596	813
596	672
597	854
597	734
597	636
597	998
597	798
597	945
597	740
597	773
597	795
598	993
598	704
598	808
599	607
600	602
600	939
600	716
600	915
600	701
600	633
600	717
601	937
601	975
601	865
601	799
601	840
601	964
601	947
601	834
602	939
602	803
602	957
602	907
602	701
602	727
603	767
603	717
603	980
604	949
604	649
604	961
604	655
604	927
604	814
604	854
604	631
604	691
604	898
604	636
605	693
605	650
605	674
605	662
605	935
605	857
605	795
606	761
606	653
606	699
606	728
606	630
606	669
606	620
606	629
606	610
608	847
608	882
608	743
608	703
608	863
608	732
608	771
608	695
608	670
608	726
609	834
609	808
609	829
609	941
609	708
609	769
609	922
609	935
609	723
609	902
610	860
611	962
611	867
611	994
611	954
611	976
611	821
611	746
611	844
611	915
611	881
611	841
612	758
612	626
613	997
613	620
613	810
613	617
613	986
613	961
613	940
613	669
614	890
614	668
614	880
614	792
614	744
614	943
615	794
615	765
615	953
616	968
616	696
616	991
616	741
616	802
616	697
616	973
616	677
616	760
617	653
617	713
617	952
617	630
617	940
617	971
617	756
617	986
617	736
617	626
618	856
618	763
618	804
618	827
618	635
619	662
619	677
619	693
619	650
619	822
619	989
619	857
619	718
619	991
620	788
620	705
620	728
621	864
621	736
621	884
622	642
622	970
622	686
622	648
622	706
622	859
622	692
622	712
623	855
623	838
623	910
624	828
624	816
624	982
624	731
624	790
625	840
625	656
625	909
625	964
625	768
625	799
625	947
625	833
625	975
626	752
626	653
626	897
626	665
626	728
626	713
626	952
626	630
626	788
626	804
626	966
627	632
627	953
627	923
627	771
627	830
627	863
627	743
627	937
627	806
628	830
628	863
628	695
628	988
628	783
628	953
629	713
629	818
629	761
629	752
629	952
629	699
629	940
630	940
630	699
630	766
630	690
630	897
631	820
631	691
631	649
631	773
631	636
631	949
631	854
631	655
631	898
631	814
632	951
632	647
632	732
632	771
632	835
632	846
632	879
632	898
633	950
633	869
633	917
633	939
634	868
634	709
634	708
635	657
635	730
635	827
635	663
635	804
635	823
636	655
636	700
636	649
636	798
636	820
636	945
636	814
636	848
636	949
636	691
636	764
637	794
637	675
637	797
637	826
637	795
637	786
637	696
637	781
637	842
637	857
637	778
637	863
638	775
638	979
638	720
638	681
638	687
638	754
638	900
639	833
639	799
639	840
639	975
639	661
639	964
639	947
640	720
640	887
640	785
640	979
641	679
641	707
641	907
641	777
641	847
642	812
642	748
642	648
642	919
642	737
642	671
642	706
642	658
643	870
643	735
644	787
644	864
644	884
644	782
644	931
644	873
645	764
645	968
645	696
645	741
645	781
645	795
645	718
645	802
645	674
645	826
646	743
646	703
646	845
646	698
647	695
647	847
647	743
647	698
647	771
647	990
647	924
648	748
648	658
648	930
648	712
648	751
648	919
648	692
648	825
649	798
649	945
649	949
649	691
649	700
649	814
650	794
650	795
650	893
650	853
651	932
651	963
651	892
651	769
651	760
651	708
651	660
651	941
652	912
652	676
652	877
652	901
653	971
653	690
653	986
653	818
653	752
653	952
653	788
653	669
653	922
654	983
654	984
654	936
654	880
654	668
655	691
655	700
655	848
655	945
655	734
655	740
655	711
655	773
655	820
655	657
656	865
656	661
656	799
656	975
656	793
656	947
656	768
656	977
657	663
657	827
657	763
657	856
658	825
658	992
658	706
659	789
659	719
659	673
659	770
659	815
659	894
659	809
660	739
660	858
660	808
660	760
660	963
660	922
660	932
660	966
660	941
661	791
661	948
661	977
661	964
661	833
662	693
662	822
662	801
662	675
663	804
663	730
663	827
664	705
664	966
664	728
664	756
665	756
665	690
665	971
665	940
665	728
665	952
665	736
666	981
666	930
666	919
666	825
666	686
666	885
666	970
666	706
667	905
667	819
667	771
667	732
667	951
667	882
667	878
668	984
668	936
668	792
668	890
668	942
669	818
669	897
669	965
669	971
670	830
670	863
670	879
670	845
670	703
670	888
671	692
671	919
671	755
671	792
671	812
672	893
672	890
672	936
673	719
673	894
673	809
673	815
673	789
673	908
674	989
674	764
674	718
674	822
675	794
675	696
675	853
675	795
675	697
675	833
675	786
675	842
675	741
676	901
676	778
676	938
676	762
677	774
677	693
677	822
678	721
678	725
678	925
678	832
679	707
679	909
680	972
680	938
680	901
680	904
680	717
680	877
681	754
681	979
681	687
681	887
681	746
682	778
682	753
682	999
682	987
682	801
683	861
683	871
683	911
683	745
683	926
683	751
684	927
684	995
684	820
684	798
684	898
684	961
684	734
684	949
684	691
684	998
685	780
685	765
685	689
686	825
686	800
686	919
686	996
686	700
687	720
687	887
687	979
687	775
688	942
688	918
689	994
689	889
689	762
689	867
689	881
689	776
690	933
690	736
690	897
690	752
690	766
690	788
691	734
691	854
691	848
691	820
691	798
691	814
691	927
691	925
692	712
692	706
692	800
692	970
692	930
693	822
693	795
693	857
694	878
694	742
694	782
695	845
695	990
695	888
695	988
695	783
696	781
696	741
696	802
696	718
696	991
696	764
697	968
697	857
697	853
697	706
698	743
698	830
698	988
698	783
698	732
699	736
699	761
699	810
699	940
699	952
700	898
700	998
700	945
700	820
700	773
700	949
700	711
700	995
700	801
700	848
701	717
701	957
701	896
701	950
702	831
702	899
702	715
702	974
703	772
703	845
703	990
703	998
704	955
704	993
704	834
705	966
705	788
705	997
705	916
705	756
706	930
706	859
706	986
706	970
707	907
707	916
707	932
708	723
708	941
708	769
708	892
708	829
708	806
708	925
708	862
708	721
708	750
709	868
709	973
709	928
710	874
710	956
710	944
711	773
711	898
711	740
711	945
711	961
711	854
711	742
711	814
712	919
712	930
712	812
712	748
712	751
713	940
713	986
713	897
713	752
713	766
713	924
714	844
714	889
714	823
714	994
714	881
714	746
714	976
714	954
714	824
714	821
715	914
715	875
715	974
715	831
715	899
716	869
716	896
716	741
716	850
717	921
717	803
717	950
717	939
718	781
718	764
718	802
718	786
718	842
719	894
719	929
719	770
719	789
719	880
720	979
720	775
720	887
720	754
720	849
720	836
720	785
721	832
721	725
721	925
722	944
722	874
723	858
723	779
723	892
723	769
723	739
724	967
725	925
725	832
726	742
726	959
727	852
727	837
727	917
728	952
728	752
728	940
728	986
728	933
728	766
728	756
728	916
729	959
729	969
729	782
730	763
730	827
730	856
731	982
731	790
731	828
732	951
732	905
732	792
733	978
734	995
734	740
734	949
734	773
734	998
735	870
735	902
736	965
736	862
736	752
736	940
736	856
737	812
737	981
737	800
737	992
737	784
737	994
737	825
738	776
738	889
738	976
738	844
738	962
738	994
738	881
738	762
738	867
738	833
738	926
738	746
739	941
739	834
739	932
739	858
739	963
739	935
739	829
739	922
740	798
740	848
740	854
740	949
740	961
740	995
741	857
741	991
741	872
741	794
741	764
741	742
742	934
742	959
743	772
743	964
744	792
744	880
744	943
744	893
744	984
744	983
745	861
745	871
745	911
746	867
746	762
746	994
746	823
746	962
746	844
746	912
746	824
746	926
747	767
747	852
747	957
747	950
748	800
748	859
748	751
748	784
748	812
748	981
748	992
749	867
749	881
749	824
749	817
749	762
749	889
749	926
749	976
749	981
750	868
750	928
750	858
751	885
751	784
751	800
752	940
752	897
752	952
752	916
753	778
753	866
753	877
753	801
754	836
754	887
754	900
754	785
754	960
755	859
755	812
755	885
756	940
756	862
756	916
756	818
757	843
757	805
757	903
757	861
759	813
759	876
759	839
759	811
760	779
760	808
760	769
760	922
760	933
761	916
761	971
761	940
761	766
761	933
761	915
762	926
762	844
762	823
762	976
762	776
762	987
763	856
763	926
764	857
764	795
764	794
764	781
764	774
766	916
766	986
766	971
766	952
766	788
767	915
768	977
768	865
768	947
768	902
768	793
768	964
768	909
768	948
769	858
769	935
769	779
769	932
769	829
769	955
770	908
770	809
770	789
770	929
771	988
771	847
771	888
772	905
772	819
772	951
772	847
772	845
772	891
773	927
773	848
773	945
773	820
773	995
774	989
774	822
774	857
775	836
775	849
776	889
776	994
776	926
776	881
776	821
777	996
778	901
778	972
778	801
778	877
779	941
779	829
779	892
781	857
781	968
781	973
781	802
781	794
781	872
782	878
782	969
783	846
783	905
783	988
783	847
783	951
783	923
784	812
784	905
784	844
785	900
786	842
786	794
786	826
787	884
787	931
787	843
788	810
789	908
789	894
790	982
790	828
790	816
791	977
791	833
791	975
791	937
791	799
791	840
792	890
792	880
792	893
792	984
792	983
792	817
793	833
793	975
793	840
793	909
793	865
793	964
794	797
794	853
794	795
794	973
795	991
795	857
795	968
795	802
795	797
795	989
795	822
796	843
796	903
796	805
797	853
797	842
797	968
797	991
797	872
798	854
798	820
798	848
798	995
798	949
798	927
798	814
798	945
799	977
799	948
799	964
799	865
799	904
799	840
799	833
800	812
800	859
801	987
801	904
802	973
802	991
802	968
802	842
802	957
802	853
802	857
803	980
803	921
803	960
803	957
803	852
804	856
805	843
805	903
805	920
806	868
806	858
807	895
807	811
807	876
809	929
809	908
810	986
811	895
812	981
812	957
813	839
813	876
813	895
814	949
814	854
814	820
815	908
816	982
816	828
817	954
817	926
817	824
817	976
818	916
818	897
819	905
819	830
819	845
819	843
820	945
820	998
820	939
821	867
821	844
821	824
821	954
821	962
821	926
821	832
821	976
822	989
823	976
823	867
823	926
823	824
823	994
824	994
824	844
824	962
824	867
824	903
825	992
826	842
826	857
827	856
827	941
828	982
829	834
829	963
829	858
829	935
829	892
830	888
830	923
830	882
830	988
831	974
831	875
831	899
831	914
832	925
832	946
833	909
833	975
833	865
834	941
834	963
834	935
834	922
834	932
835	990
835	882
835	951
835	905
835	953
836	849
837	851
838	910
839	876
840	937
840	865
840	964
840	902
840	947
840	880
841	931
842	853
843	920
843	946
844	976
844	889
844	881
844	954
844	962
845	990
845	863
845	888
845	882
845	923
846	988
846	923
847	988
847	953
847	990
848	961
848	998
848	995
848	949
849	900
851	924
852	915
852	960
852	950
852	980
852	917
854	995
854	998
854	898
854	945
855	910
858	892
858	963
858	932
859	992
859	970
860	980
861	911
861	871
862	916
862	933
862	890
863	891
863	905
864	884
864	873
864	931
865	975
865	977
865	909
866	886
867	889
867	954
868	928
869	980
869	957
869	921
869	896
870	965
871	911
872	968
873	931
873	884
874	956
875	914
875	899
875	974
877	987
877	901
878	904
879	988
879	953
879	923
880	890
880	943
880	893
880	936
880	984
881	954
882	888
882	905
883	906
884	931
884	975
885	930
885	933
887	979
887	900
888	953
889	994
889	954
889	962
889	926
890	984
890	936
892	941
892	922
893	984
893	943
894	908
894	929
896	980
896	950
896	981
897	965
897	971
897	952
897	988
898	995
899	974
899	914
901	987
901	938
901	912
902	975
902	909
902	948
902	937
902	964
903	920
903	946
904	972
904	987
905	988
905	923
905	951
909	975
909	948
912	999
914	974
915	921
915	960
916	986
916	971
916	952
917	980
917	957
917	960
918	942
921	950
921	939
922	941
922	932
923	951
925	947
927	995
927	961
930	989
932	935
933	940
933	965
935	963
936	983
936	943
937	964
938	972
938	987
939	950
939	980
941	997
943	984
944	956
945	995
945	998
945	963
947	977
948	964
949	998
950	957
952	965
952	971
953	990
954	976
954	994
955	993
961	995
962	976
964	977
966	997
970	981
970	992
971	986
973	991
975	977
981	992
983	984
987	999
995	998
