0	768
0	849
0	951
0	702
0	706
0	841
0	813
0	624
0	823
0	995
1	979
1	770
1	868
1	6
1	332
1	778
1	951
1	925
2	944
2	720
2	942
2	728
2	937
2	851
2	946
2	717
3	711
3	815
3	890
3	821
3	783
3	878
3	732
3	976
3	908
3	64
4	709
4	773
4	822
4	738
4	723
4	121
4	792
4	923
4	111
4	906
5	825
5	770
5	894
5	724
5	701
5	739
5	759
5	8
5	952
5	841
6	845
6	882
6	931
6	704
6	825
6	848
6	964
6	966
6	749
7	514
7	8
7	9
7	12
7	13
8	758
8	13
8	9
8	10
8	136
8	173
8	792
9	491
9	844
9	18
9	512
10	221
10	863
10	705
11	142
11	236
12	39
12	97
12	886
12	927
12	13
13	433
13	691
13	782
13	355
14	16
14	987
14	48
15	88
15	957
15	20
15	113
16	609
17	67
17	275
18	20
18	216
18	290
18	355
18	408
19	247
19	554
19	80
19	942
20	890
20	557
21	261
21	27
21	24
21	23
22	23
22	264
22	259
22	25
22	27
23	25
23	27
23	265
24	26
24	27
24	261
24	262
25	259
25	261
27	263
27	261
28	42
28	30
28	29
28	36
28	181
28	400
29	31
29	30
29	171
29	948
30	163
30	356
30	34
30	118
30	773
31	32
31	948
31	621
32	306
32	664
32	497
32	365
33	135
33	188
33	280
33	589
33	949
33	720
33	575
33	245
34	237
34	50
34	669
34	890
34	624
35	41
35	37
35	275
36	41
36	40
36	891
36	39
36	436
36	592
37	213
37	885
37	41
38	72
38	565
38	785
39	530
39	922
39	405
39	944
40	759
40	768
40	41
40	239
41	522
41	239
41	436
41	711
42	45
42	115
42	150
42	800
42	385
43	241
43	46
43	489
43	441
43	44
43	250
44	48
44	669
45	354
45	325
45	48
45	215
46	848
46	910
46	48
46	825
47	105
47	938
47	255
48	352
48	170
48	814
49	266
49	52
49	175
49	909
49	345
49	51
50	415
50	473
50	531
50	610
50	734
50	976
50	54
51	53
51	54
51	949
51	655
52	92
53	110
53	67
53	55
53	733
53	971
54	55
54	830
55	374
55	602
55	998
56	333
56	57
56	58
56	667
56	60
56	535
56	694
57	134
57	228
58	564
58	934
58	469
58	738
59	62
59	305
59	832
60	112
60	557
60	943
60	61
61	144
61	307
61	432
61	135
62	215
62	401
62	711
63	67
63	128
63	498
63	68
63	66
63	798
64	83
64	69
64	326
64	204
64	493
65	469
65	67
66	229
66	997
66	218
66	337
67	324
67	68
67	875
68	130
69	177
69	429
70	72
70	71
70	75
70	999
71	729
71	73
71	626
72	974
72	74
72	282
72	521
72	532
73	75
73	653
73	76
74	76
74	959
74	327
74	508
75	248
75	692
75	859
76	106
76	431
77	82
77	79
77	537
78	80
78	959
79	133
79	80
79	535
79	719
79	298
80	154
80	381
81	288
81	338
81	641
81	358
81	730
82	367
82	218
82	871
82	573
82	983
83	149
83	749
83	289
83	946
84	126
84	85
84	87
84	856
84	803
85	88
85	299
85	89
85	800
86	242
86	722
86	87
86	213
87	375
87	921
87	90
87	88
87	374
87	578
88	562
88	570
88	825
89	344
89	90
89	503
90	392
90	854
90	967
90	190
90	895
91	94
91	422
92	97
92	94
92	859
92	96
93	376
93	456
94	95
95	96
95	738
95	317
95	97
95	163
95	928
96	315
97	935
97	941
97	696
98	100
98	102
98	103
99	162
99	104
100	101
100	370
100	104
101	300
101	742
101	103
101	104
101	472
102	104
102	387
102	725
102	182
103	275
103	651
103	841
103	912
104	657
104	993
104	752
105	108
105	109
105	106
106	895
106	883
106	108
107	252
107	350
107	645
107	464
109	781
109	338
109	609
110	611
110	160
110	308
111	316
111	733
112	113
112	253
112	115
112	650
112	746
113	116
113	118
114	118
114	410
114	455
114	978
114	750
115	116
115	117
115	641
115	347
116	551
116	117
118	587
119	125
119	395
119	124
119	176
120	125
120	399
120	403
120	395
120	341
120	398
120	993
121	404
121	122
121	124
121	399
122	123
122	512
122	400
122	768
122	396
122	399
123	403
123	400
124	401
124	399
124	403
124	394
124	396
125	397
125	394
125	401
126	155
126	541
126	578
126	132
126	247
127	132
127	468
127	128
127	784
128	177
129	341
129	131
129	481
130	159
130	131
130	593
130	398
130	293
132	258
132	199
132	968
132	897
132	478
133	134
133	137
134	135
134	390
134	647
135	136
135	579
135	993
136	139
136	641
137	138
137	458
137	697
137	243
137	517
138	224
138	588
138	462
138	139
140	248
140	142
141	142
141	816
141	146
142	158
142	146
142	388
143	145
143	936
143	982
143	144
144	405
144	178
145	146
145	967
147	819
147	153
147	151
148	150
148	149
148	197
149	837
149	151
149	150
149	153
149	284
150	151
150	899
150	152
150	590
151	735
152	361
152	153
152	419
152	541
152	996
154	168
155	158
155	228
156	518
156	159
156	341
157	295
157	172
157	881
158	159
158	359
158	501
158	628
158	982
159	399
159	270
159	943
160	191
161	167
161	183
162	167
162	164
162	165
162	519
162	375
162	401
163	176
164	709
164	165
164	166
164	195
164	732
164	903
165	784
165	310
166	180
166	167
166	710
166	775
166	879
166	920
167	944
168	179
168	174
169	963
169	425
169	749
170	171
170	695
171	174
171	173
171	980
172	173
172	174
172	196
174	620
175	177
175	813
175	740
175	843
175	178
177	317
177	568
177	178
177	180
178	179
179	198
179	584
180	366
181	250
181	845
182	184
182	293
182	183
182	185
182	663
182	707
183	186
183	214
183	184
184	187
185	271
185	187
185	876
185	623
185	795
186	286
186	188
187	614
187	188
188	823
189	194
189	190
189	413
189	191
190	191
190	194
191	194
192	193
192	195
193	248
194	497
196	364
196	996
196	200
197	200
197	202
198	274
198	200
198	199
198	528
199	642
199	202
200	202
200	639
200	201
201	202
201	657
202	275
202	556
202	864
203	208
203	776
203	207
204	207
204	226
204	441
204	791
204	583
204	205
204	950
205	207
205	206
205	607
205	465
206	207
207	209
207	263
208	240
208	296
208	348
208	442
208	468
209	333
209	298
210	211
210	214
210	718
211	216
211	213
211	801
212	216
212	213
213	304
213	540
213	640
213	953
214	762
214	861
215	216
215	231
215	274
216	545
216	291
216	598
217	220
217	223
217	314
217	601
218	411
219	222
219	220
219	363
219	221
219	720
219	905
220	475
221	223
221	946
221	852
222	914
223	727
224	387
224	228
224	478
225	229
225	226
226	229
226	340
226	883
227	336
227	454
227	229
229	346
229	230
230	437
231	616
231	233
231	236
231	349
231	482
232	233
232	237
232	886
232	234
232	256
232	761
233	236
233	312
234	237
234	235
234	590
234	718
234	241
235	236
235	432
235	249
235	984
236	447
237	442
238	243
238	977
238	755
238	239
239	342
240	242
240	243
240	393
241	318
241	242
242	243
242	278
242	279
243	428
243	998
243	679
244	535
244	430
245	251
245	785
245	927
246	248
246	247
246	251
247	482
247	252
248	250
248	560
248	251
248	649
249	467
249	250
249	675
250	454
250	978
251	504
251	750
251	933
252	254
252	258
252	699
252	990
253	254
253	267
253	355
253	771
253	631
255	258
255	742
256	405
256	257
256	628
256	864
256	939
256	995
258	631
259	263
260	263
260	264
260	262
260	277
261	263
261	265
262	265
263	265
263	264
264	265
264	338
265	444
266	267
266	273
266	272
267	270
267	273
268	674
268	270
268	271
268	961
269	273
269	270
269	427
270	316
270	522
270	273
272	676
272	744
272	627
272	856
273	471
273	515
274	275
274	437
275	345
275	724
276	281
276	964
276	277
277	281
277	278
277	280
277	952
278	279
278	280
279	281
280	390
281	460
282	311
282	393
282	283
282	287
283	289
284	613
284	289
285	286
285	288
285	994
286	287
286	764
286	289
286	735
287	320
287	826
288	289
288	494
290	291
291	429
291	292
291	880
291	294
292	461
292	412
293	297
293	294
293	396
293	295
295	332
295	296
296	297
296	449
297	535
298	301
298	806
298	302
298	931
299	303
299	302
300	544
300	665
300	302
301	303
301	779
301	394
302	533
302	303
302	305
302	966
302	304
303	732
303	933
303	305
305	577
305	611
306	313
306	499
306	751
307	312
307	320
308	314
308	419
308	309
308	313
309	312
309	310
309	313
309	790
310	779
310	312
311	372
311	594
311	844
311	987
312	321
312	463
314	319
314	754
315	319
315	318
315	662
316	404
317	320
317	319
317	321
318	321
318	320
318	660
319	493
319	321
320	342
321	457
321	435
321	692
321	858
322	323
322	327
322	329
323	327
323	329
323	434
324	328
324	325
324	326
325	328
325	326
326	328
327	329
328	948
329	730
330	337
330	331
330	332
330	361
330	857
331	336
331	426
331	338
332	572
333	337
333	336
334	336
334	335
334	542
334	350
335	337
335	338
336	519
338	638
338	875
339	341
339	344
339	342
339	443
340	343
340	418
340	837
341	343
341	345
341	347
342	404
343	344
343	345
344	636
344	345
345	502
345	673
347	721
348	351
348	353
348	771
349	355
350	353
350	351
351	356
351	923
352	790
353	901
354	356
354	467
354	355
355	924
357	364
357	358
357	359
357	583
357	362
358	360
358	363
358	364
358	362
359	364
359	963
360	365
360	635
361	362
362	365
362	363
364	365
365	913
366	367
366	864
366	970
366	368
367	370
367	368
368	372
369	370
369	373
369	702
369	984
369	372
370	372
370	829
370	374
370	371
371	471
371	374
371	904
371	559
372	374
372	373
372	757
373	756
375	477
375	377
376	519
376	500
376	506
376	381
376	489
377	380
377	748
377	379
378	379
378	380
378	600
378	960
379	383
379	382
380	382
381	383
381	382
382	791
383	606
384	391
384	385
384	388
384	393
385	390
386	387
386	391
386	392
386	988
388	646
388	674
388	389
388	391
388	392
389	393
389	893
390	976
391	517
392	403
392	393
394	403
394	402
394	619
395	397
395	404
395	398
395	399
396	397
396	398
396	402
396	521
397	402
397	404
397	399
397	400
398	401
398	399
398	772
399	403
400	403
401	403
402	563
402	570
403	700
404	926
405	571
405	413
405	543
405	911
406	409
406	414
406	410
407	412
407	496
407	767
408	471
409	410
409	412
409	507
409	440
410	413
412	563
413	414
414	630
414	675
415	679
416	417
416	421
416	426
416	892
416	420
417	419
417	421
417	427
417	426
417	420
417	939
418	425
418	424
418	422
418	523
419	427
419	421
419	554
420	427
421	427
421	426
422	423
422	424
422	986
423	424
423	425
423	870
423	471
424	766
424	809
425	736
425	715
426	479
428	439
428	643
428	674
428	544
429	432
430	668
430	435
430	434
430	438
431	437
432	682
432	433
433	434
434	435
434	437
435	438
436	799
436	561
437	439
439	627
439	659
440	451
440	471
441	731
441	446
441	444
441	448
442	446
443	452
443	453
443	835
445	452
446	453
446	451
446	501
447	521
447	453
448	453
448	730
448	889
448	942
449	450
449	738
449	842
450	451
450	569
451	452
452	592
453	685
454	456
454	460
455	605
455	457
456	466
456	872
456	459
456	467
457	458
458	607
459	464
459	908
460	464
461	462
462	467
462	463
462	465
462	466
464	980
465	772
465	466
467	621
468	716
469	475
469	478
469	481
469	483
469	482
469	470
469	476
470	472
470	471
471	473
472	475
473	497
473	726
474	475
474	528
474	483
475	483
475	478
476	483
476	534
477	479
478	612
480	483
484	489
484	486
484	499
484	495
484	504
485	503
485	801
485	496
485	491
485	575
486	495
486	492
487	498
487	503
488	500
488	713
488	490
489	496
490	503
490	504
490	498
491	494
491	497
492	493
493	500
495	835
496	501
502	504
505	506
505	523
505	525
506	524
507	513
507	509
507	516
508	510
508	512
508	519
509	513
510	522
510	851
511	524
511	513
512	514
513	519
514	518
514	775
514	516
515	524
515	747
515	521
515	520
516	521
517	520
517	965
518	521
518	524
521	523
522	525
525	686
525	576
526	538
526	849
526	534
526	531
526	539
527	548
527	529
527	533
528	533
529	539
529	530
530	548
531	548
532	545
532	534
533	868
535	598
536	542
536	538
538	540
538	549
538	650
538	547
539	546
539	547
540	544
541	546
543	549
543	832
544	550
545	549
547	679
547	549
548	714
550	552
550	574
550	565
551	571
552	575
552	576
553	555
553	557
553	562
554	574
554	585
554	780
555	577
556	576
556	765
557	559
558	569
558	566
558	572
558	575
558	571
559	563
560	568
561	568
561	580
561	622
562	567
562	572
564	571
564	605
565	566
566	567
566	581
567	571
568	576
568	954
568	578
568	581
569	576
570	573
573	583
573	591
574	583
574	582
575	577
579	584
580	585
580	584
582	585
583	645
586	590
586	594
587	600
587	588
589	630
589	607
590	639
590	640
591	609
592	614
592	599
593	632
593	596
593	615
594	598
595	596
595	635
595	639
596	604
597	637
598	608
599	628
600	607
600	622
600	617
601	640
601	610
601	621
602	615
602	625
602	618
603	625
603	632
604	610
604	633
605	626
606	631
606	628
607	627
608	614
609	620
609	629
611	623
612	615
613	628
613	629
613	616
614	638
617	637
618	632
619	627
619	624
620	804
621	632
622	629
622	634
624	626
625	912
625	638
626	637
628	630
628	634
629	633
637	638
637	734
641	659
642	670
642	663
643	700
643	697
644	681
644	695
644	660
644	671
644	689
646	673
647	649
647	682
647	681
647	690
647	691
647	699
648	668
648	689
648	669
649	677
649	663
649	698
650	671
651	683
652	684
652	658
652	666
652	664
653	680
653	657
653	661
654	662
654	672
655	694
656	663
656	694
656	662
657	677
657	698
657	672
658	696
658	687
660	662
661	696
661	688
661	670
661	693
662	687
664	681
665	700
665	682
666	668
667	683
668	680
668	687
669	683
669	690
669	973
673	685
674	692
676	691
676	680
677	696
678	697
678	682
679	684
679	693
681	700
682	686
686	700
687	689
693	771
696	890
701	947
701	734
701	951
701	864
701	779
701	768
702	910
702	766
702	823
702	825
702	877
702	887
703	910
703	982
703	920
703	786
703	720
703	776
703	952
703	880
703	961
704	961
704	854
704	845
704	822
704	767
704	993
704	947
705	964
705	949
705	935
705	794
705	766
705	954
705	727
706	998
706	778
706	717
706	936
706	880
706	870
706	968
707	860
707	953
707	986
707	862
707	987
707	754
707	875
707	891
707	943
708	955
708	924
708	833
708	770
708	885
708	762
708	964
708	973
709	846
709	767
709	836
709	813
709	963
709	906
709	756
709	887
709	951
709	938
710	852
710	875
710	797
710	978
710	736
710	755
710	815
710	873
710	764
710	884
710	827
711	871
711	827
711	861
711	783
711	893
711	865
711	735
711	930
711	810
711	815
712	905
712	850
712	838
712	989
712	876
712	940
712	844
712	751
712	965
713	789
713	738
713	932
713	964
713	833
714	775
714	856
714	978
714	805
714	883
714	860
714	983
714	958
714	930
715	807
715	862
715	875
715	992
715	753
715	726
715	802
715	970
716	977
716	989
716	720
716	847
716	841
716	851
717	786
717	733
717	877
717	868
717	864
717	924
717	922
717	894
717	898
717	855
717	833
717	759
717	882
717	966
717	823
718	982
719	975
719	789
719	896
719	795
719	990
719	889
719	847
719	803
719	744
719	898
720	840
720	813
720	723
720	901
720	919
721	967
721	741
721	848
722	815
722	981
722	878
722	810
722	725
722	828
723	949
723	803
723	991
723	939
723	965
723	838
723	879
723	772
724	964
724	949
724	728
724	731
724	923
724	812
724	813
724	811
724	847
724	886
724	955
725	777
725	930
725	985
725	748
725	746
725	781
726	916
726	958
726	888
726	860
726	785
726	828
726	874
726	865
726	862
726	945
726	853
726	852
726	957
727	741
727	791
727	911
727	937
727	905
727	927
727	901
728	889
728	965
728	839
728	876
728	848
728	819
728	846
728	786
728	803
728	991
729	775
729	974
729	926
729	865
729	992
729	821
729	782
729	834
729	881
730	904
730	886
730	772
730	762
730	925
730	733
730	841
730	964
730	839
731	825
731	820
731	833
731	932
731	778
731	904
732	978
732	781
732	992
732	861
732	953
732	875
733	955
733	968
733	800
733	854
733	991
733	965
733	749
733	778
734	758
734	840
734	858
734	855
734	989
734	935
734	820
734	749
734	951
734	822
735	918
735	862
735	869
735	783
735	740
735	926
735	888
736	986
736	883
736	917
736	781
736	821
736	992
736	981
736	971
736	893
736	984
736	790
737	831
737	845
737	841
737	965
737	964
737	880
737	879
737	961
737	759
738	889
738	911
738	877
738	919
738	820
738	751
738	942
738	894
738	954
738	965
739	823
739	776
739	901
739	909
739	934
739	769
739	977
740	871
740	883
740	874
740	760
740	907
740	913
741	846
741	940
741	771
741	850
741	911
741	811
741	792
742	759
742	922
742	772
742	940
742	792
742	977
742	812
742	795
743	872
743	790
743	748
743	986
743	852
743	883
743	981
744	955
744	849
744	855
744	794
744	795
744	858
744	767
744	791
744	947
744	935
745	863
745	994
745	781
745	859
745	930
745	997
745	996
745	945
745	888
745	828
745	852
745	891
746	986
746	878
746	835
746	775
746	764
746	926
746	805
746	872
747	983
747	857
747	987
747	852
748	752
748	897
748	957
748	871
748	921
749	774
749	989
749	968
749	771
749	934
749	838
750	845
750	824
750	889
750	941
750	818
750	876
750	968
750	858
750	820
751	951
751	968
751	870
751	772
751	823
751	935
751	808
751	813
751	882
751	955
752	826
752	890
752	832
752	798
752	782
753	957
753	953
753	872
753	760
753	891
754	852
754	765
754	953
754	970
754	797
754	981
754	992
755	957
755	793
755	897
755	907
755	884
755	891
755	828
755	987
755	757
755	826
755	802
756	789
756	839
756	969
757	981
757	930
757	956
757	984
757	827
757	881
758	840
758	968
758	825
758	989
758	969
758	979
758	870
758	848
759	813
759	822
759	928
759	789
759	770
759	806
759	877
759	880
759	922
759	841
760	950
760	914
760	763
760	865
760	764
760	999
760	871
760	863
760	780
760	959
760	957
761	987
761	976
761	945
761	797
761	869
761	862
762	854
762	788
762	940
762	768
762	772
762	990
762	850
762	812
762	899
762	955
762	840
762	949
763	863
763	837
763	976
763	843
764	798
764	780
764	867
764	986
764	943
764	878
764	999
764	950
764	765
764	793
765	816
765	805
765	913
765	785
765	891
765	860
766	879
766	961
766	928
766	846
767	768
767	776
767	789
767	823
767	940
767	975
767	991
768	844
768	946
768	920
768	868
768	906
768	896
769	995
769	825
769	979
769	904
769	795
769	998
769	903
770	962
770	791
770	925
770	937
770	980
770	887
771	831
771	855
771	932
771	966
772	961
772	786
772	948
772	936
772	975
772	927
772	774
772	962
772	910
773	841
773	794
773	789
773	880
774	811
774	949
774	952
774	838
774	968
774	849
775	860
775	916
775	958
775	867
775	790
775	985
776	836
776	849
776	905
776	903
776	820
777	821
777	871
777	807
777	981
777	857
777	907
777	793
778	934
778	931
778	822
778	829
778	895
779	851
779	784
779	794
779	937
779	922
779	968
779	895
780	914
780	971
780	785
780	835
780	805
780	984
780	869
781	874
781	865
781	863
781	842
781	914
782	862
782	996
782	902
782	859
783	978
783	837
783	785
783	999
783	814
783	802
783	915
784	791
784	912
784	841
784	801
784	845
785	959
785	915
786	993
786	935
786	788
786	791
786	937
787	919
787	820
787	925
787	967
787	920
787	877
787	866
788	955
789	899
789	993
789	919
789	812
789	840
790	884
790	807
790	959
791	894
792	819
792	812
792	829
792	947
793	797
793	814
793	821
793	972
794	796
794	844
794	965
794	824
794	847
794	904
794	899
795	951
795	965
795	841
795	920
795	844
796	989
796	803
796	979
796	885
796	906
796	855
797	917
797	817
797	983
797	921
797	871
797	861
797	892
798	817
798	996
798	863
798	958
798	900
798	892
798	916
799	936
799	938
799	946
799	934
799	955
799	952
800	942
800	952
800	973
800	868
801	968
801	901
801	876
801	870
801	988
801	955
802	875
802	861
802	827
802	983
802	986
803	903
803	923
803	991
803	846
803	995
803	813
803	906
803	855
804	881
804	857
804	874
804	983
805	999
805	857
805	834
805	862
805	953
806	920
806	910
806	819
806	946
806	931
806	962
807	959
807	986
807	918
807	810
808	825
808	911
808	849
808	910
808	923
808	812
808	919
809	842
809	916
809	816
809	950
809	900
809	981
809	929
809	867
809	917
810	814
810	830
810	983
810	888
810	930
810	945
811	885
811	866
811	833
811	968
811	846
811	988
811	850
812	938
812	948
812	848
812	876
812	840
812	877
812	855
812	977
813	820
813	967
813	844
813	905
814	959
814	872
814	984
814	917
815	883
815	832
815	958
815	817
815	950
815	827
816	821
816	921
816	865
816	881
816	994
816	827
816	958
816	974
817	852
817	865
817	914
817	933
817	871
817	860
817	857
817	987
818	988
818	825
818	870
818	932
818	991
818	840
819	855
819	824
819	887
819	995
820	919
820	910
820	833
820	989
821	992
821	997
821	933
821	929
821	891
821	826
821	874
821	893
822	963
822	928
822	920
823	877
823	946
823	851
823	927
823	824
823	982
823	952
824	831
824	966
824	846
825	935
825	955
825	836
825	879
825	937
825	931
825	831
826	834
826	884
827	893
827	921
827	933
828	881
828	921
828	907
828	842
829	934
829	989
829	910
829	931
829	924
829	901
829	896
830	994
830	985
830	976
830	862
830	992
831	885
831	975
832	888
832	861
832	972
832	863
832	835
833	899
833	905
834	862
834	985
834	872
834	916
834	883
834	981
835	978
835	971
835	994
835	999
835	992
836	932
836	949
836	911
836	850
836	920
837	873
837	891
837	971
837	981
837	970
838	951
838	880
838	964
838	889
838	877
839	880
839	990
839	901
839	944
839	940
839	847
840	990
840	982
840	961
840	946
840	941
840	851
840	849
841	965
841	851
841	962
842	874
842	958
842	986
843	933
843	860
843	978
843	926
843	976
843	983
844	846
844	993
844	965
844	854
844	955
844	991
844	998
845	909
845	988
845	977
845	940
846	948
846	894
846	886
847	962
847	969
847	919
847	889
848	904
848	980
848	905
848	903
848	975
849	855
849	898
849	894
849	923
849	962
850	898
850	977
850	887
850	870
851	938
851	889
852	950
852	926
853	888
853	917
853	907
854	927
854	911
854	904
854	910
854	951
854	928
855	960
855	886
855	995
856	987
856	983
856	921
856	915
856	929
857	971
857	913
857	983
857	943
857	956
857	867
857	881
858	969
858	877
858	966
859	999
859	863
859	976
859	915
860	950
860	900
860	875
860	867
860	970
861	897
861	971
861	884
861	978
862	867
862	978
862	984
862	865
863	891
863	902
863	996
863	957
863	893
863	872
863	953
864	968
864	912
864	962
865	997
866	937
866	934
866	952
866	931
866	954
866	949
867	921
868	995
868	947
868	937
868	982
869	992
869	915
869	892
869	974
870	952
870	942
870	980
870	895
871	929
871	872
871	918
871	956
872	958
872	976
873	891
873	976
873	992
873	884
873	902
873	981
873	985
873	888
874	908
874	890
874	981
874	884
875	956
875	957
875	994
876	973
876	928
876	895
876	989
877	990
877	912
877	966
878	976
878	972
878	908
879	928
879	989
880	968
880	935
881	994
882	989
882	934
882	901
882	960
883	959
884	996
885	922
885	906
885	886
885	928
886	954
886	989
887	906
887	898
888	908
889	998
889	944
889	948
890	958
890	997
890	908
891	970
891	892
892	970
894	923
894	977
894	922
894	939
895	924
895	919
896	995
896	947
896	968
896	942
897	970
897	985
897	971
898	963
898	982
898	942
899	924
899	941
899	990
900	986
900	971
900	958
900	959
901	937
902	994
902	914
903	922
903	919
903	964
903	975
904	905
904	998
904	967
904	952
904	963
904	975
904	934
905	973
905	940
906	924
906	942
906	938
906	961
906	998
907	929
907	917
908	914
908	917
908	958
909	967
909	979
909	990
909	955
910	969
910	941
910	924
910	965
911	993
911	931
912	969
913	930
913	914
913	996
913	929
913	959
913	953
915	918
916	984
916	959
917	985
918	992
918	985
918	999
919	966
919	993
920	952
920	938
921	950
921	986
921	926
921	985
922	952
923	946
923	966
923	928
923	964
923	963
923	998
924	948
924	925
924	982
925	941
925	975
926	986
926	974
926	958
927	949
927	947
928	938
928	966
928	975
928	977
929	930
929	972
929	956
929	996
929	986
930	987
930	956
931	990
932	966
932	967
932	998
933	958
934	944
934	937
934	968
934	979
935	954
935	942
935	975
936	967
936	946
937	988
937	995
937	990
938	944
939	982
940	964
940	968
941	960
942	980
943	984
944	990
945	970
945	985
947	995
947	977
947	988
948	995
950	981
950	987
950	997
951	982
951	973
952	954
953	983
954	990
954	998
955	962
956	994
956	983
956	958
957	996
958	970
959	987
960	969
967	980
968	995
969	982
969	995
971	981
973	991
974	987
984	999
985	986
987	999
994	996
