0	826
0	595
0	774
0	973
0	931
0	938
0	561
0	791
0	639
0	511
1	563
1	707
1	542
1	522
1	718
1	472
1	858
1	172
2	814
2	694
2	544
2	468
2	20
2	541
2	497
2	972
3	766
3	593
3	703
3	611
3	591
3	730
3	324
3	99
4	942
4	714
4	535
4	886
4	976
4	484
4	231
5	776
5	946
5	518
5	723
5	805
5	104
5	514
5	754
6	821
6	987
6	817
6	767
6	684
6	775
6	656
6	577
6	772
6	803
7	12
7	9
7	36
7	496
7	495
7	488
7	486
7	13
8	11
8	10
8	767
9	13
9	487
9	488
9	486
9	496
9	495
9	143
9	12
9	977
9	36
10	498
10	11
10	796
11	498
11	756
12	13
12	496
12	487
12	36
12	486
12	495
12	181
12	488
13	487
13	496
13	36
13	486
13	488
13	495
13	666
13	809
13	483
14	19
14	15
14	24
14	18
14	27
14	22
14	26
14	17
14	21
14	349
14	963
15	17
15	27
15	22
15	19
15	26
15	21
15	24
15	354
15	18
15	262
16	964
16	869
16	675
17	18
17	24
17	19
17	27
17	22
17	96
17	26
17	916
18	22
18	19
18	26
18	21
18	24
19	21
19	26
19	24
19	27
19	576
19	22
19	510
20	544
20	871
20	546
20	617
21	27
21	24
21	22
21	351
21	747
22	26
22	27
22	24
22	489
23	25
23	305
23	657
23	141
24	27
24	26
25	301
25	303
25	751
26	27
26	353
26	274
28	33
28	34
28	31
28	245
28	293
28	395
28	396
28	391
28	393
28	388
29	31
29	30
29	32
29	34
29	249
29	248
29	245
29	251
29	208
29	288
30	31
30	33
30	207
30	248
30	394
30	203
30	392
30	396
30	702
31	251
31	246
31	34
31	207
31	204
31	247
31	203
32	34
32	248
32	247
32	206
32	208
32	209
32	292
32	290
32	251
33	34
33	245
33	249
33	250
33	287
33	289
33	208
33	784
34	246
34	249
34	250
34	247
34	784
35	37
35	490
35	41
35	153
35	492
35	489
35	491
35	262
35	150
35	599
35	497
36	488
36	487
36	496
36	495
37	41
37	492
37	489
37	150
37	40
37	497
37	695
37	608
38	39
38	494
38	152
38	48
38	571
39	493
39	494
39	43
39	769
40	492
40	491
40	497
40	490
40	373
40	41
40	489
41	490
41	497
41	491
41	489
41	153
41	240
41	176
41	902
41	150
42	47
42	721
42	998
42	905
42	909
42	75
42	70
42	74
42	76
42	266
42	195
42	680
42	827
42	975
42	755
43	769
43	913
43	571
43	781
43	532
43	559
43	682
43	416
43	48
43	944
43	594
44	628
44	645
44	809
44	957
44	648
44	45
44	885
44	585
44	892
45	957
45	585
45	885
45	645
45	665
45	346
45	686
45	526
45	731
45	697
46	665
46	585
46	885
46	648
46	645
46	809
46	930
46	836
46	957
46	628
46	786
47	998
47	960
47	827
47	721
47	841
47	740
47	272
47	74
47	268
47	70
47	269
47	905
47	975
47	321
48	682
48	944
48	559
48	781
48	532
48	152
48	769
48	913
48	503
49	54
49	433
49	438
49	166
49	162
49	435
49	52
49	163
49	442
49	787
50	440
50	433
50	53
50	438
50	52
50	439
50	161
50	166
50	435
50	434
51	52
51	440
51	438
51	163
51	433
51	164
51	434
51	166
51	402
51	308
52	54
52	433
52	53
52	225
52	161
52	167
52	215
53	54
53	435
53	436
53	438
53	166
53	441
53	167
53	162
54	438
54	441
54	434
54	442
54	55
54	436
54	163
55	440
55	439
55	437
55	167
55	162
55	163
55	433
55	107
55	841
56	61
56	704
56	878
56	752
56	480
56	479
56	235
56	529
56	481
57	874
57	714
57	886
57	794
57	535
57	501
57	482
57	716
58	59
58	529
58	480
58	713
58	609
58	882
58	541
58	484
58	622
59	761
59	954
59	555
59	627
59	752
59	603
59	517
59	241
59	479
60	716
60	484
60	233
60	240
61	62
61	722
61	761
61	476
61	236
61	517
61	112
61	555
61	182
62	761
62	603
62	878
62	481
62	236
63	922
63	735
63	537
63	797
63	667
63	921
63	570
64	851
64	775
64	863
64	767
64	817
64	705
64	860
64	656
64	683
64	939
65	866
65	727
65	539
65	619
65	731
65	784
65	874
66	863
66	877
66	767
66	775
66	705
66	821
66	527
66	736
66	67
66	656
67	900
67	772
67	684
67	736
67	873
67	817
67	987
67	863
67	375
68	647
68	904
68	895
68	398
68	403
68	401
68	225
68	706
68	531
69	895
69	647
69	531
69	904
69	876
69	403
69	398
69	841
69	404
70	76
70	74
70	267
70	272
70	266
70	270
70	975
70	680
70	827
70	841
71	271
71	269
71	73
71	195
72	270
72	75
72	272
72	268
72	267
72	960
72	827
72	74
72	909
72	680
72	365
72	441
73	269
73	271
73	960
74	270
74	75
74	266
74	76
74	267
74	680
74	272
74	108
75	267
75	268
75	76
75	270
75	905
75	266
75	909
75	841
75	960
76	267
76	272
76	270
76	905
76	998
76	268
76	266
76	841
77	80
77	83
77	125
77	119
77	78
77	79
77	753
77	997
77	984
77	966
78	83
78	81
78	80
78	121
78	123
78	79
78	124
78	125
78	119
79	80
79	81
79	124
79	125
79	739
79	984
79	997
79	553
80	83
80	121
80	125
80	81
80	626
80	984
80	870
81	83
81	124
81	125
81	753
81	119
81	870
81	455
82	122
82	120
82	552
82	444
83	121
83	124
83	553
83	984
83	969
83	626
84	89
84	88
84	90
84	85
84	890
84	926
84	154
84	86
84	676
84	757
85	86
85	676
85	890
85	926
85	604
85	536
85	980
85	963
85	859
86	88
86	536
86	564
86	926
86	980
86	157
86	676
86	460
87	985
87	528
87	778
87	763
88	564
88	89
88	963
88	676
88	980
88	604
88	536
88	859
89	926
89	90
89	963
89	980
89	604
89	536
89	386
89	564
90	980
90	890
90	536
90	564
90	676
90	859
90	811
90	381
91	92
91	376
91	373
91	378
91	379
91	875
91	460
92	376
92	373
92	378
92	379
92	810
92	536
93	451
93	444
94	95
94	374
94	377
94	375
94	372
94	527
94	987
95	372
95	377
95	374
95	873
95	736
95	560
96	97
96	133
96	134
97	134
97	133
97	607
98	225
98	312
98	103
98	294
98	308
98	237
99	227
99	309
99	310
99	313
99	226
99	819
99	311
99	925
99	730
100	230
100	102
100	295
100	981
100	314
100	307
100	104
101	228
101	226
101	313
101	224
101	751
101	505
101	593
101	611
101	506
102	104
102	298
102	754
102	500
102	946
102	681
103	308
103	225
103	312
103	294
103	387
103	639
104	298
104	295
104	514
105	111
105	110
105	109
105	107
105	106
105	108
105	717
105	446
105	687
105	988
106	110
106	111
106	107
106	446
106	760
107	108
107	109
107	110
107	687
107	738
107	775
108	111
108	109
108	110
108	896
108	360
108	146
108	830
109	111
109	110
109	443
109	896
109	786
110	111
110	870
110	450
110	830
110	234
111	445
111	632
111	621
112	113
112	262
112	264
112	370
112	255
112	603
112	670
113	262
113	255
113	146
113	626
113	629
113	259
113	180
114	118
114	117
115	116
115	253
115	265
115	730
116	265
116	912
116	471
117	118
118	408
119	123
119	124
119	121
119	753
119	739
119	997
119	966
120	552
120	122
121	553
121	966
121	870
121	125
121	753
121	969
122	552
123	125
123	553
123	984
123	969
123	739
123	966
123	753
123	226
124	125
124	969
124	870
124	966
124	753
125	626
125	813
126	131
126	132
126	181
126	128
126	177
126	176
126	264
126	841
127	175
127	129
127	820
127	178
128	177
128	131
128	181
128	130
128	132
128	179
128	180
128	405
128	966
128	564
129	175
129	178
129	673
130	132
130	131
130	181
130	179
130	177
130	176
130	180
130	431
130	945
131	132
131	181
131	180
131	177
131	179
131	176
131	909
131	871
132	177
132	180
132	176
132	373
132	179
132	181
132	818
133	134
134	896
135	138
135	443
136	606
136	666
137	305
137	657
138	448
139	592
139	621
140	142
140	560
140	145
140	869
140	675
140	556
140	939
140	736
140	908
140	772
141	744
141	990
141	871
141	992
141	306
141	303
141	625
141	785
142	144
142	145
142	554
142	908
142	939
142	756
142	605
142	728
142	964
143	606
143	146
143	901
143	910
143	666
143	924
143	256
143	261
144	560
144	675
144	964
144	530
144	554
144	756
144	574
144	600
144	523
145	560
145	869
145	831
145	803
145	881
145	683
145	556
145	908
146	606
146	666
146	924
146	371
146	435
146	342
147	148
147	151
147	149
147	621
148	151
148	149
148	313
149	151
149	922
150	490
150	153
150	491
150	489
150	492
150	497
151	165
152	493
152	494
152	559
153	490
153	491
153	184
153	233
154	156
154	155
154	157
155	156
155	157
155	536
156	157
156	676
158	160
158	159
158	180
159	160
161	165
161	163
161	441
161	164
161	166
161	434
161	841
161	499
162	164
162	437
162	442
162	439
162	924
162	434
162	165
163	164
163	166
163	442
163	437
163	165
164	167
164	165
164	166
164	433
164	439
165	166
165	440
165	433
165	167
165	995
166	440
166	437
167	366
167	435
167	441
167	379
167	434
168	171
168	173
168	170
168	185
168	359
168	356
168	362
168	360
168	174
168	358
169	174
169	170
169	171
169	182
169	173
169	357
169	358
169	359
169	362
169	186
170	173
170	185
170	187
170	171
170	361
170	359
170	183
170	186
171	182
171	183
171	920
171	549
171	186
171	854
171	174
172	184
172	188
172	363
172	885
173	183
173	185
173	356
173	359
173	360
173	357
173	187
174	183
174	362
174	360
174	182
174	356
174	361
174	357
175	178
175	825
175	982
176	180
176	181
176	179
176	929
177	181
177	179
177	180
177	185
177	488
178	951
179	181
179	180
179	261
179	854
180	181
180	545
180	340
181	369
182	183
182	186
182	362
182	359
182	358
182	356
183	187
183	360
183	361
183	732
183	318
184	188
184	363
184	185
185	187
185	358
185	186
185	357
185	361
186	187
186	359
186	357
186	361
186	548
187	362
187	357
187	358
187	359
187	361
188	363
188	317
188	783
189	194
189	195
190	192
190	193
190	191
190	411
190	423
191	192
191	193
191	413
192	193
192	407
193	411
194	195
196	197
196	202
196	198
196	352
197	202
197	198
197	350
198	202
198	355
199	307
199	798
200	546
200	468
201	881
201	901
202	519
203	208
203	288
203	287
203	209
203	205
203	204
203	293
203	248
204	209
204	205
204	206
204	292
204	287
204	290
204	288
204	246
205	293
205	207
205	206
205	292
205	247
205	289
205	288
205	389
206	291
206	288
206	209
206	292
206	246
206	249
206	289
207	209
207	290
207	291
207	208
207	245
207	246
207	287
208	292
208	293
208	291
208	287
208	209
209	291
209	292
209	289
209	247
210	387
210	211
210	384
210	462
210	925
210	461
210	631
210	933
210	455
210	509
210	214
210	642
210	382
211	214
211	387
211	380
211	461
211	383
211	384
211	665
212	887
212	688
212	552
213	216
213	381
213	953
213	386
213	757
213	677
213	460
213	385
213	316
213	264
214	383
214	382
214	380
214	384
214	459
214	462
214	488
214	961
215	660
215	655
215	456
216	386
216	385
216	677
216	381
216	460
216	757
216	524
216	926
216	604
216	419
216	219
216	859
217	219
217	221
217	220
217	223
217	410
217	408
217	406
217	222
217	414
217	413
218	220
218	221
218	223
218	407
218	410
218	408
218	222
218	219
218	409
218	679
219	412
219	406
219	414
219	409
219	220
219	223
219	417
220	409
220	407
220	411
220	408
220	410
220	412
220	221
221	414
221	409
221	412
221	411
221	413
221	421
221	223
222	223
222	411
222	414
222	407
222	408
222	413
222	409
222	962
223	412
223	407
223	422
223	406
224	227
224	228
224	309
224	310
224	313
224	296
224	315
224	759
224	828
225	308
225	294
225	312
226	227
226	309
226	313
226	228
226	229
226	296
226	311
227	313
227	311
227	228
227	915
227	766
227	297
227	989
228	309
228	315
228	310
228	300
228	311
228	297
229	300
229	296
229	315
229	819
229	611
229	606
230	314
230	295
230	776
230	299
231	482
231	237
231	477
231	700
231	473
232	475
232	478
232	235
232	954
232	603
232	713
232	627
232	722
232	562
233	237
233	886
233	874
233	591
234	235
234	236
234	475
234	478
234	483
234	476
234	844
234	479
234	752
235	479
235	478
235	483
235	761
235	839
235	917
236	485
236	481
236	954
236	839
236	704
236	562
236	591
237	482
237	886
237	239
238	244
238	240
238	239
238	242
238	241
238	243
238	341
238	805
238	879
238	868
239	240
239	241
239	242
239	244
239	243
239	512
240	243
240	242
240	241
240	244
240	953
241	244
241	242
241	339
241	243
241	961
241	799
242	244
242	338
242	334
242	335
242	243
242	962
243	280
243	739
243	253
243	244
244	337
244	645
244	966
245	251
245	248
245	247
245	250
245	246
245	288
246	249
246	251
246	248
246	292
247	251
247	289
247	248
247	393
248	250
248	249
248	986
249	250
249	251
249	293
249	291
250	251
250	287
250	288
250	290
250	391
251	290
251	292
252	257
252	265
252	254
252	260
252	261
252	263
252	828
252	258
252	786
252	345
252	253
252	627
253	265
253	261
253	257
253	254
253	260
253	263
253	258
253	696
253	357
254	263
254	258
254	265
254	849
254	294
254	495
254	260
254	261
254	381
254	973
255	256
255	259
255	262
255	674
256	262
256	264
256	259
256	824
256	663
256	885
257	265
257	258
257	959
257	263
257	261
257	260
257	399
258	265
258	261
258	765
258	260
258	957
258	634
259	262
259	264
259	876
259	265
260	261
260	263
260	265
260	342
261	265
261	263
261	875
261	489
261	754
262	264
263	924
263	773
263	569
263	676
264	807
265	672
265	324
265	925
265	886
266	267
266	268
266	270
266	998
266	740
266	827
266	272
267	270
267	272
267	740
267	909
267	680
267	905
268	272
268	270
268	740
268	998
268	440
269	271
270	841
270	909
270	998
270	960
271	360
272	905
272	680
272	841
272	721
273	279
273	275
273	277
273	274
273	815
273	635
273	325
273	559
273	773
274	275
274	279
274	815
274	516
275	277
275	279
275	325
275	629
275	981
276	278
276	764
276	328
276	613
276	872
276	766
277	279
277	635
277	470
278	613
278	326
278	764
278	872
278	594
278	984
278	722
279	635
279	299
279	515
280	286
280	790
280	719
280	773
280	725
280	662
280	849
280	576
280	765
281	671
281	948
281	558
281	750
281	894
281	743
281	747
281	562
281	935
282	286
282	597
282	283
282	731
282	725
282	773
282	856
282	927
282	993
283	286
283	993
283	808
283	824
283	854
283	731
283	790
283	892
283	576
284	750
284	894
284	923
284	747
284	671
284	948
284	903
284	558
284	758
284	363
284	864
284	612
285	956
285	685
285	979
285	600
285	829
285	605
285	574
285	770
285	659
285	728
285	705
285	656
285	767
285	964
286	856
286	879
286	672
286	824
286	436
286	865
286	910
287	293
287	986
287	389
287	392
288	291
288	293
288	289
289	293
289	291
289	875
289	686
290	292
290	291
290	392
290	394
290	784
291	293
291	292
293	388
294	308
294	312
294	717
295	299
295	298
295	531
296	297
296	300
296	505
296	310
296	703
297	311
297	300
297	309
297	766
297	884
297	646
298	981
298	499
298	518
299	723
299	514
299	679
300	310
300	593
300	983
300	894
301	303
301	306
301	657
301	801
301	726
302	473
302	557
302	626
302	652
303	305
303	306
303	871
303	711
303	726
303	994
303	785
303	990
304	881
304	560
304	869
304	908
304	554
304	900
304	772
304	979
304	877
304	860
304	684
304	803
305	306
305	994
305	906
305	711
305	657
305	785
306	744
306	657
306	711
306	748
306	906
306	889
307	717
307	949
307	749
308	970
309	315
309	311
309	313
309	634
309	591
310	313
310	311
310	315
310	590
310	819
311	315
311	989
312	643
312	480
312	588
313	819
313	315
314	518
314	541
315	591
315	730
315	368
316	321
316	322
316	319
317	363
318	732
318	549
318	920
319	321
319	322
319	895
320	323
320	503
320	500
320	766
320	882
321	322
322	567
323	614
323	500
323	689
323	748
324	331
324	327
324	330
326	328
327	329
327	331
327	330
329	330
329	331
329	787
329	742
330	331
330	452
331	945
332	333
332	336
333	336
334	337
334	339
334	338
334	335
335	339
335	337
335	338
337	339
337	338
338	339
340	342
340	341
340	343
340	345
340	347
340	344
340	978
340	346
340	737
341	345
341	347
341	463
341	453
341	344
341	342
341	343
341	911
342	343
342	345
342	346
342	771
342	347
342	690
343	345
343	346
343	344
343	347
343	828
343	490
344	347
344	454
344	346
344	365
344	345
344	930
344	515
345	347
345	458
345	816
345	346
346	978
346	765
346	694
346	781
347	698
347	567
347	601
347	832
348	350
348	355
348	352
348	570
349	351
349	354
349	353
350	355
350	352
350	914
351	353
351	354
352	355
353	354
356	360
356	362
356	358
356	359
356	357
356	623
357	361
357	358
358	362
358	361
358	359
359	360
360	362
360	361
361	424
362	508
362	565
364	365
364	366
364	369
364	370
364	969
364	371
364	526
365	369
365	368
365	370
365	924
365	496
365	371
365	378
366	369
366	367
366	368
366	576
366	725
366	370
366	487
367	371
367	719
367	369
367	368
367	957
367	370
368	369
368	371
368	719
368	702
368	370
368	520
369	371
369	370
369	455
369	959
370	371
370	693
371	539
371	648
371	665
372	374
372	375
372	377
372	900
372	869
373	376
373	378
373	379
374	377
374	375
374	873
374	860
375	377
375	860
375	767
376	379
376	401
376	583
376	980
377	767
377	736
378	379
378	571
379	542
380	384
380	455
380	382
380	387
380	933
380	383
380	925
381	385
381	953
381	524
381	965
381	677
381	757
381	676
381	536
381	859
382	387
382	383
382	455
382	457
382	776
382	933
383	384
383	461
383	765
383	387
384	387
384	457
384	459
384	925
384	462
384	933
384	760
385	460
385	953
385	677
385	386
385	757
385	965
385	604
385	859
385	963
386	677
386	757
386	524
386	460
386	980
387	461
387	457
387	578
387	864
387	462
387	933
388	392
388	389
388	390
388	391
388	396
388	394
388	534
388	799
389	394
389	395
389	391
389	392
389	396
389	578
389	901
390	392
390	393
390	391
390	394
390	396
390	395
390	929
390	847
390	534
391	396
391	394
391	650
391	393
391	799
392	394
392	393
392	395
392	784
393	395
393	396
393	394
393	799
393	724
394	396
394	686
395	396
395	929
395	702
395	986
395	724
396	534
397	402
397	403
397	399
397	400
397	404
397	405
397	647
397	895
397	876
397	628
398	400
398	402
398	401
398	399
398	876
398	895
398	404
399	405
399	401
399	400
399	403
399	895
399	531
399	876
400	401
400	405
400	402
400	404
400	808
400	876
400	659
401	403
401	405
401	910
401	404
401	904
402	404
402	403
402	405
402	706
402	892
402	647
403	405
403	531
403	706
403	839
404	405
404	904
404	706
404	685
405	706
406	408
406	414
406	407
406	413
406	410
406	409
406	412
407	411
407	413
407	412
407	410
408	414
408	410
408	409
408	412
409	411
409	413
409	414
410	411
410	414
410	412
410	413
411	412
411	414
412	413
413	414
415	418
415	420
415	416
415	428
415	425
416	419
416	418
416	420
417	422
417	421
417	423
418	419
418	424
418	493
419	420
419	427
420	427
420	428
421	422
421	423
422	423
424	428
424	427
424	432
424	425
424	431
425	431
425	428
425	432
425	427
425	571
426	430
426	429
427	428
427	431
427	432
428	431
428	432
429	430
431	682
432	944
432	769
432	532
433	436
433	439
433	740
434	439
434	435
434	436
434	537
435	442
435	441
435	436
435	437
436	438
436	439
436	442
436	441
437	442
437	439
437	816
437	999
438	439
438	442
438	441
438	440
440	441
440	442
440	721
441	442
443	449
443	448
443	447
443	450
443	446
443	896
443	687
443	830
443	621
443	717
444	451
445	450
445	447
445	448
445	449
445	446
445	988
445	621
445	710
445	632
445	738
445	760
446	447
446	448
446	449
446	452
446	717
446	830
446	988
446	632
447	452
447	449
447	448
447	592
447	717
447	738
447	760
447	710
447	621
448	452
448	449
448	450
448	710
448	830
448	632
448	592
449	450
449	452
449	592
449	687
449	760
449	830
449	866
450	452
450	738
450	710
450	760
450	988
450	717
450	687
452	738
452	988
452	896
452	592
452	632
452	687
453	454
453	463
453	458
454	458
454	463
455	457
455	459
455	614
456	660
456	655
456	794
457	461
457	462
457	459
458	463
458	950
459	462
459	461
459	709
460	757
460	953
460	965
460	677
460	536
460	926
460	595
461	462
461	925
462	495
464	472
464	467
464	471
464	707
464	674
464	842
464	937
464	512
465	470
465	474
465	466
465	857
466	470
466	474
466	674
467	471
467	472
467	928
467	617
467	842
467	761
467	846
468	972
468	541
468	819
468	711
468	987
469	955
469	588
469	818
469	914
469	782
469	781
469	544
470	474
471	472
471	806
471	749
471	798
471	897
472	928
472	522
472	643
472	707
473	652
473	700
473	888
473	485
473	630
474	567
475	479
475	515
475	713
475	761
475	622
475	682
476	478
476	483
476	480
476	485
476	555
476	954
476	902
476	727
477	484
477	874
477	976
478	480
478	481
478	609
478	752
478	627
478	878
479	485
479	622
479	517
479	603
479	722
480	882
480	761
480	878
480	844
480	954
481	483
481	722
481	609
481	562
481	517
483	752
483	704
483	878
483	622
483	954
484	874
484	976
484	701
484	942
485	562
485	858
485	878
486	495
486	488
486	487
486	496
486	538
486	932
486	908
486	675
487	495
487	702
487	753
488	496
488	854
489	491
489	490
489	492
489	497
490	497
490	492
490	491
490	826
491	497
491	507
491	492
492	497
492	916
493	494
493	532
494	571
495	496
495	708
495	525
496	998
498	956
499	514
499	754
499	981
499	946
499	776
499	723
499	763
500	503
500	614
501	519
501	512
501	598
501	967
501	812
501	555
502	504
502	868
502	550
502	575
502	569
502	513
502	715
502	509
502	572
502	852
502	584
502	780
502	802
502	547
502	796
502	791
502	938
502	579
503	614
503	649
504	513
504	509
504	658
504	796
504	822
504	715
504	511
504	569
504	826
504	510
504	561
504	668
504	762
504	934
504	834
504	852
504	616
504	861
504	646
504	774
504	833
505	759
505	983
505	853
505	884
505	591
505	947
505	989
505	710
505	751
506	593
506	766
506	611
506	989
506	884
506	853
506	586
506	885
507	516
507	958
507	625
507	720
507	862
507	523
507	525
507	893
508	565
509	511
509	796
509	762
509	931
509	670
509	934
509	550
509	715
509	822
509	595
509	868
509	768
509	586
509	547
509	811
509	533
509	513
509	899
509	780
509	779
509	569
509	580
509	802
510	639
510	755
510	868
510	774
510	658
510	569
510	791
510	973
510	595
510	931
510	961
510	715
510	575
510	796
510	832
510	561
510	780
510	607
510	668
510	513
510	811
510	779
510	511
511	792
511	513
511	561
511	755
511	715
511	668
511	973
511	796
511	550
511	569
511	934
511	607
511	931
511	658
511	826
511	745
512	519
512	812
512	598
512	967
513	931
513	715
513	639
513	796
513	938
513	550
513	826
513	934
513	575
513	561
513	762
513	668
513	658
513	580
513	727
513	774
514	946
514	518
514	776
514	723
514	805
514	703
515	517
515	622
515	609
515	882
515	954
515	713
515	761
515	844
515	704
515	562
515	917
516	862
516	893
516	625
516	742
517	878
517	844
517	761
517	562
517	529
517	882
517	555
517	627
517	722
517	839
517	954
517	917
517	704
518	981
518	805
518	946
518	754
518	589
518	967
519	598
519	812
519	967
519	778
520	602
520	741
520	804
520	582
520	902
520	526
520	660
520	583
521	684
521	900
521	775
521	656
521	863
521	527
521	705
522	995
522	749
522	928
522	623
522	795
522	542
523	888
523	971
523	630
523	652
523	581
523	557
523	559
523	613
523	943
524	677
524	953
524	757
524	965
524	859
524	686
524	604
524	974
525	958
525	720
525	625
525	893
525	862
525	799
526	883
526	636
526	763
526	583
526	582
526	695
526	602
526	629
526	837
526	996
527	817
527	736
527	863
527	851
527	803
527	987
527	772
527	705
527	577
527	775
528	778
528	985
528	657
529	878
529	603
529	752
529	555
529	609
529	761
529	839
529	722
529	622
529	704
530	675
530	554
530	556
530	560
530	600
530	803
530	817
530	756
530	877
531	647
531	876
531	904
531	706
532	559
532	769
532	571
532	682
532	781
532	944
532	898
533	596
533	961
533	584
533	547
533	848
533	572
533	579
533	810
533	811
533	834
533	852
533	789
533	668
533	952
533	550
533	586
533	919
533	658
534	686
534	786
534	875
534	929
534	724
534	702
534	578
534	799
534	945
534	784
534	650
534	986
534	599
534	918
534	847
534	981
535	976
535	701
535	874
535	886
535	716
535	788
535	654
536	890
536	963
536	859
536	564
536	926
536	676
536	980
537	922
537	797
537	681
537	735
537	543
538	897
538	696
538	828
538	719
538	734
538	708
538	970
538	619
539	866
539	727
539	619
539	916
539	757
540	573
540	850
541	601
541	544
541	972
541	546
542	928
542	643
542	937
542	623
542	563
542	617
542	718
542	995
542	949
542	798
542	806
542	846
542	795
542	842
542	674
543	968
543	568
543	667
543	649
543	922
543	921
543	681
544	601
544	814
544	972
544	694
545	672
545	892
545	880
545	631
545	663
545	879
545	576
545	597
545	927
545	993
545	731
545	808
545	662
545	691
545	783
545	999
546	814
546	694
547	802
547	780
547	833
547	952
547	861
547	811
547	579
547	941
547	679
547	580
547	616
547	991
547	584
547	646
547	832
547	639
547	855
548	746
548	982
548	654
549	920
549	732
550	826
550	796
550	774
550	575
550	934
550	791
550	670
550	973
550	938
550	852
550	668
550	834
550	899
550	607
550	579
550	566
550	729
551	612
551	903
551	624
551	793
551	794
551	712
551	864
551	689
551	758
551	948
551	589
553	969
553	984
553	626
553	966
553	870
553	739
553	997
554	675
554	908
554	831
554	560
554	881
554	939
554	964
554	756
554	860
554	736
554	656
554	877
555	609
555	917
555	752
555	713
555	562
555	954
555	622
555	839
555	603
555	893
555	761
555	704
556	675
556	831
556	964
556	560
556	869
556	881
556	756
556	863
556	908
556	987
556	659
556	656
556	979
556	683
557	943
557	581
557	652
557	888
557	630
557	593
558	750
558	671
558	589
558	948
558	747
558	743
558	758
558	864
558	612
558	923
558	903
559	571
559	781
559	944
559	913
559	926
560	964
560	869
560	908
560	939
560	881
560	656
560	821
560	775
561	670
561	826
561	595
561	931
561	868
561	768
561	792
561	575
561	668
561	973
561	755
561	586
561	832
561	780
561	919
561	596
561	616
561	647
561	952
561	874
562	844
562	878
562	917
562	954
562	882
562	722
562	622
562	609
562	761
562	704
562	627
562	752
563	842
563	707
563	806
563	617
563	846
563	795
563	928
563	995
563	749
563	798
563	674
563	937
563	718
564	890
564	604
564	859
564	676
564	980
564	965
566	679
566	861
566	579
566	607
566	584
566	811
566	919
566	941
566	572
566	802
566	848
566	596
566	833
566	668
566	797
566	641
566	961
567	898
567	918
567	692
567	843
567	599
568	667
568	570
568	921
568	696
568	922
568	681
568	649
569	934
569	938
569	774
569	755
569	822
569	832
569	762
569	792
569	868
569	639
569	768
569	572
569	745
569	670
569	595
570	649
570	667
570	921
570	968
570	797
571	769
571	682
571	944
571	913
571	781
572	780
572	834
572	679
572	848
572	899
572	861
572	810
572	952
572	789
572	616
572	961
572	855
572	646
572	811
572	931
572	658
572	938
573	850
574	770
574	633
574	829
574	979
574	600
574	685
574	873
575	668
575	715
575	595
575	762
575	774
575	934
575	768
575	973
575	670
575	931
575	796
575	822
575	941
575	811
575	789
575	607
576	725
576	854
576	930
576	631
576	790
576	879
576	597
576	709
576	663
576	849
576	977
576	962
576	719
576	974
576	619
576	927
576	669
577	656
577	877
577	860
577	851
577	684
577	767
577	987
577	803
577	775
577	736
577	817
577	900
577	821
577	683
577	675
577	705
577	979
577	829
577	909
578	784
578	929
578	650
578	847
578	799
578	875
578	945
578	702
578	786
578	724
578	686
578	641
579	789
579	941
579	802
579	811
579	919
579	779
579	810
579	852
579	729
579	834
579	762
579	755
579	991
579	715
579	833
579	774
579	938
579	952
579	961
580	899
580	810
580	586
580	848
580	861
580	779
580	991
580	919
580	802
580	616
580	789
580	834
580	941
580	811
580	792
580	796
580	646
580	840
580	938
580	768
580	822
580	758
581	652
581	700
581	888
581	943
581	971
581	630
581	916
581	878
582	804
582	902
582	695
582	636
582	629
582	986
582	741
582	763
582	713
583	902
583	804
583	741
583	629
583	883
583	695
583	636
584	855
584	780
584	952
584	810
584	596
584	861
584	834
584	961
584	852
584	840
584	802
584	679
584	779
584	586
584	607
584	616
584	639
584	658
584	595
584	899
584	822
585	665
585	885
585	648
585	628
585	734
586	779
586	961
586	991
586	607
586	679
586	899
586	941
586	596
586	952
586	852
586	616
586	861
586	834
586	715
586	768
586	774
586	802
586	912
587	947
587	618
587	911
587	783
588	955
588	818
588	782
588	914
589	750
589	758
589	747
589	948
589	743
589	671
589	894
590	730
590	983
590	634
590	759
590	853
590	591
591	884
591	730
591	751
591	853
591	759
591	819
591	634
591	744
592	632
592	717
592	621
592	687
592	760
592	830
592	738
592	907
593	703
593	730
593	611
593	759
593	819
593	989
594	777
594	642
594	640
595	658
595	670
595	762
595	832
595	791
595	934
595	931
595	745
595	938
595	755
595	668
595	919
595	868
595	796
595	802
595	811
596	729
596	679
596	855
596	616
596	802
596	952
596	941
596	755
596	852
596	792
596	822
596	774
596	826
596	919
596	832
596	840
597	620
597	808
597	773
597	854
597	672
597	865
597	879
597	892
597	927
597	790
597	725
597	977
597	856
597	709
597	955
597	719
598	967
598	812
598	805
599	692
599	787
599	918
599	843
599	651
600	605
600	659
600	829
600	770
600	956
600	633
600	979
600	685
600	756
600	939
600	860
601	972
601	814
601	694
602	883
602	695
602	902
602	636
602	804
602	763
602	837
603	878
603	761
603	844
603	954
603	722
603	713
603	622
603	839
603	752
603	609
604	676
604	926
604	963
604	980
604	890
604	757
604	912
604	953
604	965
605	728
605	633
605	956
605	685
605	829
605	659
605	964
605	770
605	817
605	863
605	873
605	736
606	912
606	924
606	666
606	962
606	756
607	616
607	961
607	789
607	780
607	802
607	861
607	855
607	899
607	833
607	834
607	919
607	952
607	811
607	715
607	822
607	670
607	779
607	658
608	711
608	992
608	871
608	906
608	994
608	801
608	657
608	748
608	889
608	697
608	744
608	785
609	917
609	627
609	704
609	954
609	713
609	882
609	878
609	784
610	996
610	838
610	733
611	989
611	634
611	819
611	853
611	884
611	983
612	793
612	624
612	864
612	935
612	712
612	903
612	794
612	894
612	747
613	764
613	872
613	882
613	837
614	695
615	642
615	640
615	777
615	682
615	780
616	919
616	679
616	779
616	780
616	848
616	834
616	961
616	840
616	833
616	802
616	952
616	796
616	811
616	852
616	810
616	789
616	668
617	995
617	674
617	937
617	643
617	806
617	928
617	707
617	846
617	949
617	795
617	798
618	911
618	947
618	835
619	916
619	727
619	993
620	999
620	959
620	930
620	892
620	808
620	927
620	977
620	709
620	910
620	631
620	731
620	691
620	849
620	807
620	854
620	865
620	663
621	896
621	988
621	687
621	632
621	760
621	830
622	713
622	704
622	627
622	917
622	839
622	882
622	954
622	844
622	752
623	846
623	798
623	937
623	806
623	718
623	949
623	643
623	707
623	795
624	903
624	935
624	794
624	864
624	689
624	948
624	907
625	742
625	862
625	958
626	984
626	966
626	753
626	739
626	870
626	969
626	997
627	722
627	844
627	761
627	878
627	702
627	713
628	885
628	665
628	809
628	648
628	836
628	645
628	957
629	763
629	741
629	636
629	695
629	934
629	883
629	804
630	971
630	943
630	700
630	648
631	962
631	910
631	879
631	892
631	709
631	993
631	849
631	672
631	790
631	725
631	856
631	927
631	854
632	710
632	830
632	738
632	687
632	875
633	659
633	770
633	829
633	956
633	685
633	728
633	979
633	877
633	860
633	656
633	881
634	703
634	766
634	759
634	853
634	730
634	751
635	815
635	808
635	826
636	695
636	804
636	741
636	902
636	763
637	664
637	737
637	661
637	693
637	858
638	800
638	823
638	699
638	657
639	670
639	973
639	791
639	768
639	658
639	826
639	931
639	822
639	934
639	762
639	848
639	779
639	833
639	961
639	780
639	840
639	679
639	991
639	832
639	834
639	855
640	777
640	642
640	788
641	875
641	650
641	799
641	702
641	929
641	945
641	986
641	686
641	724
641	847
641	806
642	777
643	718
643	842
643	949
643	846
643	707
643	798
643	806
643	928
643	995
643	988
644	891
644	678
645	836
645	885
645	648
645	809
645	957
645	824
645	805
645	665
646	834
646	833
646	941
646	952
646	840
646	961
646	855
646	779
646	796
646	789
646	973
646	938
647	706
647	904
647	895
648	809
648	885
648	665
648	836
648	661
648	795
649	921
649	667
649	898
650	945
650	702
650	784
650	929
650	686
650	986
650	847
650	724
650	875
650	799
651	932
651	907
651	915
651	760
652	888
652	971
652	943
653	733
653	867
653	838
653	996
654	746
654	982
655	660
655	847
656	873
656	821
656	900
656	767
656	987
656	775
656	736
656	684
656	863
656	851
656	756
657	785
657	994
657	748
657	992
657	990
657	711
657	889
657	871
657	906
657	823
658	792
658	670
658	668
658	868
658	832
658	745
658	762
658	934
658	715
658	941
658	861
658	931
658	840
659	770
659	979
659	956
659	728
659	685
659	869
661	664
661	737
661	858
661	693
661	973
662	993
662	719
662	709
662	731
662	808
662	977
662	856
662	854
662	879
662	959
662	824
662	892
662	912
662	880
662	962
662	927
662	865
662	672
663	880
663	765
663	691
663	974
663	824
663	731
663	725
663	856
663	892
663	910
663	930
663	959
664	693
664	858
664	737
665	957
665	836
665	886
666	912
666	924
666	901
666	879
667	968
667	681
667	797
668	868
668	822
668	768
668	826
668	832
668	934
668	973
668	991
669	880
669	709
669	892
669	927
669	765
669	808
669	974
669	725
669	672
669	921
669	856
669	824
669	968
669	977
670	796
670	774
670	832
670	822
670	791
670	826
670	755
670	792
670	938
670	802
670	811
671	747
671	750
671	894
671	948
671	857
671	758
671	743
671	968
672	765
672	930
672	790
672	773
672	974
672	880
672	854
672	691
672	927
672	808
672	739
672	910
672	977
673	845
673	951
673	825
673	820
674	707
674	949
674	806
674	842
674	798
675	939
675	869
675	756
675	831
675	900
675	817
676	890
676	859
676	926
676	980
676	963
676	677
676	847
676	953
677	965
677	953
677	757
678	891
679	919
679	941
679	811
679	852
679	899
679	991
679	952
679	861
679	832
679	729
679	796
679	840
679	973
680	909
680	975
680	905
680	721
680	827
680	740
680	960
680	998
681	735
681	922
682	781
682	913
682	944
682	769
682	790
683	851
683	775
683	684
683	772
683	705
683	863
683	873
683	987
683	767
683	821
683	829
684	860
684	803
684	767
684	900
684	736
684	772
684	821
684	863
684	851
684	987
684	775
684	908
685	979
685	829
685	770
685	956
685	863
685	900
685	817
686	784
686	875
686	799
686	724
686	847
686	929
687	830
687	710
687	896
687	717
687	738
687	988
688	887
689	793
689	864
689	712
689	935
689	794
689	903
689	812
690	708
690	897
690	696
690	828
690	970
690	734
690	872
690	852
691	930
691	959
691	910
691	773
691	719
691	880
691	849
691	807
691	808
691	927
691	974
691	790
691	865
691	765
691	895
691	879
691	824
691	962
691	709
692	843
692	918
692	787
692	898
692	701
693	737
694	972
694	814
694	702
694	845
695	741
695	902
696	970
696	897
696	828
696	734
696	914
697	711
697	748
697	889
697	990
697	726
697	992
697	906
697	785
697	744
697	994
698	950
698	816
698	771
698	978
699	800
699	823
700	888
700	971
700	875
701	788
701	976
701	942
701	716
701	874
701	782
702	786
702	875
702	929
702	847
702	945
702	724
702	784
702	799
702	718
703	759
703	766
703	983
703	730
703	751
703	989
703	853
704	917
704	722
704	882
704	878
704	844
704	839
704	954
704	918
705	767
705	987
705	863
705	821
705	775
705	873
705	900
705	736
705	817
705	851
705	803
705	772
706	876
706	904
707	937
707	949
707	806
707	795
707	842
707	749
707	718
708	828
708	734
708	897
708	970
709	849
709	773
709	959
709	865
709	977
709	974
709	892
709	962
709	856
709	910
709	731
709	930
709	799
709	854
709	843
709	859
709	999
709	790
710	896
710	988
710	760
710	738
710	717
710	830
711	744
711	994
711	726
711	785
711	990
711	871
711	801
711	992
711	889
711	906
711	902
712	864
712	793
712	903
712	794
712	935
712	747
712	743
712	758
713	844
713	752
713	722
713	878
713	954
714	942
714	976
715	938
715	934
715	768
715	745
715	931
715	861
715	762
715	848
715	833
715	927
716	942
716	788
717	830
717	738
717	988
718	928
718	806
718	846
718	937
718	995
718	842
718	795
718	961
718	749
719	807
719	993
719	856
719	930
719	977
719	734
720	893
720	862
721	827
721	740
721	905
721	841
721	960
721	909
721	998
721	975
721	814
721	813
722	917
722	878
722	752
722	954
722	761
723	981
723	776
724	986
724	784
724	929
724	799
724	847
724	875
724	945
725	854
725	977
725	807
725	910
725	849
725	927
725	993
725	856
725	790
725	880
725	773
726	871
726	889
726	906
726	992
726	744
726	990
726	801
726	800
727	866
727	916
728	770
728	956
728	803
729	811
729	848
729	780
729	861
729	952
729	834
729	840
729	991
729	810
729	833
729	832
729	789
729	768
730	884
730	989
730	751
731	879
731	993
731	824
731	865
731	807
731	962
731	974
731	773
731	970
731	892
731	927
732	920
733	867
733	838
734	897
734	970
735	922
735	797
735	921
735	968
736	772
736	863
736	900
736	877
736	817
736	767
736	987
736	860
736	821
736	873
736	881
736	979
736	831
737	858
737	822
738	760
738	830
738	988
738	896
738	765
739	870
739	997
739	753
739	966
739	969
739	984
740	827
740	905
740	998
740	909
740	975
740	960
740	866
740	755
741	804
741	902
741	763
742	958
742	893
743	894
743	948
743	923
743	758
743	857
743	750
744	994
744	785
744	801
744	906
744	992
745	822
745	973
745	792
745	780
745	774
745	826
745	931
745	755
745	802
745	789
745	961
745	796
745	952
745	840
746	982
747	894
747	750
747	758
747	948
747	923
748	871
748	990
748	994
748	906
748	889
748	785
749	846
749	806
749	798
749	842
750	857
750	923
750	903
750	894
751	853
751	884
751	989
751	766
751	983
751	819
752	839
752	761
752	844
752	878
752	812
753	984
753	870
753	969
753	966
754	981
754	805
754	776
754	946
754	986
755	934
755	931
755	973
755	796
755	832
755	791
755	762
756	939
756	908
756	831
756	881
756	987
756	829
756	775
756	869
757	953
757	965
758	923
758	857
758	948
758	793
759	989
759	766
759	884
759	983
759	892
760	988
760	896
760	830
761	882
762	792
762	796
762	768
762	934
762	973
762	931
762	834
762	919
762	961
762	938
763	804
763	837
763	902
763	806
763	883
764	872
764	818
765	993
765	856
765	927
765	849
765	910
765	880
765	936
766	989
766	983
766	819
767	877
767	987
767	860
767	775
767	803
767	863
767	900
767	831
767	882
767	873
768	796
768	826
768	774
768	791
768	931
768	822
768	973
768	919
768	961
768	834
768	952
768	789
769	913
769	781
769	944
770	979
770	956
770	829
770	900
771	978
771	816
771	950
772	987
772	775
772	877
772	860
772	900
772	821
772	863
772	803
772	908
773	927
773	999
773	910
773	856
773	892
773	865
773	807
773	824
773	930
774	868
774	792
774	973
774	832
774	811
774	919
775	821
775	863
775	817
775	900
775	987
775	851
775	939
775	956
776	805
776	981
776	946
776	953
776	777
778	985
779	855
779	961
779	861
779	899
779	811
779	810
779	802
779	848
779	840
779	934
779	952
779	940
779	941
780	848
780	991
780	855
780	810
780	840
780	802
780	961
780	861
780	811
781	944
781	913
781	798
782	955
782	818
782	914
782	806
783	940
784	786
784	929
784	945
784	875
785	871
785	889
785	906
786	945
786	799
786	986
786	875
786	929
786	847
787	898
787	918
787	843
787	815
788	976
788	874
788	942
789	834
789	861
789	810
789	941
789	833
789	811
789	855
789	973
789	852
790	927
790	962
790	808
790	824
790	849
790	879
790	910
790	807
790	892
790	993
791	796
791	792
791	826
791	840
791	961
791	822
791	991
792	796
792	973
792	868
792	826
792	934
792	931
792	941
792	938
792	899
792	834
793	903
793	864
793	894
793	794
793	923
793	857
794	903
794	864
794	935
794	857
795	937
795	798
795	949
795	928
795	846
795	806
795	995
796	822
796	973
796	848
796	919
796	938
796	826
797	968
798	995
798	846
798	842
798	949
798	806
799	875
799	847
799	945
799	929
800	823
801	994
801	871
801	906
801	889
801	992
802	848
802	810
802	861
802	833
802	941
802	899
802	961
802	855
803	900
803	873
803	851
803	877
803	863
803	987
803	821
803	860
804	883
804	837
805	946
805	981
806	937
806	842
806	949
807	959
807	849
807	824
807	993
807	808
807	892
807	974
807	980
807	910
808	959
808	856
808	849
808	824
808	854
808	962
808	999
809	885
809	836
809	957
810	852
810	848
810	833
810	919
810	899
811	991
811	833
811	848
812	967
813	940
813	835
814	997
816	950
817	873
817	877
817	860
817	987
817	851
817	821
818	955
819	884
819	983
820	825
820	951
820	845
821	900
821	873
821	860
821	851
821	869
821	964
822	934
822	868
822	973
824	854
824	962
824	959
824	999
824	930
825	845
825	951
826	934
826	938
826	868
826	941
826	852
826	991
826	848
826	832
826	840
827	998
827	975
827	960
827	841
827	909
827	905
828	897
828	963
829	979
829	956
829	860
829	863
830	896
831	881
831	869
831	908
831	939
831	956
831	860
832	931
832	973
832	852
832	861
832	834
832	961
833	899
833	834
833	991
833	861
833	852
833	938
834	991
834	840
834	931
834	973
835	940
835	866
836	957
836	892
836	885
837	902
837	883
838	867
838	996
839	844
839	954
839	917
840	855
840	991
840	919
840	961
840	941
840	852
840	868
841	905
841	975
841	960
842	949
842	928
842	937
843	918
843	898
844	882
844	917
845	951
846	937
846	995
846	949
846	928
847	986
847	929
847	945
847	870
848	952
848	941
848	919
848	852
848	861
849	977
849	927
849	892
849	993
849	856
849	865
849	854
849	974
849	995
849	999
851	877
851	873
851	860
851	900
851	964
851	956
852	991
852	919
853	989
854	977
854	999
854	856
854	880
854	927
854	892
855	919
855	991
855	899
856	879
856	927
856	930
856	962
856	865
856	974
856	880
857	894
857	935
857	923
859	926
859	980
859	963
860	873
860	987
860	877
861	991
861	961
861	941
861	973
861	931
862	893
862	958
863	987
863	873
863	900
863	908
864	903
864	935
865	993
865	927
865	977
865	879
865	959
865	962
866	916
868	938
868	934
868	973
869	881
869	964
869	939
869	956
870	966
870	969
870	997
870	984
871	994
871	992
871	990
871	906
872	988
873	900
873	939
873	908
874	886
874	976
875	929
875	986
875	945
876	904
877	900
877	987
878	882
878	954
878	917
879	977
879	892
879	999
879	959
880	993
880	892
881	939
881	908
882	917
883	902
883	919
885	957
886	942
888	971
889	994
889	990
890	980
890	963
890	926
890	953
892	930
892	910
892	977
892	999
892	962
892	927
893	958
894	923
894	948
895	904
896	988
897	970
898	918
898	946
899	941
899	919
899	931
899	934
901	912
901	924
901	930
901	993
903	935
905	975
905	909
906	992
906	994
907	936
907	915
908	964
908	939
908	979
909	975
909	998
909	960
910	977
910	962
910	930
910	927
910	959
910	999
910	997
911	947
912	924
913	944
914	955
915	936
915	932
917	954
919	941
919	961
919	991
921	968
923	948
925	933
926	980
926	963
926	953
927	993
927	974
928	995
928	949
929	986
930	977
930	974
931	973
931	991
932	936
932	991
934	941
934	991
934	961
934	952
936	971
937	949
937	995
938	973
938	941
938	991
939	987
941	952
941	991
943	971
945	986
946	981
950	978
952	961
953	965
959	999
959	993
960	998
962	977
962	993
962	974
963	980
964	987
964	979
966	969
966	984
966	997
967	985
969	984
969	997
970	998
974	999
975	998
984	997
990	994
992	994
993	999
