0	937
0	2
0	670
0	827
0	790
0	880
0	956
1	715
1	955
1	812
1	983
1	730
1	620
1	842
1	605
1	871
2	659
2	701
2	97
2	670
2	110
2	5
3	872
3	774
3	738
3	654
3	783
3	609
3	667
3	287
4	964
4	613
4	846
4	639
4	654
4	656
4	997
4	699
4	59
5	867
5	728
5	606
5	883
5	689
5	985
5	840
6	895
6	954
6	852
6	617
6	877
7	11
7	13
7	9
7	473
8	868
8	524
8	13
8	40
8	10
9	12
9	11
9	13
9	236
10	12
10	13
10	782
10	94
11	178
11	12
11	377
11	899
11	697
11	776
12	78
12	101
12	462
13	384
13	454
13	865
14	15
14	19
15	19
16	20
16	519
16	134
17	20
17	18
18	20
20	520
21	26
21	25
22	23
22	27
22	24
22	286
23	24
23	27
23	69
24	27
24	67
25	26
27	67
28	31
28	32
28	29
28	167
29	30
29	152
29	34
29	153
29	33
29	207
29	32
30	149
30	150
30	32
30	33
30	161
31	33
31	151
31	149
31	34
31	152
31	32
31	147
31	166
32	34
32	150
32	148
32	33
32	149
32	147
33	152
33	151
33	148
33	153
33	167
33	161
34	165
34	284
35	38
35	41
35	699
36	38
36	500
36	39
37	95
37	684
37	40
37	39
38	39
38	803
39	40
39	178
40	893
40	449
41	384
41	357
41	254
41	986
41	278
42	46
42	44
43	48
43	45
43	47
43	57
44	46
45	47
45	48
45	593
47	48
47	745
49	55
49	467
49	50
49	51
49	725
49	466
50	54
50	52
50	464
51	466
51	468
51	469
51	517
52	469
52	467
52	468
52	458
53	55
53	54
53	325
53	885
54	55
54	467
54	466
55	468
55	103
55	343
56	60
56	62
56	337
56	59
56	61
57	59
57	79
57	261
57	477
57	60
57	62
58	60
58	59
59	76
59	230
59	61
60	436
60	627
61	144
61	665
61	76
61	100
62	111
63	64
63	69
63	214
63	434
63	483
63	869
63	641
64	69
64	65
64	258
64	68
64	66
64	67
64	311
64	853
64	802
65	66
65	67
65	68
65	598
66	68
66	69
66	621
67	68
67	745
67	191
68	69
69	799
69	747
69	992
70	74
70	73
70	435
70	523
70	655
70	937
71	72
71	482
71	73
71	76
71	537
72	74
72	542
72	312
72	73
72	87
72	648
73	130
73	76
74	242
74	181
74	75
74	516
74	109
75	372
75	714
76	878
76	640
77	83
77	81
77	528
77	78
77	532
78	80
78	206
78	307
78	81
78	83
78	899
79	80
79	770
79	81
79	82
79	815
80	83
80	82
80	311
80	359
80	221
80	81
81	582
81	381
82	717
82	353
82	937
83	103
84	88
84	473
84	90
84	85
84	490
84	89
85	86
85	218
85	313
85	334
85	932
85	806
85	585
85	665
86	90
86	940
87	90
87	358
87	395
88	91
88	90
88	89
88	416
88	237
88	300
89	90
90	601
90	224
90	263
91	702
91	94
91	506
92	93
92	97
92	147
93	94
93	95
93	331
93	474
94	314
94	97
94	540
94	715
95	97
95	490
95	223
95	807
96	335
96	177
96	97
98	104
98	100
98	102
98	409
98	220
98	223
99	220
99	222
99	217
99	223
99	104
99	167
100	222
100	102
100	163
101	103
101	104
101	221
101	222
101	220
101	113
101	219
101	680
102	222
102	104
102	220
102	285
102	698
103	223
103	242
104	220
104	222
104	219
105	111
105	106
105	107
105	440
105	555
105	479
106	109
106	110
106	497
107	206
107	109
107	453
108	110
108	109
108	937
109	110
109	403
109	127
109	552
110	111
112	244
112	118
112	822
112	913
112	113
112	430
113	114
113	117
113	333
113	583
113	425
113	116
114	118
115	116
115	284
115	786
116	118
116	495
116	979
117	376
117	315
118	321
118	215
119	204
119	124
119	121
119	125
119	373
119	778
119	322
120	458
120	407
121	190
121	219
122	124
122	123
123	286
123	782
124	125
125	438
126	128
126	816
126	614
126	663
126	785
126	129
126	765
126	623
127	625
127	755
127	881
127	970
127	911
127	806
127	655
127	509
127	612
128	129
128	616
128	132
128	505
128	638
128	888
128	785
128	849
129	888
130	836
130	131
130	625
130	911
130	808
130	824
130	373
131	706
131	824
131	818
131	755
131	626
132	307
132	805
133	134
133	136
133	137
133	395
133	615
133	691
134	139
134	136
134	389
134	137
134	768
135	138
135	139
135	391
135	392
135	611
135	136
135	393
135	660
135	344
136	396
136	390
136	138
136	389
136	139
137	138
137	394
137	392
138	396
138	391
138	897
139	396
139	388
140	146
140	142
140	328
140	998
140	143
141	142
141	430
141	288
141	144
141	146
142	146
142	157
142	156
142	255
142	847
142	144
142	921
143	144
143	145
143	492
143	580
143	350
143	493
143	816
144	310
144	222
145	553
147	153
147	150
147	151
147	148
147	163
148	152
148	151
148	153
148	164
148	161
148	162
148	149
149	153
149	151
149	150
149	152
150	151
150	152
151	166
151	161
152	153
152	162
154	155
154	545
154	551
154	554
154	566
154	563
154	902
155	545
155	566
155	554
155	552
155	562
155	564
155	563
156	555
156	159
156	544
156	557
156	548
156	157
156	678
157	159
157	555
157	544
157	553
157	557
157	550
157	707
158	560
158	556
158	547
158	160
158	549
159	555
159	561
159	550
159	553
159	548
159	557
159	767
160	549
160	547
160	558
161	164
161	167
161	811
162	164
162	165
162	163
163	164
164	166
164	167
164	165
165	167
165	166
168	173
168	169
168	172
168	275
168	171
168	280
168	188
168	176
169	172
169	173
169	280
169	277
169	278
169	279
169	183
169	999
170	171
170	172
170	277
170	174
170	280
170	173
170	187
170	185
171	174
171	279
171	274
171	281
172	174
172	274
172	275
172	281
172	185
172	183
173	280
173	279
173	174
173	281
173	278
173	188
174	275
174	279
174	281
174	274
174	280
175	177
175	180
175	179
176	179
176	950
176	177
177	179
177	178
177	795
178	180
178	207
178	531
178	181
179	181
180	231
180	181
181	789
182	183
182	274
182	280
183	186
183	184
183	187
183	276
184	186
184	188
185	188
185	281
185	187
186	187
186	188
187	188
188	277
188	385
188	964
189	195
189	190
189	372
189	194
190	192
190	307
190	226
190	194
190	191
190	471
191	193
191	192
192	193
192	195
192	332
192	438
193	195
193	968
193	203
194	195
196	739
196	981
196	200
196	904
197	198
197	200
197	201
197	929
197	991
197	981
198	199
198	201
198	202
198	739
199	202
199	200
199	981
199	248
200	201
200	202
200	590
201	996
201	935
202	981
202	560
203	348
203	206
203	208
204	208
204	371
204	557
204	212
204	265
204	785
205	720
205	382
205	206
205	207
206	584
206	209
208	473
208	624
209	310
209	890
210	211
210	588
210	213
210	214
210	212
210	314
210	402
210	860
210	708
211	215
211	213
211	212
211	216
211	744
211	553
211	915
212	214
212	264
212	216
212	472
212	565
213	214
214	216
214	969
216	505
217	223
217	219
217	871
218	220
219	220
219	223
220	701
221	222
222	584
223	475
224	228
224	230
224	261
224	260
225	230
225	228
225	260
225	262
225	226
225	227
225	771
225	568
226	261
226	228
226	260
226	651
226	604
227	230
227	816
227	260
228	265
228	229
228	260
228	259
229	259
229	238
229	347
229	738
229	613
230	265
230	259
230	332
231	233
231	235
231	237
232	233
232	532
232	578
232	237
232	234
232	235
232	486
232	848
233	235
233	503
233	234
233	237
233	872
234	236
234	934
234	764
234	362
235	237
235	572
236	237
236	775
238	693
238	242
238	332
238	240
238	244
239	243
239	242
240	242
240	241
241	242
241	243
241	473
241	950
241	616
242	333
242	497
242	791
243	244
243	905
245	246
245	250
246	250
246	248
247	251
247	249
248	250
249	251
252	255
252	258
252	254
253	256
253	254
253	255
253	614
253	258
254	258
254	354
255	375
255	257
255	567
255	680
256	828
257	370
257	258
257	544
258	994
258	538
259	265
259	261
259	264
259	262
259	260
260	263
260	264
260	480
260	265
261	263
261	262
261	265
262	265
262	555
262	263
262	264
263	265
264	265
265	481
266	271
266	365
266	363
266	269
266	368
266	456
266	452
267	269
267	366
267	273
267	455
267	387
267	369
267	445
268	273
268	365
268	270
268	364
268	366
268	271
268	367
268	368
268	369
268	269
269	366
269	369
269	367
269	272
269	270
269	364
269	463
270	272
270	363
270	365
270	364
270	271
270	368
270	453
270	443
271	273
271	365
271	364
271	453
272	273
272	364
272	450
272	455
272	368
273	362
273	369
273	364
273	456
273	445
273	480
274	278
274	280
274	281
275	276
275	280
275	278
276	279
276	277
276	278
276	281
276	952
277	279
277	278
278	279
279	472
280	281
281	352
282	285
282	288
282	284
283	286
283	600
283	287
283	288
284	288
284	286
284	893
285	289
285	286
285	452
286	288
286	289
287	415
287	289
288	289
290	292
290	294
290	291
291	294
291	292
291	821
292	294
292	639
293	296
293	295
293	297
294	780
295	296
295	297
295	851
296	297
296	746
297	891
298	299
298	302
299	302
300	303
300	304
301	303
303	304
303	305
304	305
306	311
306	310
307	309
307	312
308	980
308	312
308	311
308	889
309	570
309	310
309	663
309	924
310	957
311	467
312	313
312	492
313	635
314	320
314	317
314	318
314	321
315	320
315	316
315	321
316	318
316	321
316	514
317	318
317	319
317	321
318	320
318	505
319	320
320	321
320	438
320	674
320	490
320	879
320	973
322	325
322	324
322	326
322	485
323	327
323	440
323	329
323	326
324	329
324	465
324	328
324	327
324	856
325	327
325	328
326	382
327	646
328	682
329	988
330	333
330	464
330	331
330	334
330	336
331	333
331	337
332	337
332	334
332	796
333	337
333	336
333	578
334	335
334	530
335	336
335	337
336	567
336	462
336	631
338	339
338	342
338	341
339	341
339	342
340	345
340	343
340	344
341	342
343	345
343	344
344	345
346	350
346	352
346	348
346	495
347	351
347	349
347	353
348	350
348	352
349	351
349	353
349	629
350	352
351	353
351	986
354	359
354	357
354	355
354	358
355	357
355	358
355	359
355	463
356	360
356	361
357	359
357	358
358	359
360	361
362	366
362	364
362	367
362	365
362	363
362	447
363	365
363	368
363	453
364	367
364	368
364	447
365	369
365	446
365	367
365	456
366	367
366	570
366	448
366	450
367	446
368	369
368	844
368	790
369	449
369	443
370	537
370	376
370	435
370	416
371	373
371	377
371	708
373	397
373	378
374	375
374	378
374	376
374	443
375	528
375	602
376	381
377	822
378	533
378	733
379	381
379	385
379	386
379	387
379	570
380	387
380	594
380	382
380	383
380	381
382	385
382	745
383	387
383	384
383	386
384	387
384	886
385	387
385	785
385	386
386	765
386	963
387	655
387	741
388	392
388	390
388	393
388	391
388	891
389	390
389	393
389	394
390	395
390	393
390	394
390	772
391	392
391	395
392	396
392	393
392	394
392	395
393	395
393	396
393	658
394	772
394	788
395	396
395	833
395	658
396	691
396	615
397	405
397	399
397	400
397	543
397	403
397	542
398	402
398	529
398	406
398	530
398	536
398	539
398	399
398	816
398	714
399	540
399	530
399	401
399	403
399	529
399	400
400	542
400	532
400	540
400	643
400	405
400	526
401	406
401	543
401	542
401	541
401	526
401	531
401	990
402	407
402	535
402	541
402	540
403	406
403	404
403	685
404	535
404	531
404	526
404	541
404	590
404	532
405	528
405	537
405	533
405	532
405	406
406	526
406	533
406	534
406	528
407	534
407	540
407	539
407	528
408	413
408	414
408	409
408	630
409	410
409	412
410	413
410	414
410	417
410	561
410	411
410	415
411	415
411	413
411	418
412	413
412	417
412	712
412	414
412	416
413	416
413	642
413	415
415	817
415	876
417	418
418	798
419	420
419	422
420	422
421	423
421	427
421	428
421	757
423	427
423	428
423	696
424	426
424	429
424	425
424	826
425	429
425	426
426	429
426	842
427	428
427	639
429	761
430	431
430	575
431	439
431	441
431	442
431	445
432	435
432	441
432	433
433	480
433	434
433	573
434	440
434	442
434	524
434	437
434	441
435	439
435	442
436	440
436	439
436	916
437	440
437	438
438	454
438	440
438	442
443	448
443	454
444	515
444	522
444	633
445	455
445	456
445	447
445	453
445	446
445	450
446	450
446	447
446	516
446	449
446	455
446	511
446	456
446	453
446	452
447	452
447	456
447	513
447	455
448	453
448	452
448	454
448	511
449	455
449	454
449	452
449	456
450	452
450	511
450	456
450	513
450	453
450	930
451	522
451	515
451	850
452	456
452	453
452	454
452	600
453	513
453	456
453	455
453	952
454	513
454	511
454	455
455	456
455	516
455	909
457	461
457	465
457	462
457	459
457	463
457	570
457	908
458	468
458	469
458	464
458	466
458	460
458	497
459	471
459	463
459	461
459	462
459	465
459	470
460	466
460	469
460	468
460	464
460	467
460	502
461	463
461	465
461	471
461	470
461	462
462	470
462	471
462	704
463	465
463	470
463	471
464	469
464	467
464	572
465	470
465	471
466	467
466	469
467	468
468	469
469	916
470	855
472	484
472	485
472	475
472	477
472	873
474	487
474	484
475	481
475	483
476	486
476	479
476	482
476	607
477	481
478	481
479	487
480	483
480	485
480	500
481	482
482	485
482	600
483	486
484	651
484	866
485	487
485	536
488	496
488	493
488	495
488	489
488	796
488	498
489	503
489	491
489	495
489	493
489	498
490	492
490	499
490	500
491	498
491	495
491	494
491	493
492	497
492	500
492	501
492	499
493	498
493	502
494	503
494	496
494	495
494	498
494	525
495	502
495	766
495	980
496	502
496	503
497	499
497	500
497	501
498	502
498	503
499	500
499	501
499	611
500	501
501	590
502	503
504	820
504	669
504	867
504	873
504	933
505	638
505	816
505	614
506	519
506	520
506	732
506	793
506	958
506	731
506	518
506	865
507	510
507	508
507	675
507	846
507	908
507	823
507	704
507	667
507	828
508	946
508	973
508	872
509	755
509	688
509	836
509	726
509	881
509	948
510	517
510	892
510	738
510	650
510	863
510	814
510	832
510	823
511	516
512	519
512	921
512	751
512	793
512	901
512	979
512	731
512	961
512	776
512	903
513	516
514	851
514	739
514	991
514	929
514	904
514	935
515	522
517	946
517	639
517	898
517	656
518	520
518	797
518	682
518	845
518	671
518	992
518	941
518	947
519	804
519	843
519	923
519	947
519	629
519	751
519	741
519	958
519	731
520	969
520	710
520	731
520	900
520	682
520	751
520	797
520	645
520	882
521	523
521	885
521	801
521	764
521	696
521	802
522	769
523	647
523	800
523	886
523	713
523	678
523	705
523	707
524	543
524	542
524	527
524	535
524	632
525	531
525	537
525	714
525	526
525	527
525	529
525	657
526	542
526	534
526	541
526	529
527	529
527	539
527	536
527	528
527	625
528	539
528	825
529	533
529	539
529	542
529	543
529	535
530	543
530	532
530	680
530	536
531	541
531	536
531	532
531	533
532	536
532	541
532	537
533	539
533	543
533	534
533	834
534	539
534	543
534	784
535	541
535	537
535	543
535	536
535	538
536	542
536	537
537	543
537	541
537	538
538	539
538	542
539	540
539	541
540	541
540	542
540	543
544	557
544	548
545	554
545	565
545	566
545	551
546	565
546	552
546	564
546	566
546	551
546	563
547	559
547	560
547	558
547	556
547	650
548	550
548	555
548	561
548	553
548	557
549	556
549	559
550	553
550	561
550	555
550	843
550	654
551	552
551	565
551	562
551	564
551	566
551	554
552	564
552	554
552	563
552	562
553	561
553	557
554	566
554	562
554	564
555	561
555	717
555	557
557	561
558	559
559	560
562	566
562	565
562	564
563	565
563	564
564	566
567	570
567	580
567	588
567	571
567	592
568	601
568	583
568	586
568	574
568	603
568	590
569	573
569	580
569	577
569	578
569	602
569	603
570	575
570	589
570	599
570	594
571	575
571	925
571	582
571	586
572	584
572	585
572	576
572	593
572	600
572	580
572	589
572	574
573	579
573	602
573	595
573	580
573	576
574	582
574	600
574	593
574	599
575	597
575	603
575	585
576	584
576	590
576	583
576	587
576	598
577	584
577	601
577	593
577	598
577	940
578	586
578	587
578	601
578	598
579	588
579	592
579	602
579	580
579	585
579	581
579	600
579	583
580	597
580	603
581	596
582	588
582	597
582	594
582	590
582	586
582	587
583	595
583	598
583	599
584	603
584	592
584	587
585	602
585	595
586	587
586	593
586	597
587	601
587	592
587	590
587	595
588	589
588	601
589	594
589	600
589	795
589	592
590	593
591	596
592	601
592	603
593	594
593	595
593	603
593	602
594	601
595	601
595	602
598	601
598	599
599	600
604	735
604	976
604	848
604	945
604	917
605	875
605	735
605	618
605	955
605	620
605	733
606	689
606	972
606	953
606	728
607	692
607	666
607	876
607	644
608	849
608	774
608	612
608	946
608	662
608	823
609	646
609	676
609	777
609	704
609	774
609	783
609	874
609	862
609	663
610	920
610	870
610	951
610	915
610	652
610	831
611	856
611	615
611	772
611	897
611	648
611	891
611	630
611	691
612	639
612	908
612	823
612	640
612	839
612	774
612	653
613	699
613	650
613	863
613	738
613	679
613	780
613	862
614	765
614	638
614	795
615	856
615	897
615	658
615	768
615	630
615	660
615	974
615	648
616	816
616	765
616	647
617	971
617	998
617	895
617	877
617	657
617	695
617	879
617	723
618	812
618	686
618	955
618	677
618	976
618	848
618	983
618	987
618	805
618	690
618	730
619	654
619	814
619	846
619	982
620	875
620	927
620	715
620	690
620	812
620	753
620	914
620	871
620	945
620	848
621	967
621	696
621	890
621	657
621	815
621	912
621	800
621	826
622	839
622	653
622	964
622	667
622	699
622	780
622	898
622	676
622	862
622	640
622	919
623	717
623	822
623	701
624	912
624	967
624	930
625	896
625	808
625	706
625	742
625	726
625	818
625	970
625	688
625	687
625	838
625	911
625	939
626	838
626	818
626	939
626	824
626	934
626	706
626	948
626	836
626	726
627	680
627	796
627	798
627	847
627	954
627	759
628	798
628	796
628	799
628	635
628	740
628	829
628	995
629	903
629	990
629	900
629	743
629	961
629	751
629	969
629	843
629	878
630	768
630	648
630	658
630	691
630	897
630	772
631	922
631	689
631	873
632	785
632	810
632	765
632	888
632	663
633	653
633	823
633	928
634	865
634	958
634	878
634	779
634	979
634	797
634	645
634	990
634	961
634	731
635	966
635	770
635	796
635	834
635	693
635	905
635	727
635	740
635	829
636	988
636	952
636	643
636	726
636	841
637	723
637	965
637	938
637	703
637	860
637	890
637	943
637	707
637	912
638	795
638	785
639	892
639	828
639	832
639	708
639	964
639	839
639	823
639	841
639	946
640	777
640	846
640	656
640	814
641	953
641	698
641	683
641	728
641	972
641	933
641	820
642	952
642	988
642	643
642	927
643	988
643	952
644	870
644	876
644	907
644	910
644	746
644	750
645	797
645	900
645	710
645	854
645	751
645	845
645	743
645	902
645	887
645	793
646	748
646	862
646	807
646	823
646	738
647	998
647	879
647	769
647	712
647	977
647	707
648	830
648	660
648	918
648	768
648	974
648	661
648	788
649	754
649	652
649	724
649	666
649	750
649	864
649	926
650	908
650	653
650	982
650	997
650	748
650	654
650	862
650	667
650	672
650	839
651	924
651	950
651	697
652	907
652	666
652	709
652	750
653	889
653	846
653	704
653	777
653	872
653	982
653	863
654	814
654	823
654	777
654	704
654	839
654	889
654	946
654	892
655	742
655	806
655	838
655	818
655	755
656	973
656	675
656	889
656	780
656	774
656	919
656	832
656	964
657	967
657	857
657	723
657	965
657	695
657	764
657	869
658	772
658	833
658	918
658	768
658	830
658	856
658	691
658	897
659	994
659	714
659	937
659	719
659	880
659	827
659	984
659	717
660	691
660	830
660	891
660	974
660	788
660	661
661	974
661	691
662	672
662	942
662	837
663	785
663	795
664	842
664	686
664	906
664	955
664	812
664	884
664	761
664	730
664	758
664	735
664	759
664	875
665	725
665	809
665	701
665	858
665	994
666	757
666	907
666	936
666	813
666	724
666	926
666	920
666	981
667	862
667	675
667	699
667	946
667	846
667	676
668	709
668	757
668	936
668	876
669	933
669	883
669	972
670	825
670	827
670	960
670	778
670	940
670	803
671	779
671	941
671	865
671	854
671	979
671	710
671	961
672	902
672	756
672	837
673	841
673	846
673	675
673	828
673	946
673	814
674	700
674	749
674	866
675	832
675	841
675	835
675	748
675	839
675	919
675	807
676	841
676	823
676	679
676	892
676	738
676	964
677	848
677	805
677	906
677	871
677	914
677	955
677	753
677	875
677	987
677	715
677	735
677	927
677	975
678	885
678	998
678	707
678	954
678	705
679	862
679	823
679	973
679	777
679	874
680	949
680	782
680	798
680	799
680	720
681	895
681	938
681	967
681	695
681	930
681	913
681	977
681	722
682	741
682	990
682	878
682	969
682	804
682	900
682	921
682	743
683	933
683	873
683	698
684	773
684	714
684	827
684	880
684	790
684	984
684	725
684	737
684	960
685	861
685	924
685	950
685	745
685	880
686	812
686	976
686	752
686	987
686	842
686	871
686	718
686	715
687	838
687	755
687	742
687	688
687	934
687	948
687	808
687	726
688	726
688	932
688	896
688	838
688	948
688	706
689	953
689	985
689	928
690	842
690	906
690	987
690	759
690	999
690	976
690	805
690	927
691	918
691	772
691	788
691	833
691	897
692	959
692	876
693	962
693	834
693	819
693	995
693	720
694	711
694	893
694	980
694	792
694	899
694	767
695	895
695	815
695	769
695	801
695	696
696	938
696	703
696	954
696	705
696	801
696	986
696	913
696	800
696	909
697	899
697	792
697	767
697	980
697	784
697	789
697	729
697	893
697	931
697	775
698	840
698	928
698	985
698	883
698	963
698	953
698	867
699	964
699	908
699	748
699	774
699	738
699	863
699	835
700	771
700	749
700	866
701	786
701	778
701	825
701	790
701	803
701	719
702	711
702	729
702	721
702	775
702	767
702	893
703	886
703	965
703	781
703	998
703	815
704	982
704	898
704	807
704	774
704	823
704	828
705	954
705	967
705	912
705	930
705	712
706	939
706	742
706	838
706	755
706	744
706	824
707	815
707	712
707	943
708	997
708	794
708	846
708	835
708	841
709	750
709	959
709	754
709	813
710	741
710	743
710	923
710	921
710	763
710	797
710	961
711	775
711	767
711	899
711	811
711	789
711	721
712	886
712	998
712	760
712	971
712	826
712	869
712	895
713	722
713	954
713	895
714	825
714	717
714	858
714	993
714	737
714	773
715	917
715	752
715	759
715	761
715	848
715	999
716	792
716	811
716	729
717	747
717	786
717	868
717	773
717	994
718	914
718	730
718	884
718	733
718	753
718	875
718	945
718	956
719	773
719	859
719	858
719	978
719	994
719	868
719	960
719	968
720	766
720	829
720	925
720	834
720	966
721	729
721	957
721	792
721	811
721	931
721	980
722	764
722	869
722	855
722	943
722	909
723	852
723	769
723	869
723	912
723	857
723	965
724	746
724	926
724	959
725	859
725	737
725	940
725	786
725	822
725	825
726	881
726	744
726	911
726	818
726	934
726	836
727	834
727	782
727	962
727	796
728	867
728	963
728	840
729	957
729	792
729	811
729	893
729	789
729	790
730	975
730	884
730	983
730	999
730	987
730	956
730	848
730	842
730	976
730	906
730	761
731	732
731	887
731	797
731	878
731	990
731	804
731	741
731	901
732	979
732	887
732	990
732	947
732	923
732	843
732	894
733	842
733	761
733	987
733	752
733	906
733	805
734	887
734	979
734	741
734	882
734	944
734	843
734	969
734	990
734	776
734	894
735	752
735	955
735	805
735	917
735	758
735	884
735	761
736	940
736	978
736	803
736	937
736	773
736	809
736	994
736	860
736	778
737	809
737	868
737	994
737	984
738	872
738	889
738	774
738	973
738	898
739	935
739	981
739	991
740	962
740	847
740	796
740	905
740	834
741	990
742	970
742	838
742	881
742	939
742	744
742	948
742	852
743	776
743	817
743	751
743	804
743	797
743	779
743	854
743	947
744	755
744	808
744	836
744	939
744	932
744	934
744	896
744	824
745	950
745	844
745	916
746	831
746	787
746	870
746	915
747	978
747	859
748	874
748	982
748	862
748	919
748	892
748	807
749	866
749	771
749	863
750	870
750	910
750	831
751	887
751	921
751	843
751	944
751	865
751	779
751	990
752	945
752	848
752	975
752	917
752	759
752	987
752	875
752	999
752	955
753	805
753	983
753	906
753	761
753	975
753	884
754	762
754	831
754	910
754	920
754	979
755	948
755	824
755	932
755	970
755	818
755	911
755	939
756	902
757	959
757	926
758	927
758	805
758	906
758	999
758	759
758	975
758	955
758	875
759	871
759	956
759	812
759	906
759	761
759	884
759	976
760	967
760	977
760	986
760	971
760	930
760	769
761	955
761	906
761	917
761	975
761	871
761	875
761	884
762	926
762	787
762	951
763	843
763	845
763	900
763	941
763	944
763	990
763	882
763	854
764	977
764	879
765	816
765	785
765	795
766	925
766	799
766	798
766	989
766	770
767	792
768	830
768	788
768	897
768	974
769	895
769	954
769	971
770	949
770	905
770	829
770	791
770	782
771	866
771	945
772	891
772	788
773	968
773	993
773	937
773	803
773	825
773	960
773	888
774	973
774	862
774	841
774	908
775	850
775	980
775	784
776	865
776	961
776	843
776	878
776	817
777	839
777	982
777	898
778	827
778	940
778	978
778	859
779	793
779	947
780	892
780	946
780	832
781	986
781	860
781	913
781	890
782	819
782	925
783	841
783	863
783	982
783	814
783	964
783	889
784	893
784	811
784	931
784	957
784	850
784	980
784	792
785	810
785	888
786	825
786	978
786	827
786	880
786	859
787	870
787	907
788	833
788	856
788	830
788	918
789	931
789	850
789	830
789	872
790	968
791	829
791	995
791	949
791	798
791	819
792	850
792	957
792	811
793	865
793	969
793	901
793	797
794	835
794	823
794	863
794	832
795	816
795	810
796	989
796	966
796	847
796	962
796	834
796	925
797	804
797	992
797	979
797	958
797	944
798	905
799	925
799	995
799	962
799	966
799	829
799	905
799	819
800	965
800	852
801	802
801	853
801	943
802	954
802	885
803	880
803	868
803	937
803	825
803	809
804	878
804	845
804	969
804	843
804	941
804	854
804	882
804	958
805	999
805	955
805	945
805	983
805	927
805	848
805	871
805	917
806	838
806	836
806	911
806	896
806	932
806	939
806	895
807	828
807	892
807	832
807	872
808	824
808	934
808	838
809	968
809	868
809	858
809	960
810	888
811	980
811	957
812	955
812	975
812	871
812	842
813	915
813	926
813	907
814	841
814	919
814	973
814	889
814	997
815	895
815	877
815	852
815	965
817	990
817	992
818	948
818	970
819	989
819	905
819	925
819	847
819	966
820	933
820	985
821	942
821	902
821	846
822	859
822	994
822	978
822	993
822	868
823	874
823	839
823	832
824	970
824	948
824	896
824	932
826	852
826	943
827	984
827	968
827	993
828	919
828	839
828	997
828	835
829	995
829	966
829	905
829	989
830	974
831	936
831	864
832	889
832	872
833	856
833	918
834	995
835	849
835	946
836	838
837	922
838	932
838	896
838	911
838	881
839	846
839	964
839	872
840	985
840	867
840	953
841	872
841	862
841	908
842	871
842	987
842	906
843	900
843	845
843	894
843	941
843	990
844	916
844	950
845	887
845	958
845	878
845	961
845	894
845	947
846	872
846	849
846	892
846	982
846	898
847	962
847	949
848	875
848	956
848	906
848	955
848	999
848	884
849	997
849	889
849	908
850	899
850	931
851	996
851	929
851	981
851	935
852	877
852	998
852	869
852	895
852	954
853	909
853	930
854	903
854	941
855	943
855	877
855	930
856	891
857	943
857	977
857	912
857	986
858	968
859	994
859	993
859	984
860	967
860	943
860	909
860	965
860	986
860	938
860	886
861	916
861	950
862	874
862	982
863	919
863	964
863	997
864	951
865	878
865	990
867	933
867	953
868	960
868	984
868	978
868	993
868	968
869	938
869	909
870	910
871	875
871	976
871	917
871	906
871	956
871	983
872	874
872	908
873	953
874	946
874	973
875	955
875	884
875	906
875	956
876	959
876	936
876	920
876	951
877	971
877	885
877	930
877	943
878	901
878	921
879	971
879	998
879	890
879	965
880	960
880	993
881	948
881	934
882	923
882	969
882	894
882	947
882	941
884	945
884	917
884	987
885	998
887	901
887	992
887	903
889	973
889	919
890	998
891	918
891	897
892	997
892	946
893	980
893	931
894	941
894	903
894	947
894	901
894	990
894	923
894	900
894	979
895	965
895	977
896	934
897	974
897	918
898	982
898	964
899	957
899	931
899	980
900	961
900	901
900	941
901	903
902	942
903	961
903	947
903	921
904	991
905	989
906	945
906	917
906	955
906	983
906	976
906	914
907	920
909	912
910	926
910	915
910	959
911	934
912	930
913	977
914	945
914	956
915	926
915	936
916	924
917	999
917	976
917	983
917	945
917	975
919	964
920	926
921	990
921	992
921	944
923	990
924	950
925	949
925	966
926	959
927	987
927	945
929	996
929	935
929	988
930	998
932	970
933	972
934	970
934	939
935	981
937	978
937	948
938	965
938	967
939	948
939	970
944	992
946	973
946	964
947	990
949	995
951	998
953	963
955	956
955	987
956	976
956	983
956	999
956	975
956	987
958	992
958	969
961	990
964	997
966	989
967	977
968	994
968	978
976	987
976	999
976	983
977	986
977	998
982	997
991	996
