0	937
0	2
0	670
0	827
0	790
1	841
1	902
1	624
1	951
1	892
1	933
1	504
1	887
1	715
1	955
2	659
2	701
2	97
3	872
3	958
3	746
3	774
3	710
3	935
3	738
3	654
3	967
3	991
4	964
4	915
4	629
4	909
4	715
4	929
4	613
4	961
4	914
4	846
5	902
5	654
5	712
5	709
5	867
5	751
5	941
5	728
5	945
5	841
6	793
6	892
6	895
6	758
6	996
6	669
6	759
6	954
6	922
6	905
7	11
8	393
8	868
8	524
8	173
9	12
10	12
10	13
10	782
11	178
12	78
12	758
13	958
14	20
14	15
14	647
14	262
14	349
15	682
16	20
16	303
16	678
17	20
17	279
17	942
18	20
18	84
18	873
19	243
19	28
20	383
21	26
21	25
22	23
22	27
22	24
23	24
23	27
24	27
24	67
25	26
27	67
28	31
28	32
29	30
29	152
29	34
29	153
30	149
30	150
30	32
30	33
31	33
31	151
31	149
31	34
31	152
31	32
32	34
32	150
32	148
32	33
33	152
33	151
33	148
33	900
34	431
34	909
35	38
36	249
37	186
37	986
38	39
39	40
42	46
42	44
43	48
43	45
43	47
43	676
44	46
45	47
45	48
45	810
47	48
47	885
48	137
49	55
49	204
49	844
49	836
50	97
51	288
52	158
53	55
53	418
53	686
54	55
55	514
56	60
56	840
57	248
58	60
59	76
59	654
59	230
60	436
60	627
60	683
61	144
61	757
61	999
62	111
63	64
63	69
64	69
64	65
64	258
65	66
65	67
66	68
67	68
69	972
70	74
70	73
71	72
71	482
72	74
72	542
72	802
74	242
74	181
75	372
77	83
77	81
77	468
77	528
77	563
78	80
79	80
79	770
80	83
80	82
80	311
81	854
81	582
82	717
83	103
84	88
84	473
85	86
86	357
86	90
87	90
87	517
88	91
88	837
89	704
90	690
90	601
92	354
92	648
92	763
92	676
93	94
93	95
94	314
94	899
94	734
95	97
95	490
96	335
98	104
98	100
98	102
98	409
99	220
99	222
99	217
99	223
100	222
101	103
101	104
101	221
101	222
101	220
102	222
102	104
103	223
104	220
105	111
106	109
106	110
106	196
107	296
107	206
108	110
109	110
109	403
110	111
111	944
111	869
112	187
113	114
113	117
114	882
114	650
116	118
116	772
117	376
117	745
118	358
118	750
119	204
119	863
121	133
121	190
126	130
126	881
126	742
127	129
127	625
127	755
127	881
128	129
128	509
128	616
129	687
129	706
129	970
129	742
130	795
130	836
130	131
130	625
130	911
131	706
131	795
131	765
131	824
132	818
132	625
132	203
132	808
133	134
133	916
134	139
135	190
135	481
135	928
137	254
137	138
137	929
139	380
139	740
141	142
141	967
142	146
142	157
143	144
143	145
143	492
143	857
143	580
144	310
147	153
147	150
147	151
148	152
148	151
148	153
149	153
149	151
149	150
149	152
150	151
152	153
153	160
154	155
154	545
154	551
154	158
154	160
154	547
154	554
154	566
154	563
154	556
155	558
155	545
155	556
155	560
155	566
155	549
155	554
156	555
156	159
156	544
156	557
156	548
156	157
157	159
157	555
157	544
157	553
157	557
157	550
158	546
158	545
158	560
158	554
158	556
158	547
158	160
159	555
159	561
159	550
159	553
159	548
160	551
160	554
160	549
160	562
160	933
161	245
162	164
162	472
163	164
164	166
165	167
165	924
165	661
165	933
167	841
167	939
168	173
168	169
168	172
168	275
168	171
168	280
169	172
169	173
169	280
169	277
169	278
170	171
170	172
170	277
170	174
170	280
171	174
171	279
171	274
172	174
172	274
172	275
173	280
173	279
173	174
174	275
174	279
174	281
174	383
175	177
175	780
177	179
178	180
178	207
178	531
180	196
180	231
182	183
182	803
182	616
183	186
186	187
188	267
189	195
189	933
190	192
190	307
190	785
191	200
191	879
192	193
193	195
193	968
194	848
196	316
196	892
197	198
198	199
198	201
198	793
199	202
200	286
202	981
204	208
204	371
204	557
205	361
206	520
206	584
208	620
209	249
210	211
210	588
211	215
211	213
211	864
211	654
212	214
213	787
214	216
214	815
217	223
218	220
219	220
219	223
219	904
220	645
221	696
223	519
224	228
224	230
224	261
225	230
225	228
225	260
225	262
225	226
225	227
226	261
226	228
226	260
227	230
228	265
228	229
228	260
229	259
229	238
230	265
230	259
231	233
231	391
231	444
232	850
233	235
233	503
234	236
234	455
234	631
235	237
235	977
235	572
236	237
236	975
237	835
238	693
239	243
240	242
240	831
243	244
245	251
245	400
245	852
247	248
247	251
247	673
249	250
249	721
249	788
250	709
250	886
252	255
253	256
253	254
254	258
255	375
256	340
257	370
258	994
258	445
259	265
259	261
259	264
260	263
260	264
261	263
261	262
261	265
262	265
263	265
264	265
265	481
266	271
266	365
266	363
266	755
267	269
267	366
268	273
268	365
268	270
268	364
268	366
268	271
268	367
268	368
268	369
268	269
269	366
269	369
269	367
269	272
270	272
270	363
270	365
270	364
270	271
271	273
271	365
272	273
272	364
273	362
273	369
273	364
273	498
274	278
274	280
275	276
275	280
275	410
276	279
276	277
276	278
276	281
276	652
276	597
277	279
277	278
277	405
278	279
280	281
282	390
282	663
283	286
283	826
283	600
284	288
284	686
285	289
286	288
287	415
290	292
290	294
290	369
290	589
291	294
291	292
291	652
291	657
291	840
292	746
292	805
292	577
294	295
294	296
294	855
296	479
298	299
298	854
299	304
299	301
301	461
301	450
302	304
302	668
303	878
304	305
305	624
306	311
306	679
307	309
307	312
308	965
309	570
312	313
314	320
314	317
314	752
315	320
317	318
317	319
317	425
318	547
319	320
319	546
320	321
320	438
320	919
322	325
323	327
323	440
324	329
325	327
325	891
330	333
330	681
331	333
331	337
332	337
333	337
333	336
334	862
335	336
336	567
337	928
338	344
339	343
339	801
340	342
341	344
341	343
343	345
343	644
343	638
343	706
344	345
344	950
344	707
346	350
346	352
346	348
347	351
347	349
347	353
348	350
349	351
349	353
350	352
351	353
351	744
355	356
355	824
356	360
357	360
358	414
358	399
360	361
362	366
362	364
362	367
362	365
363	365
363	368
364	367
365	369
368	369
370	537
371	373
371	377
373	397
374	375
374	378
376	698
378	533
379	381
380	387
380	594
381	699
382	391
382	385
383	387
383	384
385	387
386	703
388	392
388	390
389	998
390	395
392	396
392	628
393	395
393	766
394	440
394	415
395	396
396	504
397	405
397	399
397	400
397	543
398	402
398	529
398	406
398	530
398	536
399	540
399	530
399	401
399	403
400	542
400	532
400	913
401	406
401	543
401	542
401	541
402	407
402	535
403	406
404	535
404	531
404	526
404	541
405	528
405	537
405	533
405	532
405	406
406	526
407	534
407	540
407	539
408	413
409	410
409	412
410	413
410	414
410	417
410	561
411	415
413	416
419	420
419	422
420	422
421	425
421	424
421	426
421	423
421	427
423	426
423	424
423	429
423	503
424	428
424	426
424	429
424	427
424	425
425	429
425	427
425	428
425	426
426	429
426	428
427	429
427	428
430	431
431	439
431	441
431	442
432	435
432	842
433	480
434	440
436	440
437	650
437	733
438	992
443	451
443	448
443	454
444	449
444	453
444	515
444	454
445	455
445	456
445	447
445	453
445	446
446	450
446	447
446	451
446	516
447	452
447	671
448	453
448	451
448	553
449	455
449	451
449	454
450	452
450	511
450	451
451	522
451	453
452	456
453	513
453	456
454	513
455	456
457	461
457	465
457	462
457	459
458	468
458	469
458	464
458	466
458	460
459	471
459	463
459	461
459	462
459	465
459	470
459	667
460	466
460	469
460	468
460	464
460	467
460	618
460	929
461	463
461	465
461	471
461	470
461	462
461	756
462	470
462	471
462	741
463	465
463	470
463	471
463	875
463	874
464	469
464	467
464	642
465	470
465	471
465	794
466	467
466	743
467	468
467	811
468	469
469	983
469	938
470	806
471	647
472	484
472	485
474	487
477	546
478	685
480	483
483	486
483	845
488	496
488	493
488	495
488	489
488	796
489	503
489	491
489	495
489	493
489	776
490	492
490	499
490	500
491	498
491	495
491	494
491	705
492	497
492	500
492	501
492	499
493	498
493	502
494	503
494	496
494	495
494	498
495	502
496	502
496	508
496	640
497	499
497	500
497	501
498	502
498	503
499	500
499	501
500	501
501	612
502	503
504	520
504	514
504	518
504	512
504	523
504	508
504	871
504	973
504	906
504	943
504	860
504	992
504	862
505	687
505	626
505	638
505	816
505	932
506	519
506	520
506	507
506	510
506	972
506	654
506	975
506	976
506	928
506	746
507	510
507	508
507	521
507	675
507	965
507	621
508	521
508	514
508	837
508	787
508	802
509	810
509	888
509	755
509	663
509	688
509	614
510	514
510	517
510	512
510	935
510	724
510	820
510	913
510	901
510	920
510	972
511	522
511	516
511	515
512	523
512	519
512	672
512	839
512	521
513	515
513	516
514	519
514	750
514	735
514	887
514	864
514	741
515	522
515	516
516	522
517	519
517	523
517	735
517	751
517	904
517	961
517	652
518	520
518	521
518	892
518	605
518	769
518	837
518	852
518	797
518	703
518	991
518	975
519	907
519	757
519	877
519	804
520	523
520	892
520	730
520	871
520	999
520	815
520	922
521	523
521	885
521	645
521	801
521	996
523	920
523	963
523	689
523	647
523	800
523	919
524	543
524	542
524	527
525	531
525	537
525	714
525	526
526	542
526	534
526	541
526	529
527	529
527	539
527	536
528	539
529	533
529	539
529	542
529	543
530	543
530	532
530	874
531	541
531	536
531	532
532	536
532	541
532	930
533	539
533	543
533	534
534	539
535	541
535	537
535	543
535	536
536	542
536	537
537	543
537	541
537	538
538	539
538	542
539	540
539	541
540	541
540	542
544	557
544	548
545	556
545	554
545	558
545	565
545	694
545	549
546	565
546	547
546	552
546	564
546	566
547	559
547	560
547	566
547	565
547	558
548	550
548	555
548	561
548	553
548	557
549	565
549	556
549	563
549	919
550	553
551	552
551	565
551	562
551	564
551	556
551	560
551	559
551	566
552	564
552	554
552	559
552	563
552	562
552	558
553	561
553	557
554	566
554	559
554	562
554	560
555	561
556	564
556	563
556	565
557	561
558	562
558	563
558	559
559	566
559	565
560	563
560	970
562	566
562	565
562	779
563	565
563	679
564	566
565	879
567	570
567	580
567	588
567	571
567	592
568	601
568	583
568	586
568	574
569	573
569	580
569	577
569	578
570	575
570	589
570	599
571	575
572	584
572	585
572	576
572	593
572	600
572	580
573	579
573	602
573	595
573	580
574	582
574	600
574	593
575	597
575	603
575	585
576	584
576	590
576	583
576	587
576	598
577	584
577	601
577	593
578	586
578	587
578	601
578	598
579	588
579	592
579	602
579	580
579	585
580	597
581	596
582	588
582	597
582	594
583	595
583	598
583	599
584	603
584	592
584	587
585	602
586	587
586	593
586	597
587	601
587	592
588	589
589	594
590	593
591	596
592	601
593	594
593	595
593	603
594	601
595	601
598	601
598	599
599	600
604	919
604	912
604	756
604	909
604	735
604	647
604	709
605	777
605	722
605	709
605	724
605	704
605	875
605	735
606	892
606	828
606	781
606	983
606	917
606	914
606	724
606	633
606	938
607	973
607	622
607	698
607	713
607	883
607	732
607	997
607	981
607	692
607	835
608	998
608	730
608	707
608	956
608	636
608	812
608	855
608	826
608	849
608	900
608	999
609	733
609	821
609	901
609	751
609	646
609	759
609	938
609	641
609	683
609	764
609	676
609	877
610	885
610	812
610	917
610	920
610	837
610	955
610	855
610	890
610	763
610	870
610	975
610	935
610	845
611	674
611	924
611	729
611	850
611	716
612	907
612	910
612	723
612	732
612	620
612	639
612	954
612	870
612	840
612	908
613	699
613	707
613	752
613	867
613	941
613	664
613	821
613	921
613	883
613	718
613	991
613	913
613	650
613	762
613	981
614	765
614	625
614	688
614	755
614	706
614	638
614	838
614	808
614	742
615	856
615	745
615	789
615	721
615	897
615	749
616	816
616	626
616	765
616	824
616	881
617	999
617	835
617	975
617	983
617	942
617	898
617	946
617	804
617	672
617	649
617	774
617	875
617	622
617	914
617	971
618	997
618	683
618	898
618	920
618	679
618	797
618	783
618	629
618	839
618	831
618	812
618	882
618	746
618	800
618	817
618	634
619	985
619	904
619	757
619	902
619	666
619	813
619	629
619	649
619	953
619	662
619	871
620	860
620	875
620	997
620	840
620	927
620	699
620	746
620	889
620	715
620	621
620	738
620	780
620	973
620	709
620	690
620	878
620	926
620	762
620	943
620	812
621	757
621	990
621	967
621	696
621	777
621	682
621	946
621	910
621	664
621	668
621	835
621	656
621	882
622	839
622	653
622	637
622	882
622	805
622	976
622	634
622	964
622	667
622	722
622	942
622	763
622	996
622	669
622	703
623	717
623	822
624	912
624	952
624	915
624	854
624	780
624	653
624	752
625	896
625	808
625	632
625	706
625	816
625	742
625	765
625	726
625	818
625	970
625	688
625	687
626	785
626	838
626	818
626	810
626	939
626	824
626	934
627	680
627	796
627	798
628	798
628	734
629	813
629	972
629	851
629	973
629	902
629	869
629	935
629	642
629	794
629	846
629	867
629	835
629	903
629	683
629	860
629	871
630	789
630	768
630	702
630	866
631	936
631	739
631	915
631	922
631	708
631	870
631	636
631	952
631	920
631	954
631	761
631	884
631	644
631	686
631	746
631	639
632	785
632	706
632	948
632	810
632	881
632	688
633	944
633	724
633	921
633	741
633	998
633	961
633	879
633	956
633	739
633	901
633	929
633	653
633	760
633	906
634	997
634	865
634	985
634	842
634	958
634	802
634	906
634	678
634	675
634	946
634	636
634	952
635	966
635	770
635	796
635	834
635	693
635	905
636	865
636	955
636	841
636	703
636	682
636	885
636	886
636	761
636	894
636	804
637	941
637	723
637	894
637	946
637	965
637	938
637	649
637	703
637	797
637	901
637	953
637	969
637	951
637	860
637	915
637	671
637	936
637	756
637	641
637	854
637	732
637	890
638	948
638	932
638	836
638	655
639	892
639	686
639	828
639	832
639	826
639	915
639	708
639	722
639	945
639	964
639	860
639	852
639	839
639	864
639	746
639	963
639	823
639	938
639	751
639	955
640	777
640	672
640	678
640	649
640	759
640	846
640	710
640	656
640	860
640	802
641	964
641	887
641	914
641	682
641	854
641	947
641	987
641	882
641	982
641	846
641	654
641	814
641	804
641	869
642	845
642	669
642	831
642	900
642	958
642	837
642	672
642	750
642	936
642	666
642	917
642	935
642	841
642	963
643	971
643	929
643	760
643	671
643	722
643	704
643	875
643	664
643	874
643	890
643	967
643	996
643	698
643	787
643	923
644	945
644	927
644	797
644	870
644	961
644	999
644	900
644	921
644	842
644	947
645	678
645	759
645	753
645	848
645	647
645	668
645	972
645	954
645	841
645	730
645	787
645	699
645	864
645	988
645	797
646	870
646	913
646	751
646	752
646	748
646	862
646	669
646	954
646	743
646	977
647	998
647	862
647	870
647	724
647	997
647	774
647	879
647	832
647	654
647	820
647	961
647	871
647	769
647	750
647	813
647	712
648	811
649	779
649	883
649	999
649	842
649	967
649	754
649	898
649	652
649	955
649	722
649	982
649	781
649	863
649	678
649	849
649	739
649	650
649	724
649	976
650	669
650	915
650	703
650	908
650	668
650	927
650	975
650	731
650	871
650	653
650	873
650	902
650	904
650	756
650	982
650	997
650	921
651	729
651	691
651	661
651	974
651	856
651	767
651	775
651	893
652	958
652	900
652	912
652	969
652	657
652	930
652	781
652	987
652	922
652	845
652	769
652	760
652	907
653	889
653	882
653	871
653	724
653	760
653	734
653	927
653	986
653	846
653	704
653	884
653	718
653	879
653	959
653	777
654	854
654	814
654	823
654	777
654	990
654	801
654	764
654	707
654	920
654	831
654	704
655	785
655	742
655	795
655	816
656	973
656	805
656	675
656	889
656	734
656	972
656	998
656	951
656	780
656	774
656	919
656	820
657	757
657	967
657	857
657	991
657	723
657	884
657	730
657	710
657	947
657	839
657	919
657	965
657	798
657	814
658	957
658	674
658	899
658	980
658	772
658	866
658	833
658	918
659	994
659	714
659	937
659	719
659	880
660	694
660	771
661	716
661	792
661	908
662	922
662	664
662	853
662	779
662	867
662	909
662	724
662	946
662	757
663	706
663	785
663	806
664	704
664	842
664	969
664	865
664	774
664	686
664	787
664	843
664	928
664	696
664	760
664	909
664	906
664	955
664	723
665	725
665	809
665	701
665	858
666	885
666	757
666	667
666	751
666	695
666	907
666	793
666	712
666	732
666	797
666	777
666	779
666	851
666	761
666	821
667	690
667	672
667	862
667	675
667	876
667	928
667	821
667	972
667	985
667	761
667	869
667	699
668	935
668	882
668	973
668	857
668	982
668	769
668	941
668	955
668	892
668	988
668	763
669	991
669	902
669	933
669	800
669	718
669	851
669	774
669	965
669	807
669	681
669	927
669	843
669	758
669	871
670	825
670	827
670	960
670	778
670	940
670	803
671	753
671	805
671	906
671	774
671	724
671	915
671	779
671	733
671	683
671	754
671	814
671	941
671	689
671	945
672	842
672	776
672	982
672	933
672	997
672	996
672	895
672	878
672	812
672	855
672	919
672	902
672	889
672	935
672	884
672	764
672	762
672	901
672	949
673	942
673	678
673	981
673	938
673	841
673	715
673	853
673	971
673	769
673	846
674	811
674	788
674	729
674	931
674	684
675	832
675	958
675	841
675	677
675	867
675	779
675	929
675	733
675	831
675	914
675	885
675	907
675	917
675	678
675	835
675	804
675	748
676	842
676	677
676	841
676	743
676	975
676	848
676	920
676	823
676	952
677	961
677	801
677	848
677	800
677	728
677	805
677	906
677	863
677	889
677	998
677	926
677	871
677	914
677	997
677	938
677	722
677	763
678	885
678	944
678	998
678	746
678	835
678	797
678	707
679	890
679	682
679	878
679	763
679	981
679	715
679	690
679	912
679	724
679	943
679	855
679	991
680	949
680	782
680	798
680	799
681	951
681	895
681	938
681	963
681	967
681	870
681	922
681	754
681	969
681	873
681	695
681	930
682	741
682	761
682	990
682	841
682	762
682	698
682	895
682	886
682	878
682	969
683	724
683	839
683	695
683	956
683	961
683	750
683	876
683	843
683	710
684	773
684	714
684	827
684	880
684	790
684	984
684	725
684	737
685	899
685	830
685	729
685	697
685	856
685	694
686	864
686	807
686	887
686	860
686	812
686	867
686	952
686	976
686	872
686	943
686	913
687	838
687	755
687	785
687	742
687	688
688	726
688	932
688	785
688	896
688	765
688	838
688	948
689	976
689	845
689	805
689	739
689	926
689	923
689	982
689	853
689	823
689	987
689	991
690	907
690	776
690	941
690	845
690	797
690	842
690	794
690	991
690	723
690	906
690	943
690	951
690	987
691	918
691	772
691	957
691	745
692	851
692	698
692	826
692	712
692	885
692	828
692	947
692	903
692	887
692	873
692	801
692	815
693	962
693	834
693	819
694	772
694	711
694	893
695	904
695	805
695	895
695	848
696	929
696	938
696	941
696	703
696	954
696	777
696	705
696	900
696	875
696	728
696	928
696	801
696	843
697	899
697	792
697	830
697	767
697	980
697	784
697	789
698	997
698	907
698	961
698	987
698	845
698	840
698	904
698	699
698	748
698	928
698	712
698	801
698	734
699	971
699	930
699	947
699	944
699	831
699	958
699	909
699	884
699	964
699	813
699	908
699	845
700	833
700	702
700	784
700	893
701	786
701	778
701	825
701	790
701	803
701	867
702	768
702	711
702	950
702	729
703	917
703	878
703	804
703	981
703	892
703	900
703	886
703	965
703	933
703	781
703	753
704	982
704	779
704	854
704	986
704	898
704	815
704	754
705	954
705	724
705	828
705	967
705	840
705	762
705	804
705	912
705	930
706	939
706	742
707	906
707	743
707	739
707	935
707	867
707	992
707	757
707	892
707	878
707	952
707	910
707	815
707	776
708	997
708	804
708	746
708	986
708	730
708	873
708	739
708	883
708	987
708	712
709	889
709	877
709	750
709	975
709	769
709	814
710	820
710	764
710	805
710	783
710	927
710	874
710	748
710	750
711	768
711	775
711	833
712	947
712	724
712	886
712	797
712	956
712	998
712	964
712	739
712	760
712	971
712	898
712	826
713	902
713	841
713	761
713	718
713	722
713	872
713	863
713	762
714	825
714	717
714	858
714	993
714	737
715	981
715	997
715	777
715	969
715	800
715	804
715	874
715	972
715	988
715	860
715	910
715	873
715	886
716	771
716	897
716	856
717	747
717	786
717	868
717	773
718	872
718	938
718	930
718	864
718	910
718	731
718	832
718	876
718	889
718	935
719	773
719	859
719	858
719	978
719	994
719	868
719	960
720	766
720	829
720	925
720	834
721	749
721	729
721	957
722	764
722	869
722	878
722	835
722	854
722	758
722	959
722	855
722	943
722	876
722	793
722	748
722	873
722	928
723	875
723	972
723	922
723	852
723	929
723	952
723	842
723	862
723	882
723	837
723	748
723	769
724	922
724	886
724	977
724	814
724	781
724	863
724	933
724	748
725	859
725	737
725	940
725	786
725	822
725	825
726	881
726	744
726	911
726	818
726	934
727	834
727	782
728	733
728	961
728	804
728	867
728	758
728	870
728	735
728	848
728	958
728	895
728	884
729	833
729	749
729	768
729	745
729	924
730	751
730	894
730	941
730	820
730	975
730	884
730	887
730	915
730	865
730	832
730	929
731	754
731	732
731	887
731	906
731	797
731	801
731	878
731	787
731	910
731	883
731	849
731	902
731	908
731	933
732	853
732	849
732	909
732	917
732	835
732	973
732	753
732	979
732	887
733	889
733	920
733	933
733	842
733	831
733	860
733	843
733	852
733	878
733	781
733	761
733	890
733	964
734	839
734	964
734	851
734	914
734	887
734	912
734	926
734	998
734	979
734	741
734	971
735	774
735	845
735	870
735	781
735	750
735	857
736	940
736	978
736	803
736	937
736	773
736	809
737	809
737	868
738	935
738	750
738	872
738	923
738	979
738	889
738	867
738	983
738	759
738	774
738	928
739	820
739	914
739	903
739	837
739	852
739	992
739	752
739	807
739	873
739	889
740	962
740	847
740	796
740	905
740	834
741	951
741	990
741	837
741	877
741	929
742	785
742	970
742	838
742	881
742	795
742	939
743	815
743	895
743	753
743	849
743	876
743	952
743	821
743	832
744	755
744	808
744	836
744	939
744	932
744	934
744	888
745	974
745	792
746	884
746	855
746	831
746	963
746	914
746	982
746	898
746	780
746	781
746	871
746	774
746	787
748	805
748	954
748	871
748	986
748	947
748	873
748	992
748	757
748	797
748	776
748	959
749	893
749	931
749	957
750	975
750	979
750	877
750	870
750	828
751	840
751	760
751	936
751	887
751	915
751	955
751	921
751	843
751	907
751	928
751	872
752	890
752	823
752	876
752	945
752	973
752	985
753	769
753	800
753	947
753	805
753	754
753	941
753	839
753	983
753	832
753	894
753	910
753	883
754	908
754	930
754	982
754	872
754	777
754	774
754	944
754	828
755	948
755	816
755	785
755	824
756	964
756	835
756	840
756	928
756	895
756	907
756	998
756	812
757	885
757	882
757	780
757	846
757	800
757	875
757	793
757	991
758	982
758	927
758	862
758	797
758	944
758	885
758	805
759	982
759	871
759	820
759	958
759	959
759	769
759	981
759	915
759	956
760	967
760	976
760	835
760	977
760	901
760	986
760	920
760	971
760	930
761	831
761	874
761	807
761	955
761	923
761	930
761	906
761	826
761	814
761	912
761	915
761	839
762	846
762	779
762	992
762	840
762	845
762	794
762	926
762	977
763	910
763	876
763	843
763	871
763	821
763	867
763	845
763	900
763	941
764	797
764	894
764	779
764	874
764	963
764	845
764	977
764	879
765	824
765	816
765	836
765	785
765	838
765	795
766	925
766	799
766	798
767	833
767	974
768	893
768	950
768	784
768	861
769	871
769	895
769	884
769	990
769	804
769	929
769	812
769	837
769	863
770	949
770	905
770	829
771	811
771	830
771	950
772	891
772	850
773	968
773	993
773	937
773	803
774	869
774	956
774	987
774	973
774	935
774	885
774	967
774	862
774	805
774	983
775	844
775	950
776	971
776	890
776	975
777	971
777	848
777	988
777	840
777	961
777	976
777	972
777	831
777	969
777	860
778	827
778	940
778	978
779	981
779	793
779	814
779	967
779	963
779	947
779	996
779	927
780	840
780	801
780	848
780	910
780	904
780	781
780	842
780	961
780	892
780	853
780	936
780	946
781	963
781	839
781	986
781	915
781	955
781	953
781	983
781	952
782	819
782	925
783	999
783	914
783	869
783	841
783	894
783	813
783	959
783	947
783	884
783	929
783	863
784	893
784	844
785	810
785	888
785	836
785	881
786	825
786	978
786	827
787	878
787	952
787	945
787	870
787	979
787	877
787	839
787	971
788	931
788	833
788	916
788	792
788	924
788	789
789	918
789	931
791	829
791	995
792	830
792	861
792	897
792	850
793	952
793	837
793	794
793	812
793	865
793	840
793	935
793	930
793	902
794	935
794	835
794	820
794	821
794	917
794	865
794	823
794	801
794	969
794	928
794	884
795	896
796	989
796	966
796	847
796	962
796	834
796	925
797	804
797	996
797	867
797	992
797	820
797	909
798	905
799	925
799	995
799	962
799	966
799	829
799	905
800	987
800	983
800	903
800	920
800	914
800	871
800	963
800	884
800	832
800	839
801	887
801	904
801	945
801	802
801	853
801	892
801	878
801	898
801	973
801	927
801	943
801	814
802	863
802	929
802	954
802	923
802	867
802	956
802	908
802	976
802	927
802	842
803	880
803	868
803	937
804	915
804	976
804	878
804	845
804	981
804	997
804	969
804	954
804	956
805	999
805	991
805	955
805	945
805	983
806	888
806	838
806	836
806	810
806	911
807	971
807	985
807	828
807	892
807	815
807	883
808	824
808	888
808	816
808	934
809	968
809	868
809	858
810	838
810	888
810	824
810	818
811	833
812	874
812	944
812	898
812	930
812	823
812	955
812	975
812	910
812	895
812	841
812	992
813	938
813	903
813	849
813	890
813	871
813	979
813	915
813	997
813	855
813	941
813	969
813	835
814	876
814	998
814	885
814	959
814	935
815	915
815	996
815	895
815	828
815	933
815	877
815	852
816	939
816	934
816	932
817	855
817	990
817	926
817	846
817	982
817	985
818	948
819	989
819	905
819	925
819	847
819	966
820	938
820	852
820	879
820	854
820	857
820	895
820	871
821	953
821	955
821	936
821	967
821	823
821	913
821	873
821	848
821	998
822	859
822	994
822	978
822	993
822	868
823	874
823	870
823	988
823	979
823	839
823	947
823	900
823	926
823	959
824	970
824	948
826	958
826	852
826	908
826	961
826	902
826	929
826	904
826	884
827	984
827	968
828	935
828	882
828	963
828	944
828	919
828	883
828	885
828	886
828	839
828	894
829	995
829	966
829	905
831	906
831	975
831	869
831	992
831	921
831	877
831	945
831	971
831	839
832	842
832	854
832	889
832	876
832	872
832	976
832	860
832	956
833	924
833	856
835	963
835	840
835	907
835	942
835	981
835	845
837	842
837	876
837	862
837	865
837	933
837	855
838	932
838	896
838	888
839	975
839	846
839	917
839	902
839	913
839	951
840	884
840	992
840	889
840	901
840	985
840	887
840	915
840	997
840	999
840	846
841	877
841	872
841	981
841	947
841	910
842	898
842	851
843	910
843	953
843	942
843	885
843	998
843	849
843	912
845	873
845	920
846	943
846	872
846	969
846	901
846	849
846	941
846	900
846	907
846	913
846	853
847	962
847	949
848	926
848	933
848	919
848	875
848	929
848	867
848	956
848	979
849	915
849	997
849	852
849	976
849	889
850	899
850	931
851	865
851	977
851	951
851	853
851	990
852	877
852	998
852	981
852	898
852	973
852	910
852	869
853	909
853	935
853	972
853	865
854	930
854	996
854	920
854	903
854	864
854	967
855	959
855	953
855	945
855	943
855	877
855	956
855	985
855	982
855	944
856	866
857	863
857	992
857	943
857	982
857	945
857	977
857	941
859	994
859	993
860	967
860	943
860	945
860	929
860	909
860	927
860	979
860	947
860	965
861	899
861	980
861	916
862	952
862	959
862	928
863	986
863	870
863	927
863	919
863	902
864	898
864	872
864	998
864	975
864	976
865	967
865	890
865	927
865	952
865	874
865	972
866	980
867	961
867	915
867	886
867	977
867	997
867	946
867	998
867	885
868	960
868	984
868	958
869	874
869	992
869	917
869	938
869	909
869	941
870	882
870	972
870	909
870	954
870	973
870	904
870	883
870	990
871	908
871	990
871	875
871	977
871	946
871	958
871	909
872	882
872	890
872	874
872	941
872	894
872	908
873	991
873	986
873	903
873	889
874	901
874	917
874	946
874	977
874	945
874	973
874	920
875	955
875	877
876	959
876	975
876	904
876	879
876	986
876	925
876	921
876	938
877	973
877	959
877	981
877	906
877	971
877	941
877	904
877	903
878	901
878	879
878	921
878	926
878	998
879	971
879	998
879	941
879	946
879	889
879	922
879	892
879	996
880	960
881	948
882	986
882	913
882	963
882	923
882	890
882	927
882	998
883	920
883	946
883	914
883	955
884	941
884	885
884	945
884	982
885	969
885	998
885	889
886	987
886	992
886	946
886	955
886	964
886	988
887	956
887	977
887	938
887	983
887	991
889	973
890	958
890	908
890	942
890	921
892	996
892	997
892	923
892	907
892	946
893	980
893	924
894	975
894	987
894	983
894	906
894	941
894	903
894	947
894	901
894	976
894	967
894	910
895	965
895	917
895	977
895	910
896	934
898	975
898	982
898	971
898	917
898	945
900	912
901	945
902	952
902	973
902	996
902	908
902	979
902	938
902	987
903	961
903	965
903	955
903	947
903	996
903	983
904	963
904	933
904	941
904	926
904	985
904	945
904	982
904	967
906	945
906	971
906	910
906	952
906	917
907	938
907	921
907	944
908	941
908	954
908	915
908	987
908	967
908	920
908	969
909	961
909	955
909	956
909	915
910	979
910	917
910	926
911	934
912	961
912	953
912	933
912	958
912	927
912	936
913	952
913	969
914	945
914	951
914	959
915	947
915	965
915	973
915	952
916	974
917	999
917	967
917	997
917	935
917	965
917	922
918	957
919	958
919	964
919	992
919	963
920	973
920	946
921	943
921	938
921	990
922	987
922	956
922	964
922	979
922	990
923	990
923	936
925	949
925	966
926	935
927	991
927	944
928	951
929	973
930	979
930	976
930	956
930	947
930	990
933	943
934	970
935	936
936	979
936	991
936	992
937	978
938	947
938	965
938	959
941	953
941	946
941	972
942	971
942	975
943	999
943	975
943	973
943	956
943	997
944	988
944	997
944	973
944	992
945	959
945	963
946	967
946	971
946	958
946	951
946	973
947	997
947	988
947	983
949	995
949	955
951	987
951	976
952	956
952	972
953	956
953	983
953	963
955	979
956	991
956	976
958	976
958	963
961	963
961	990
963	971
964	977
965	976
966	989
967	988
968	994
972	990
974	980
975	996
975	981
976	977
976	987
976	986
977	986
981	982
981	988
982	985
983	998
985	991
996	997
