0	[524, 534, 543, 552, 553, 568, 570, 578, 587, 618, 626, 641, 649, 650, 653, 655, 660, 667, 677, 686, 688, 702, 724, 733, 739, 753, 757, 784, 786, 799, 838, 847, 867, 870, 875, 887, 911, 921, 925, 929, 933, 945, 947, 953, 965, 966, 968, 969, 984, 986, 997]
1	[7, 8, 9, 10, 11, 12, 13]
2	[14, 15, 17, 18, 19, 21, 22, 24, 26, 27]
4	[28, 29, 30, 31, 32, 33, 34]
5	[35, 36, 37, 38, 39, 40, 41]
6	[42, 43, 44, 45, 46, 47, 48]
8	[56, 57, 58, 59, 60, 61, 62]
9	[63, 64, 65, 66, 67, 68, 69]
11	[77, 78, 79, 80, 81, 82, 83]
12	[84, 85, 86, 87, 88, 89, 90]
13	[91, 92, 93, 94, 95, 96, 97]
14	[98, 99, 100, 101, 102, 103, 104, 224, 225, 226, 227, 228, 229, 230, 308, 309, 310, 311, 312, 313, 314, 315]
15	[105, 106, 107, 108, 109, 110, 111]
16	[112, 113, 115, 116]
17	[119, 120, 121, 122, 123, 124, 125]
18	[126, 127, 128, 129, 130, 131, 132]
19	[133, 134, 135, 136, 137, 138, 139]
20	[140, 141, 142, 143, 144, 145, 146]
21	[147, 148, 149, 150, 151, 152, 153]
22	[154, 155, 156, 157, 158, 159, 160]
23	[161, 162, 163, 164, 165, 166, 167]
24	[168, 169, 170, 171, 172, 173, 174, 182, 183, 184, 185, 186, 187, 188]
25	[175, 176, 177, 178, 179, 180, 181]
27	[189, 190, 191, 192, 193, 194, 195]
28	[196, 197, 198, 202]
30	[210, 211, 212, 213, 214, 215, 216]
31	[217, 218, 219, 220, 221, 222, 223]
33	[231, 232, 233, 234, 235, 236, 237]
34	[238, 239, 240, 241, 242, 243, 244]
35	[245, 246, 247, 248, 249, 250, 251]
36	[252, 253, 254, 255, 256, 257, 258]
37	[259, 260, 261, 262, 263, 264, 265]
38	[266, 267, 268, 269, 270, 271, 272, 70, 71, 72, 73, 74, 75, 76]
39	[273, 274, 275, 276, 277, 278, 279]
40	[280, 281, 282, 283, 284, 285, 286]
41	[287, 288, 289, 290, 291, 292, 293, 203, 204, 205, 206, 207, 208, 209]
42	[294, 295, 296, 297, 298, 299, 300]
45	[316, 317, 318, 319, 320, 321, 322, 323]
46	[324, 325, 326, 327, 328, 329, 330, 331]
47	[332, 333, 334, 335, 336, 337, 338, 339]
48	[340, 341, 342, 343, 344, 345, 346, 347]
49	[348, 349, 350, 351, 352, 353, 354, 355]
50	[356, 357, 358, 359, 360, 361, 362, 363]
51	[364, 365, 366, 367, 368, 369, 370, 371]
52	[372, 373, 374, 375, 376, 377, 378, 379]
53	[380, 381, 382, 383, 384, 385, 386, 387]
54	[388, 389, 390, 391, 392, 393, 394, 395, 396]
55	[397, 398, 399, 400, 401, 402, 403, 404, 405]
56	[406, 407, 408, 409, 410, 411, 412, 413, 414]
57	[417, 421, 422, 423]
58	[424, 425, 426, 427, 428, 429, 430, 431, 432]
59	[433, 434, 435, 436, 437, 438, 439, 440, 441, 442, 49, 50, 51, 52, 53, 54, 55]
60	[443, 444, 445, 446, 447, 448, 449, 450, 451, 452]
61	[453, 454, 455, 456, 457, 458, 459, 460, 461, 462, 463]
62	[464, 467, 468, 469, 471, 472, 473]
63	[475, 476, 477, 478, 479, 480, 481, 482, 483, 484, 485]
64	[486, 487, 488, 489, 490, 491, 492, 493, 494, 495, 496, 497, 498]
65	[499, 502, 504, 505, 506, 507, 509, 510, 511, 513, 514, 515, 516, 517, 518, 520]
66	[199, 201, 200, 301, 302, 303, 304, 305, 306, 307, 16, 25, 23, 20]
67	[864, 624, 903, 689, 935, 612, 551, 794, 712, 793]
68	[958, 931, 962, 525, 719, 658, 804, 720, 589, 790, 938, 731, 631, 765, 884, 577, 819, 651, 593, 775, 826, 727, 713, 730, 751, 902, 583, 868, 762, 531, 747, 574, 561, 521, 857, 788, 537, 874, 634, 851, 656, 876, 974, 948, 636, 878, 910, 562, 695, 576, 637, 706, 759, 639, 619, 858, 900, 983, 594, 837, 879, 4, 927, 668, 977, 722, 743, 605, 796, 817, 856, 539, 883, 735, 981, 647, 863, 558, 609, 832, 664, 829, 766, 854, 663, 792, 822, 661, 550, 839, 590, 545, 575, 603, 622, 893, 954, 976, 591, 880, 750, 894, 860, 873, 683, 703, 770, 917, 754, 987, 659, 853, 535, 755, 529, 777, 877, 602, 633, 611, 3, 0, 728, 625, 723, 923, 774, 761, 642, 600, 627, 597, 527, 681, 776, 709, 714, 701, 999, 930, 752, 5, 670, 821, 773, 916, 993, 797, 745, 595, 791, 862, 629, 6, 715, 808, 772, 582, 693, 620, 892, 669, 865, 526, 956, 934, 555, 741, 737, 763, 844, 691, 979, 973, 685, 742, 736, 922, 684, 768, 569, 886, 895, 725, 803, 882, 640, 671, 989, 716, 866, 904, 807, 705, 672, 704, 942, 824, 849, 805, 615, 758, 662, 946, 767, 959]
69	[778, 841, 944, 980, 836, 682, 559, 975, 721, 536, 926, 998, 909, 648, 859, 680, 978, 628, 816, 771, 676, 665, 645, 885, 985, 905, 781, 809, 769, 890, 950, 571, 532, 960, 585, 604, 564, 957, 827, 740, 528, 913, 963, 698]
70	[416, 420, 419, 418, 415]
71	[813, 613, 789, 815, 573, 699, 991, 533, 811, 635, 941, 852, 607, 596, 729, 825, 579, 952, 638, 820, 861, 547, 783, 599, 835, 567, 936, 679, 810, 646, 845, 800, 840, 833, 802, 951, 907, 961, 586, 932, 566, 834, 940, 764, 848, 580, 692, 616, 843, 823, 779, 899, 572, 855, 787, 872, 898, 780, 915, 584, 540, 673, 918, 850, 919]
72	[465, 466, 470, 474]
73	[118, 117, 114]
74	[503, 500, 501, 512, 508, 519]
75	[881, 560, 830, 544, 707, 955, 756, 549, 746, 818, 814, 522, 630, 967, 888, 623, 687, 563, 675, 842, 556, 901, 869, 621, 871, 992, 943, 614, 632, 912, 749, 598, 592, 710, 644, 744, 920, 995, 994, 674, 748, 970, 538, 939, 760, 546, 718, 565, 697, 785, 949, 889, 971, 588, 654, 643, 906, 542, 581, 708, 988, 914, 601, 896, 557, 717, 690, 678, 726, 798, 523, 924, 891, 554, 990, 617, 964, 831, 657, 711, 548, 606, 694, 972, 608, 700, 828, 801, 696, 806, 937, 666, 541, 897, 734, 652, 732, 812, 738, 795, 908, 996, 982, 846, 1, 610, 782, 928, 530, 2]
