2	[199, 308, 311, 313, 239, 241, 244, 245, 246, 247, 248, 249, 250, 251, 417, 418, 419, 420, 421, 422, 423, 424, 77, 78, 79, 80, 81, 82, 83, 337, 338, 339, 340, 341, 342, 343, 344]
5	[35, 36, 37, 38, 39, 40, 41, 84, 85, 86, 87, 88, 89, 90, 470, 472, 475, 477, 484, 485]
16	[112, 113, 114, 115, 116, 117, 118, 409, 410, 412, 414, 416, 120, 121, 122, 123, 124, 125, 725, 592, 178, 542, 553, 401, 631, 545, 658, 529, 776, 402, 744, 536, 406, 405, 702, 181, 782, 762, 179, 765, 614, 731, 804, 675, 403, 726, 802, 693, 733, 737, 625, 824, 867, 812, 994, 935, 818, 920, 938, 928, 981, 829, 945, 2, 831, 870, 900, 939, 836, 145, 993, 848, 860, 890, 1, 903, 898, 842, 999, 966, 881, 146, 832, 864, 879, 826, 990, 822, 964, 853, 875, 937, 977, 933, 894, 917, 854, 840, 877, 855, 992, 970, 986, 932, 922, 908, 969, 975, 141, 820, 815]
18	[126, 127, 128, 129, 130, 131, 132]
27	[189, 190, 193, 194, 493]
29	[203, 204, 205, 206, 207, 208, 209, 138, 139, 73, 74, 76, 795, 709, 620, 692, 796, 175, 362, 366, 325, 9, 10, 12, 13, 217, 218, 219, 222, 223]
30	[214, 851, 827, 849, 850, 897, 924, 833, 930, 876, 996, 868, 823, 991, 861, 934, 6, 953, 883, 980, 884, 960, 995, 889, 987, 828, 819, 525, 703, 591, 794, 558, 656, 243, 314, 201, 238, 309, 20, 310, 198, 240]
32	[224, 227, 229, 230, 662, 648, 750, 722, 590, 684, 547, 478, 787, 546, 701, 578, 654, 579, 626, 636, 671, 408, 550, 176, 686]
33	[232, 234, 236, 8]
39	[274, 275, 277, 278, 42, 866, 963, 44, 954, 907, 902, 154, 155, 156, 157, 158, 159, 160, 673, 753, 661, 667, 605, 650, 670, 530, 523, 806, 576, 808, 715, 757]
42	[294, 295, 296, 297, 298, 299, 300]
45	[315, 316, 317, 318, 319, 320, 321, 533, 755, 582, 649, 664, 574, 710, 565, 735, 285, 283, 653, 425, 429, 430, 432, 280, 284, 54, 106, 108, 109]
54	[387, 388, 389, 390, 391]
55	[393, 396, 398, 400, 98, 101, 102, 103, 104]
64	[486, 489, 490, 498, 502, 503, 505, 507, 510, 512, 513]
66	[676, 721, 729, 584, 674, 734, 660, 748, 758, 537, 540, 803, 705, 617, 561, 777, 756, 597, 732, 404, 714, 630, 554, 212, 210, 211]
68	[560, 640, 59, 62, 524, 805, 28, 134, 71, 133]
69	[666, 769, 773, 740, 185, 186, 252]
71	[941, 896, 856, 911, 904, 817, 988, 3, 948, 909, 865, 959, 821, 168]
72	[809, 786, 742, 602, 814, 839, 837, 962]
75	[624, 543, 517, 443, 444, 446, 448, 450, 451]
82	[47, 48, 46]
88	[607, 616, 369, 374, 376, 784, 775, 520, 335, 615, 749, 334, 736, 333, 330]
91	[142, 846, 925, 946, 892, 173, 174, 845, 891, 965, 940, 983]
93	[697, 688, 541, 685, 764]
95	[559, 830, 91, 93]
98	[885, 863, 967, 873, 171, 888, 874, 886, 847, 984, 976, 912, 862, 878, 952, 893, 982, 919, 858, 301, 302, 303, 305, 629, 759, 639, 695, 677, 25, 27, 23]
99	[273, 276, 279, 29, 30, 34]
102	[225, 228, 226]
110	[747, 642, 22, 24, 914, 880, 169, 949, 972, 955, 859, 454, 455, 456, 460, 462, 463, 464, 465, 467, 468]
118	[170, 918, 926, 172]
119	[336, 331, 64, 322, 69, 332, 68, 66, 67, 323, 352]
123	[931, 887, 0, 825, 899, 895, 144, 989, 816, 143, 936, 973, 835, 927, 838, 979, 958, 968, 957, 961, 905, 844, 956, 901, 916, 841, 906, 923, 951, 915, 974, 813, 857, 929, 942, 772, 761, 634, 568]
127	[182, 188, 691, 770, 187]
129	[367, 326, 379, 324, 327, 459, 457, 458, 466, 461, 361, 363, 364, 365, 368, 392, 386, 385, 384, 383, 381]
130	[499, 508, 488, 511, 494]
132	[544, 779, 754, 643, 652, 704, 527, 569, 608, 599, 5, 852, 43, 45, 259, 261, 265, 778, 593, 573, 613, 572, 17, 202, 15]
133	[473, 689, 407, 474, 567, 601, 566, 556, 603, 516, 622, 535, 619, 471, 469, 799, 479, 483, 589, 177, 628, 583, 515, 480, 690, 481, 476, 482, 306, 268, 681, 807, 741, 611, 788, 717, 657, 781, 791, 800, 307, 269, 557, 528, 271, 267, 687, 581, 621, 272, 312, 197, 14, 18]
134	[645, 669, 253, 184, 719, 258, 257, 256, 255]
135	[221, 231, 220, 7, 235, 237, 11, 233, 720, 743, 678, 538, 571, 728, 532, 623, 604, 598, 161, 162, 163, 164, 165, 166, 167, 147, 148, 149, 150, 151, 152, 153, 434, 435, 436, 437, 438, 439, 440, 441, 442]
139	[21, 26, 612, 518, 551, 771, 724, 570, 706, 638, 767, 713, 699, 716, 270]
140	[61, 286, 55, 50, 797, 281, 105, 431, 282, 739, 49, 51, 426, 428, 53, 107, 694, 58, 110, 111, 433, 427, 52, 60, 345, 346, 347, 348, 349, 350, 351, 328, 534, 549, 746, 760, 63, 65, 415, 659, 539, 651, 411, 577, 413, 555, 119]
141	[531, 801, 563, 723, 871, 646, 289, 843, 698, 353]
142	[372, 370, 371, 668, 329, 798, 635, 751, 562, 375, 373]
144	[913, 140, 921, 971, 682, 94, 304, 360, 92, 595, 718, 780, 752, 711, 215, 288, 730, 679, 774, 514, 293, 359, 683, 872, 292, 354, 290, 768, 357, 810, 943]
145	[696, 647, 789, 609, 637, 263, 785, 783, 260, 264, 196, 655, 663, 262]
146	[97, 834, 610, 811, 287, 586, 665, 680, 985, 355, 606, 588, 766, 793, 96, 356, 213, 522, 358, 587, 998, 95]
147	[526, 745, 57, 594, 672, 707, 708, 632, 56]
148	[580, 950, 291, 266, 585, 552, 564, 618, 712]
149	[792, 727, 4, 641]
150	[75, 31, 136, 137, 72, 33]
151	[32, 70, 135]
152	[100, 399, 99, 395, 394, 397]
153	[496, 492, 495, 500, 509, 504]
154	[644, 633, 575, 377, 378, 380, 382]
155	[506, 491, 501]
156	[19, 200, 16, 242]
157	[487, 497, 191, 192, 195]
158	[449, 452, 445, 521, 447, 453]
159	[947, 700, 869, 216, 944, 978, 519, 180, 997, 738, 910, 882, 627, 763]
160	[596, 183, 254, 790, 548, 600]
