0	[680, 798, 905, 949]
2	[18, 969, 958, 900, 854, 322, 324]
3	[23, 24, 64, 67, 68]
8	[56, 57, 58, 59, 60, 61, 62, 339, 242, 383, 382, 698, 873, 288, 409, 36, 344, 345, 159, 557, 548, 835, 874, 612, 673, 738, 807, 919, 667, 639, 608, 872, 889, 839]
11	[711, 729, 697, 957, 721, 730, 282, 284]
12	[85, 86, 88, 90]
13	[91, 93, 94, 95]
20	[775, 716, 202, 996, 514, 739, 851, 981, 991, 360, 448, 452, 513, 363, 885, 6, 992, 624, 506, 741, 703, 521, 696, 954, 678, 170, 171, 275, 280, 281]
32	[224, 227, 259, 262, 782, 962, 766, 966, 627, 770, 834, 635, 925, 995, 847]
33	[231, 232, 233, 234, 235, 236, 237]
41	[850, 342, 387, 241, 841, 351]
42	[300, 301, 303, 304, 305, 441, 435, 431, 438, 631, 669, 985, 820, 689, 972]
43	[310, 312, 313, 659, 880, 719, 978, 75, 971, 713, 519, 168]
49	[354, 355, 357, 358, 359, 370, 371, 372, 373, 374, 375, 376, 377, 378]
60	[472, 475, 479, 481, 483, 487]
62	[902, 662, 942, 821, 672, 756, 837, 546, 551, 554, 563]
71	[44, 46, 42]
75	[419, 420, 422, 482, 478, 473, 474, 485, 476, 477, 486, 480, 484, 298, 299, 302, 432, 442, 433]
77	[581, 591, 596, 252, 253, 254, 255, 256, 257, 258]
81	[844, 745, 690, 761, 718, 884, 955, 733, 155, 368, 870, 117, 317, 116, 910]
90	[297, 295, 293, 296]
93	[15, 19, 14, 43, 45, 47, 48, 106, 107, 109, 110, 26, 25, 21, 492, 501, 456, 455]
97	[158, 121, 122, 123, 457, 470, 461]
101	[11, 119, 124, 8, 125]
103	[269, 437, 439, 500, 426, 429]
105	[285, 289, 749, 211, 213, 212, 961, 617, 637, 781, 695, 895, 930, 965, 722, 913, 802, 943, 860, 869, 855, 977, 912, 657, 909, 723, 247, 427, 423, 421, 428]
109	[922, 963, 683, 840, 933, 504, 883, 641, 928, 707, 967, 923, 188]
112	[418, 411, 415, 51, 464, 467]
113	[780, 654, 892, 126, 128, 129, 132, 810, 505, 785, 765, 638, 888, 632, 816, 614, 616, 795, 663]
115	[806, 824, 687, 932, 655, 412]
121	[565, 988, 221, 99, 101, 104]
124	[34, 599, 568, 149, 606, 5, 417, 39, 283, 38, 416, 674, 40]
127	[407, 401, 400, 688, 536]
130	[210, 495, 214, 77, 503, 488, 81, 494, 83, 78, 80, 498, 215, 502, 491, 496, 493, 87, 84, 89]
134	[9, 560, 465, 13, 120, 556, 559, 459, 7, 547, 10, 471, 266, 267, 272, 511, 443, 366, 430, 450, 362]
135	[28, 166, 113, 114, 115, 118, 468, 466, 566, 562, 833, 615, 856, 611, 772, 897, 660, 974, 648, 830, 630, 891, 661, 768, 658, 918, 691, 788, 133, 134, 135, 136, 137, 138, 139, 388, 389, 390, 391, 392, 393, 394, 395, 396]
138	[736, 911, 934, 625]
139	[50, 12, 367, 436, 334, 335, 314, 666, 649, 318, 754, 320, 724, 920, 112, 515, 686, 206, 209]
140	[737, 994, 175, 425, 490]
144	[449, 446, 549, 369, 434, 715, 871, 914, 999, 444, 451, 848, 917, 618, 759, 190, 191, 192, 607, 229, 813, 230, 228, 260, 69, 66, 65]
145	[984, 725, 714, 827, 670, 858, 778, 825, 2, 937, 809, 803, 0]
147	[804, 815, 163, 164, 572, 573, 574, 580]
151	[144, 199, 356, 200, 893, 904, 980, 361, 720, 799, 740, 989, 727, 829]
154	[364, 447, 445, 97, 96]
156	[141, 140, 198]
158	[769, 173, 986, 278, 776]
159	[998, 682, 174, 903, 857, 413, 836, 970, 896, 410, 755, 130]
160	[146, 145, 196, 929, 142, 935, 784, 143, 877, 182]
161	[744, 881, 509, 726, 223, 643, 92, 102, 270, 952, 219, 98, 642, 217, 365, 100, 220, 218, 564, 222, 154, 103, 636]
162	[947, 17, 845, 16, 732, 329, 743, 793, 328, 878, 797]
163	[268, 652, 644, 983, 463, 332, 787, 746, 330, 204, 333, 337, 951, 208, 454, 271, 462, 203, 319, 610]
164	[512, 921, 852, 901, 647, 702, 197, 789, 694, 796, 819, 693, 791, 628]
165	[508, 507, 823, 517, 898, 343, 633, 653, 946, 555, 340, 656, 973]
166	[226, 263, 225, 261, 264, 265, 315, 316, 926, 762, 757, 864, 936, 915, 876, 831, 668]
167	[55, 460, 414, 52, 469, 49, 53, 54]
168	[728, 867, 646, 41, 613, 35, 510, 553, 748, 287, 964, 675, 550, 704, 609]
169	[545, 552, 147, 245, 246, 248, 250, 240, 243, 849, 381, 341, 774, 239, 294, 945, 685, 916, 924, 861, 812, 950]
170	[846, 619, 37, 828, 699, 4, 783, 862, 908, 544, 863, 156, 3, 997, 640, 953, 814, 832, 679, 708, 794, 982, 622, 157, 408, 561]
174	[292, 338, 385, 379, 353, 380, 291, 238, 347, 349, 384, 386, 244, 777, 650, 676]
175	[731, 201, 826, 186]
177	[906, 194, 195, 160, 1, 975, 189, 604, 180, 747, 178, 499, 177, 181, 179, 424, 497, 176]
179	[712, 169, 621, 882, 184, 249, 183, 681, 938, 800, 879, 172]
180	[307, 701, 960, 684, 665, 309, 760, 717, 72, 890]
181	[306, 76, 786, 623, 74, 277, 71, 645, 790, 822, 70, 311, 773, 859, 764, 801, 886, 734, 705, 993, 73, 308]
182	[805, 767, 489, 792, 664, 700, 899, 79, 752, 605, 677, 927, 735, 216, 286, 82, 866, 931, 771, 811, 290]
183	[538, 626, 402, 532, 398, 404, 818, 541, 529, 543, 868, 350, 940, 527, 528, 399, 534, 352, 808, 348, 131, 535, 346, 968, 533, 397, 537, 542, 405, 838, 524, 540, 525, 127, 706, 531, 526, 939, 403, 530, 406, 742, 539, 948]
184	[20, 865, 941, 843, 634, 518, 326, 944, 990, 327, 979, 629, 751, 323, 894, 763, 817, 325, 520]
185	[603, 595, 187, 150, 31, 577, 594, 162, 588, 589, 185, 887, 576, 585, 590, 586, 567, 602, 251, 570, 148, 593, 579, 29, 276, 671, 279, 33, 601, 153, 152, 165, 583, 167, 575, 30, 598, 151, 853, 779, 582, 578, 600, 569, 32, 592, 597, 105, 108, 111]
187	[458, 336, 959, 331, 205, 321, 750, 516]
188	[987, 709, 651, 207, 758, 976, 692, 842, 907]
189	[22, 753, 193, 620, 63, 440, 558, 956, 453, 522, 27, 273, 875]
190	[523, 710, 584, 587, 274, 161, 571]
