8	[56, 58, 59, 61, 62, 954, 704, 844, 562, 622, 878, 882, 627, 713, 517, 529, 555, 917, 722, 515, 761, 752, 609, 839, 603, 232, 234, 235, 236, 475, 476, 478, 479, 480, 481, 483, 485]
14	[98, 103, 225, 308, 312, 294]
15	[106, 107, 108, 109, 447, 449, 450, 896, 710, 717]
17	[119, 121, 123, 124, 125, 77, 79, 80, 81, 83, 553, 626, 753, 870, 969, 997]
25	[175, 178, 127, 129, 951, 825, 820, 845, 673, 982, 654, 746, 548]
28	[197, 198, 202, 355, 348, 350, 955, 914, 782, 588, 469]
39	[278, 764, 872, 328]
46	[324, 327, 329, 330, 331, 397, 398, 399, 400, 401, 402, 403, 404, 405, 68, 69, 531, 876, 706, 647, 895, 904]
49	[349, 351, 353, 354, 14, 15, 17, 18, 19, 21, 22, 24, 26, 27, 452, 760, 105, 738, 443, 111, 621, 988]
57	[417, 421, 422, 423, 118, 117, 114, 217, 218, 219, 220, 221, 222, 223, 190, 191, 192, 193, 406, 407, 408, 409, 410, 411, 412, 413, 414, 275, 815, 279, 635, 273, 325, 274, 277, 505, 313, 593, 224, 884, 296, 703, 226, 300, 297, 983, 634, 101, 819, 309, 853]
59	[435, 440, 441, 442, 51, 166, 905, 266, 74, 76, 71, 73, 195]
67	[864, 624, 903, 689, 935, 612, 551, 794, 712, 793, 750, 758, 857, 923, 948, 558, 671, 743, 894, 747, 589, 281, 284, 295, 514, 230, 100, 981, 499, 104, 754, 776, 314, 518, 723, 805, 5, 102, 298, 946, 299]
69	[978, 816, 771, 950, 698, 453, 454, 458, 463, 340, 341, 342, 343, 344, 345, 346, 347]
70	[419, 418, 415, 424, 427, 428, 432, 494, 39, 152, 48, 559, 532, 769, 682, 43, 944, 781]
76	[96, 97, 133, 134, 316, 319, 321, 322, 364, 365, 366, 367, 368, 369, 370, 371]
78	[640, 642, 615, 777, 594, 507, 516, 625, 958, 862, 720, 893, 525, 742]
79	[320, 323, 614, 503, 500]
86	[159, 160, 158, 176, 181, 126, 131, 132, 128, 179, 130, 177, 180]
89	[953, 965, 677, 524, 757, 460, 381, 385, 386, 213, 216, 154, 926, 604, 980, 157, 156, 536, 86, 859, 90, 155, 89, 890, 88, 676, 564, 963, 85, 84]
95	[538, 734, 897, 696, 828, 970, 652, 581, 943, 630, 971, 473, 523, 700, 557]
100	[732, 318, 920, 549, 356, 357, 358, 359, 360, 361, 362, 168, 169, 170, 171, 173, 174, 182, 183, 185, 186, 187, 565, 508]
101	[631, 856, 731, 959, 669, 280, 999, 808, 620, 910, 865, 977, 807, 662, 892, 765, 286, 576, 962, 283, 672, 880, 719, 930, 709, 854, 790, 824, 545, 993, 773, 663, 725, 927, 974, 597, 849, 879, 691, 282]
102	[333, 867, 733, 838, 996, 610]
106	[792, 774, 513, 668, 755, 745, 0, 768, 595, 504, 832, 791, 715, 796, 868, 934, 509, 502, 510, 658, 822, 511, 561, 826, 762, 575, 569, 639, 550, 938, 973, 670, 931, 616, 811, 572, 899, 834, 961, 952, 848, 852, 840, 646, 802, 584, 596, 679, 779, 810, 991, 789, 861, 547, 586, 607, 833, 566, 580, 780, 855, 919, 579, 941, 729, 533, 464, 1, 795, 798, 623, 928, 467, 806, 718, 846, 199, 522, 471, 949, 707, 937, 674, 842, 617, 542, 472, 563, 995, 307, 643, 749]
108	[543, 568, 921, 667, 570, 649, 968, 735, 922, 797, 63, 537, 681]
113	[866, 539, 619, 916, 727, 65]
114	[664, 693, 661, 737, 637, 858]
115	[426, 430, 429, 599, 567, 692, 843, 787, 898, 918]
119	[92, 378, 373, 376, 91, 379]
122	[801, 137, 141, 726, 992, 906, 889, 711, 785, 990, 697, 657, 608, 744, 994, 871, 748, 305, 25, 23, 306, 301, 303, 699, 800, 638, 823]
124	[498, 8, 10, 11, 685, 605, 728, 829, 600, 770, 659, 979, 574, 285, 956, 633, 304, 964, 831, 756, 145, 530, 560, 869, 201, 16, 939, 140, 142, 881, 556, 144, 554, 908, 675, 683, 821, 775, 817, 656, 877, 66, 521, 767, 64, 863, 577, 527, 987, 6, 860, 851, 736, 873, 684, 803, 67, 772, 705, 900, 372, 374, 375, 377, 94, 95]
125	[702, 30, 31, 289, 388]
126	[495, 488, 496, 9, 7, 13, 486, 36, 12, 487, 115, 116, 252, 253, 254, 257, 258, 260, 261, 263, 265]
129	[850, 334, 335, 338, 239, 241]
130	[628, 809, 46, 44, 585, 885, 645, 957, 665, 648, 45, 836]
132	[153, 35, 489, 40, 497, 41, 150, 37, 492, 491, 490]
134	[380, 387, 214, 210, 925, 382, 457, 455, 383, 211, 461, 459, 384, 462, 933]
135	[947, 618, 940, 835, 783]
137	[602, 883, 520, 636, 837, 763, 526, 902, 583, 741, 582, 804, 695, 629]
138	[688, 212, 887, 93, 444, 451, 122, 552, 82, 120]
140	[915, 932, 651, 907, 936]
141	[184, 188, 363, 172, 317]
142	[967, 598, 87, 778, 528]
148	[60, 874, 237, 976, 701, 716, 942, 714, 231, 4, 57, 482, 484, 477, 535, 788, 886, 233, 759, 611, 590, 766, 730, 3, 591, 989, 99, 229, 310, 315, 227, 228]
150	[891, 644, 678, 465, 466, 470, 474]
151	[311, 506, 751, 544, 601, 814, 2, 972, 694, 546, 541, 200, 20, 468]
153	[966, 984, 78, 739, 262, 113, 259, 264]
154	[830, 135, 687, 632, 448, 445]
155	[248, 287, 203, 250, 251, 650, 396, 209, 578, 392, 245, 249, 205, 34, 29, 986, 534, 246, 784, 786, 290, 247, 32, 724, 395, 208, 293, 33, 389, 391, 288, 291, 394, 390, 929, 945, 204, 641, 207, 28, 799, 206, 686, 393, 875, 292, 847]
156	[960, 72, 827, 163, 271, 975, 439, 161, 841, 267, 998, 433, 436, 50, 162, 53, 164, 909, 740, 54, 269, 70, 721, 194, 437, 438, 75, 47, 680, 49, 272, 52, 270, 42, 147, 148, 149, 151]
157	[818, 196, 352]
158	[587, 813, 911]
159	[985, 812, 519, 512, 501]
160	[255, 112, 256, 912, 136, 901, 143, 666, 606, 924, 146]
161	[268, 167, 434, 55, 165, 189, 215, 456, 655, 660]
163	[913, 416, 425, 38, 571, 493, 420, 431]
164	[708, 302, 888, 690]
165	[613, 276, 326]
166	[110, 139, 592, 446, 138]
167	[653, 332, 336]
168	[243, 540, 339, 337, 244, 240, 573, 242, 238]
