1	[7, 8, 9, 10, 11, 12, 13]
2	[14, 15, 16, 17, 18, 19, 20]
5	[35, 37, 38, 39, 133, 134, 135, 136, 137, 138, 139, 172, 414, 183, 401, 168, 170, 413, 182, 184]
10	[70, 71, 72, 73, 74, 75, 76]
13	[91, 92, 93, 94, 95, 96, 97]
14	[98, 99, 100, 101, 102, 103, 104, 0, 1, 705, 706, 708, 717, 718, 720, 724, 727, 730, 738, 750, 751, 759, 762, 768, 769, 771, 774, 787, 788, 791, 792, 795, 801, 803, 818, 820, 824, 829, 844, 854, 855, 858, 876, 889, 903, 905, 906, 909, 912, 920, 923, 931, 932, 934, 935, 936, 939, 944, 946, 949, 951, 955, 963, 965, 966, 968, 973, 975, 988, 989, 998, 30, 31, 32, 49, 52, 53, 54, 445, 450]
15	[106, 107, 108, 111]
16	[112, 113, 114, 115, 116, 117, 118, 418, 422, 423, 424, 425, 428, 429, 430, 431, 432, 433, 434, 435, 436, 437, 438, 439, 287, 286, 285, 282]
20	[589, 603, 609, 611, 615, 624, 625, 636]
22	[154, 155, 156, 157, 158, 159, 160, 266, 267, 268, 269, 270, 271, 272, 273, 42, 43, 44, 45, 46, 47, 48]
23	[161, 162, 163, 164, 165, 166, 167]
24	[169, 171, 173, 174, 395, 396, 408, 411, 186]
25	[178, 179, 180, 181]
28	[196, 197, 198, 199, 200, 201, 202, 126, 127, 128, 129, 130, 131, 132, 407, 400, 187, 398, 119, 404, 123, 124, 406, 410, 125, 122, 403, 399, 120, 405, 397, 121, 415, 188, 394, 409, 402, 412, 185]
29	[203, 204, 205, 206, 207, 208, 209]
30	[210, 211, 212, 213, 214, 215, 216]
31	[217, 218, 219, 220, 221, 222, 223]
32	[224, 225, 226, 227, 228, 229, 230]
33	[231, 232, 233, 234, 235, 236, 237]
35	[245, 246, 247, 248, 249, 250, 251]
36	[252, 253, 254, 255, 256, 257, 258, 77, 78, 79, 80, 81, 82, 83, 472, 473, 468, 483, 474, 470]
37	[260, 264, 265, 22, 23, 24, 25, 26, 27]
40	[283, 284, 288, 289]
41	[290, 291, 292, 293, 294, 295, 296, 297]
42	[298, 299, 300, 301, 302, 303, 304, 305]
44	[314, 315, 318, 320]
45	[322, 323, 327, 329, 238, 239, 240, 241, 242, 243, 244]
46	[331, 334, 336, 337]
47	[339, 340, 341, 342, 343, 344, 345, 346, 347]
48	[348, 349, 350, 351, 352, 353, 354, 355, 356]
50	[366, 367, 368, 369, 370, 371, 372, 373, 374]
51	[376, 377, 381, 383]
52	[384, 386, 388, 390, 393, 601, 623, 633, 613, 599, 586, 621, 598, 629, 610, 631, 617, 620]
57	[440, 441, 442, 443, 444, 446, 447, 448, 453]
58	[454, 455, 456, 457, 458, 459, 460, 461, 462, 464, 466, 357, 358, 359, 360, 361, 362, 363, 364, 365]
59	[469, 471, 475, 476, 477, 478, 479, 480, 481, 482]
60	[484, 485, 486, 487, 488, 489, 490, 491, 492, 493, 494, 495, 496, 497, 498, 499, 500, 501, 502, 503, 504, 63, 64, 65, 66, 67, 68, 69]
61	[505, 506, 507, 508, 509, 510, 511, 512, 513, 514, 515, 516, 517, 518, 519, 520, 521, 522, 523, 524, 525, 274, 275, 276, 277, 278, 279, 280, 281]
62	[527, 528, 529, 530, 531, 532, 533, 534, 536, 537, 538, 539, 541, 542, 543, 544, 545, 546, 549, 84, 85, 87, 89]
63	[550, 554, 555, 561, 562, 565, 566, 567, 568, 571, 579, 580, 583]
65	[641, 642, 643, 644, 645, 646, 647, 648, 649, 650, 651, 652, 653, 654, 655, 656, 657, 658, 659, 660, 661, 662, 663, 664, 665, 666, 667, 668, 669, 670, 671, 672, 673, 674, 675, 676, 677, 678, 679, 680, 681, 682, 683, 684, 685, 686, 687, 688, 689, 690, 691, 692, 693, 694, 695, 696, 697, 698, 699, 700]
66	[328, 324, 325, 326]
67	[427, 420, 421, 419]
68	[740, 732, 956, 765, 978, 859, 797, 915, 900, 972, 783, 815, 985, 761, 917, 986, 890, 971, 914, 976, 809, 872, 893, 802, 983, 814, 984, 714, 764, 881, 878, 950, 725, 913, 918, 757, 56, 57, 60, 61, 62]
69	[195, 192, 193]
70	[6, 719, 808, 5, 980, 964, 877, 825, 879, 778, 887, 796, 731, 773, 786, 838, 886, 811, 848, 741, 4, 833, 952, 739, 941, 924, 927, 703, 806, 928, 882, 925, 870, 866, 784, 712, 969]
71	[970, 907, 853, 748, 865, 3, 782, 743, 747, 958, 891, 830, 994, 997]
72	[558, 572, 563, 560, 551, 569, 581, 576, 559, 577, 552, 557, 574, 556, 575, 573, 584, 585, 564, 570]
73	[790, 959, 930, 929, 873, 753, 856, 843, 832, 996, 926, 763, 775, 987, 710, 827, 754, 992, 902, 883, 810, 835]
74	[417, 416, 426, 147, 148, 149, 150, 151, 152, 153, 467, 463, 465]
75	[974, 746, 785, 957, 874, 921]
76	[737, 864, 977, 721, 704, 800, 948, 772, 841, 911, 899, 306, 307, 308, 309, 310, 311, 312, 313]
79	[261, 21, 259, 263, 262]
81	[379, 382, 378, 380, 375]
85	[884, 871, 834]
86	[332, 335, 338, 330, 333]
87	[41, 36, 40]
88	[387, 392, 385, 391, 389]
89	[177, 176, 175]
90	[105, 109, 110]
91	[553, 582, 578, 321, 317, 316, 319]
92	[733, 451, 896, 961, 904, 33, 34, 993, 789, 709, 51, 937, 919, 880, 823, 839, 813, 901, 885, 831, 449, 849, 846, 954, 28, 940, 758, 723, 776, 851, 701, 840, 794, 452, 702, 728, 50, 756, 29, 819, 716, 749, 990, 799, 845, 767, 734, 822, 850, 812, 962, 744, 895, 55, 995]
94	[736, 945, 58, 59, 892, 726, 807, 933]
95	[894, 942, 766, 2, 982, 713, 836]
96	[860, 943, 752, 875, 711, 908, 953, 857, 781, 821, 707, 861, 780, 777, 715, 745, 804, 897, 999, 888, 755, 852, 863, 798, 842, 793, 826, 837, 760, 869, 867, 916, 722, 805, 729]
97	[960, 868, 922, 967, 938, 847, 910, 779, 991, 979, 742, 770, 947, 898]
98	[606, 602, 635, 640, 592, 600, 604, 608, 140, 630, 194, 626, 616, 143, 627, 146, 614, 632, 142, 619, 144, 593, 605, 597, 634, 618, 189, 637, 638, 607, 141, 588, 190, 622, 594, 612, 145, 596, 639, 595, 628, 591, 587, 590, 191]
99	[547, 535, 90, 540, 526, 88, 548, 86]
100	[862, 735, 817, 981, 828, 816]
