0	895
0	908
0	885
0	999
0	862
0	865
0	917
0	898
0	931
0	825
1	909
1	929
1	892
1	881
1	864
1	844
1	965
1	915
1	918
1	855
2	957
2	986
2	854
2	841
2	898
2	921
2	994
2	836
2	880
2	291
3	909
3	891
3	880
3	870
3	886
3	892
3	988
3	915
3	893
3	829
4	834
4	980
4	971
4	954
4	897
4	947
4	382
4	910
5	995
5	963
5	849
5	27
6	953
6	837
6	828
6	963
6	872
6	843
6	309
6	849
7	13
9	12
9	11
10	12
11	100
12	316
13	173
14	196
14	199
14	197
14	17
14	18
15	17
15	19
15	20
15	51
16	19
16	17
16	18
16	197
16	198
17	198
17	200
17	199
18	20
18	200
18	197
19	196
19	200
19	201
19	198
19	197
20	200
20	197
21	22
22	26
22	53
22	693
23	26
23	27
23	177
23	744
24	58
24	288
26	166
28	31
28	143
29	32
29	31
29	465
30	32
30	34
30	108
33	106
35	40
36	37
36	959
37	38
38	39
38	40
38	41
40	267
42	46
42	758
43	203
43	98
44	173
45	48
45	46
45	898
46	428
47	330
47	96
48	221
49	55
49	259
50	52
51	55
51	447
51	590
52	53
54	138
55	244
57	308
59	156
59	167
59	260
60	61
60	977
61	62
62	992
63	64
63	69
63	266
64	284
65	66
65	76
66	69
66	420
66	510
67	69
67	263
68	260
68	906
68	976
69	417
70	74
70	498
71	343
71	448
72	497
72	73
74	226
74	75
75	281
75	859
77	967
78	486
78	973
79	81
79	82
79	384
80	82
81	155
82	882
83	337
83	390
83	461
84	86
84	88
86	87
86	89
89	533
90	372
91	338
91	92
91	93
91	97
94	912
95	97
96	893
97	591
98	100
98	400
98	397
98	393
98	101
98	396
99	399
99	398
99	400
99	102
99	394
99	316
100	395
101	104
101	103
101	394
101	398
102	395
102	394
102	400
102	104
103	394
103	104
103	395
103	264
104	395
105	206
105	107
105	337
105	528
106	107
106	111
108	696
109	628
110	425
110	630
110	524
110	773
111	679
112	116
112	411
112	415
112	409
113	114
113	414
113	416
113	411
113	118
113	409
113	117
113	413
114	409
114	413
114	410
114	412
115	116
115	409
115	403
116	118
116	410
116	413
116	414
116	411
117	409
118	416
118	413
118	415
119	124
119	123
120	374
121	124
123	366
124	125
126	132
126	130
127	289
127	507
128	130
128	132
129	132
130	922
131	132
131	728
133	136
134	262
135	137
136	846
137	359
138	537
138	986
139	462
140	892
140	976
140	952
140	951
141	903
141	946
141	824
142	974
142	911
143	982
143	920
144	989
144	968
144	875
144	887
144	899
145	146
145	940
145	952
145	844
145	941
145	292
146	892
146	927
146	311
147	151
147	440
147	150
147	152
148	150
148	435
148	149
148	318
149	153
149	435
149	190
149	151
149	439
150	153
150	482
151	152
151	441
152	153
152	379
152	434
153	442
153	434
153	324
154	158
154	156
154	159
154	847
157	304
161	162
161	166
161	245
162	163
162	320
163	749
164	306
165	167
168	296
169	173
169	239
170	174
170	277
171	172
171	454
172	605
172	606
173	174
174	185
175	405
175	177
175	408
176	177
176	408
176	401
176	403
176	404
176	406
176	405
176	407
177	179
177	401
177	408
178	180
178	403
178	402
178	401
178	408
178	179
178	406
179	181
179	407
179	408
179	937
180	401
180	406
181	401
181	404
181	407
182	186
182	255
182	183
182	184
182	256
182	669
182	645
183	185
183	256
183	320
184	188
184	187
184	258
184	293
184	256
185	188
185	253
185	740
185	186
185	258
185	770
185	254
186	254
186	188
186	253
186	548
186	773
186	618
187	188
187	258
187	252
187	327
188	253
188	254
188	252
188	600
189	195
190	244
191	193
191	751
192	195
193	194
193	785
194	316
195	453
196	202
196	198
196	200
197	198
197	202
198	201
198	200
198	292
199	200
200	201
203	207
204	207
204	206
205	312
205	208
205	506
206	209
208	478
208	877
208	272
209	224
210	211
210	212
211	212
213	215
213	216
213	214
214	215
214	216
215	216
215	357
217	417
218	223
218	220
218	415
219	246
219	222
220	690
221	223
222	223
222	248
222	549
224	268
225	227
226	227
227	236
228	251
229	230
229	891
231	505
231	233
233	234
233	237
233	278
234	236
235	237
237	843
237	747
238	259
238	242
238	244
238	575
239	620
240	997
243	244
243	842
246	249
247	249
248	250
248	702
250	668
251	905
252	257
252	253
252	255
252	256
252	254
252	666
253	257
253	256
253	255
253	769
253	719
253	600
254	255
254	258
254	257
254	691
255	256
255	257
256	258
256	257
257	596
257	669
257	770
258	600
259	819
260	262
260	949
261	262
264	265
265	332
265	727
266	270
266	726
266	564
266	712
267	271
267	621
267	788
267	557
267	781
267	469
268	269
268	698
268	679
268	717
268	677
268	665
269	611
269	687
269	581
269	695
270	585
270	802
270	733
270	726
270	552
270	706
271	611
271	800
271	698
271	681
271	687
272	665
272	679
272	788
272	698
272	629
272	781
273	468
274	275
275	278
276	377
276	302
277	621
280	285
281	282
283	285
283	968
284	285
285	474
286	379
286	962
287	293
287	290
288	289
288	291
288	660
289	988
292	295
294	300
295	296
295	298
297	300
298	300
300	334
301	304
302	303
302	307
303	305
304	378
304	944
305	306
306	901
307	502
307	838
308	310
308	802
309	310
309	402
309	954
310	311
311	314
311	568
312	313
312	314
313	451
315	318
315	603
316	321
317	318
318	319
318	969
318	717
319	375
320	351
322	323
322	328
323	328
324	326
324	327
324	325
325	326
325	327
325	916
326	327
326	562
329	333
329	429
330	336
330	335
331	336
335	777
337	395
338	339
339	343
341	343
341	344
343	424
345	349
345	352
346	348
347	350
349	350
353	374
354	359
354	357
354	358
354	814
355	356
356	360
358	427
360	458
361	362
361	363
361	365
361	970
362	364
362	368
364	366
365	367
365	714
369	374
369	371
369	634
369	685
369	890
370	374
371	869
372	373
373	718
375	376
376	743
377	382
377	380
377	383
378	418
379	382
380	470
381	383
381	382
384	635
384	791
385	388
386	388
386	875
387	392
387	388
387	734
387	863
388	391
389	390
393	394
393	400
393	396
393	395
393	398
394	987
395	399
396	399
396	397
397	399
397	883
398	399
398	400
398	754
399	400
401	528
402	407
402	404
402	403
403	406
404	408
404	406
406	407
409	411
409	413
409	414
410	414
410	416
411	414
412	415
412	416
412	414
412	413
414	415
415	989
417	592
418	659
419	423
419	964
420	481
420	657
423	424
424	803
424	806
425	431
426	427
428	833
430	431
430	432
434	440
434	441
434	439
435	440
435	436
435	437
436	437
436	441
436	442
438	441
438	440
439	442
440	442
441	442
443	448
443	449
445	453
445	452
445	860
447	769
449	864
451	452
455	468
456	464
460	462
460	466
460	467
460	667
463	467
464	466
466	468
466	585
466	564
468	509
469	473
469	480
469	481
469	476
469	474
469	478
469	479
469	483
470	472
470	484
470	477
470	475
470	485
470	818
471	474
471	482
471	480
471	478
471	476
471	473
472	485
472	477
472	484
473	474
473	483
473	480
473	478
473	479
473	756
474	478
474	479
474	480
474	902
475	484
475	477
475	485
476	481
476	479
476	482
476	483
476	945
477	484
477	485
477	793
478	480
478	483
478	482
479	482
479	481
479	483
480	482
480	481
480	913
482	483
484	485
486	503
486	505
487	513
488	494
488	496
488	512
489	513
490	498
490	497
490	500
490	642
491	501
491	511
492	504
492	513
493	500
493	504
494	496
499	508
499	587
507	508
514	766
514	574
514	589
514	550
514	716
514	744
514	787
514	518
514	680
514	592
515	536
515	711
515	555
515	597
515	684
515	683
515	796
515	539
515	569
515	620
516	809
516	545
516	771
516	587
516	603
516	597
516	582
516	796
516	599
516	554
517	761
517	642
517	747
517	521
517	612
517	543
517	624
518	671
518	550
518	601
518	586
518	570
518	555
518	755
518	531
518	566
519	627
519	656
519	700
519	703
520	668
520	784
520	635
520	616
520	607
520	534
520	798
521	624
521	634
521	642
521	612
521	543
521	531
522	679
522	646
522	681
522	629
522	759
522	677
522	621
522	800
522	807
523	571
523	789
523	532
523	785
523	715
523	696
524	554
524	589
524	546
524	799
524	690
524	614
524	675
524	670
524	658
525	794
525	780
525	588
525	703
525	591
526	701
526	711
526	622
526	697
526	602
526	583
526	673
526	553
526	633
526	559
527	644
527	605
527	670
527	553
527	768
527	750
527	673
527	601
527	555
527	631
528	657
528	781
528	611
528	791
528	788
528	698
529	786
529	542
529	767
529	631
529	570
529	724
529	605
529	654
529	692
529	622
530	757
530	623
530	593
530	678
530	572
531	767
531	648
531	716
531	587
531	605
531	688
531	685
531	578
532	655
532	808
533	708
533	633
533	539
533	686
533	608
533	626
533	579
533	658
533	652
534	751
534	784
534	635
534	615
534	736
535	589
535	547
535	766
535	725
535	701
535	610
535	685
535	688
535	750
535	603
536	686
536	556
536	809
536	753
536	610
536	539
536	752
536	590
536	795
537	561
537	777
537	729
537	540
538	806
538	696
538	609
538	728
539	697
539	754
539	590
539	610
539	614
539	763
540	758
540	674
540	676
541	587
541	555
541	689
541	650
541	544
541	592
541	685
541	652
541	787
541	579
542	796
542	782
542	550
542	752
542	697
542	602
542	701
542	643
542	626
543	761
543	747
543	634
543	772
544	583
544	716
544	619
544	605
544	786
544	771
544	570
544	626
544	809
545	628
545	643
545	704
545	553
545	753
545	786
545	675
545	771
545	688
546	673
546	723
546	766
546	724
546	547
546	602
546	667
546	672
546	670
547	799
547	731
547	570
547	714
547	779
547	722
547	768
547	631
548	790
548	645
548	769
548	600
548	596
548	770
549	749
549	562
549	751
549	736
549	615
549	607
550	709
550	630
550	762
550	684
550	555
550	689
550	766
551	697
551	744
551	767
551	688
551	702
551	682
551	766
551	587
551	651
551	732
552	693
552	706
552	606
552	737
552	618
552	730
553	670
553	786
553	622
553	793
553	636
553	575
553	699
554	765
554	804
554	718
554	723
554	579
554	795
554	608
554	684
555	622
555	638
555	579
555	704
555	686
556	650
556	805
556	626
556	752
556	580
556	795
556	577
556	787
556	567
557	717
557	698
557	741
557	621
557	679
557	759
557	695
557	687
558	563
558	794
558	700
559	567
559	799
559	701
559	641
559	786
559	619
559	592
559	709
559	633
560	707
560	640
560	594
560	653
561	584
561	617
561	748
561	705
561	674
561	803
562	760
562	736
562	751
562	615
562	746
563	794
563	703
563	591
563	588
563	780
563	621
564	595
564	693
564	625
565	739
565	735
565	946
566	671
566	732
566	793
566	644
566	641
566	754
566	582
566	590
566	744
567	702
567	620
567	662
567	649
567	636
567	776
567	680
567	610
568	747
568	772
568	624
568	873
568	904
569	762
569	671
569	608
569	801
569	804
569	675
569	702
569	661
569	809
570	684
570	709
570	692
570	787
570	659
570	682
571	637
571	778
571	593
571	609
571	576
572	623
572	720
572	613
572	655
573	647
573	789
573	598
573	613
573	663
573	637
573	778
573	757
574	590
574	659
574	658
574	779
574	811
574	651
574	662
574	738
574	732
575	779
575	648
575	702
575	688
575	683
575	801
575	799
575	718
576	783
576	593
576	647
577	632
577	578
577	686
577	763
577	667
577	608
577	699
577	649
577	752
578	650
578	776
578	792
578	662
578	649
578	667
578	731
578	722
579	649
579	805
579	599
579	632
579	631
579	742
580	811
580	738
580	723
580	686
580	636
580	671
580	667
580	704
580	768
581	698
581	800
581	695
581	611
581	717
581	629
582	620
582	590
582	684
582	727
582	699
582	597
582	724
582	652
583	742
583	766
583	664
583	708
583	709
583	724
583	704
583	601
584	748
584	676
585	764
585	730
585	810
585	774
585	712
586	738
586	673
586	711
586	763
586	661
586	776
586	619
586	727
586	638
587	727
587	662
587	713
587	796
588	794
588	780
588	591
589	754
589	801
589	752
589	792
589	767
589	750
589	605
590	776
590	811
590	650
590	771
591	794
592	724
592	708
592	675
592	805
592	605
592	601
593	637
593	757
593	696
593	783
593	778
593	715
594	640
594	653
594	707
594	745
595	625
595	730
595	726
595	712
595	764
595	606
595	810
595	618
596	773
596	740
596	691
596	769
597	765
597	631
597	763
597	641
597	658
597	602
597	776
598	613
598	678
598	604
598	647
599	633
599	782
599	804
599	622
599	776
599	704
599	641
599	738
600	769
600	645
600	770
600	666
601	762
601	718
601	801
601	670
601	744
601	793
602	632
602	765
602	658
602	673
602	768
602	809
603	652
603	648
603	626
603	755
603	672
603	801
603	638
604	678
604	728
604	623
604	778
605	614
605	690
605	804
606	764
606	774
606	730
607	798
607	775
607	616
607	760
608	619
608	724
608	755
608	752
608	650
608	725
609	613
609	678
609	808
609	789
609	720
609	728
609	696
609	623
610	670
610	652
610	793
610	667
610	786
610	683
611	687
611	657
611	807
611	677
612	634
612	624
612	747
612	761
613	714
614	654
614	631
614	725
614	732
614	795
614	685
614	782
615	736
615	751
615	784
615	668
615	749
615	635
615	760
616	760
616	635
616	746
616	751
616	736
616	798
617	660
617	803
617	729
617	674
618	706
618	730
618	712
618	802
619	792
619	765
619	636
619	683
619	750
619	720
620	768
620	662
620	727
620	793
620	804
621	800
621	646
621	657
622	643
622	661
622	638
622	795
622	671
623	655
623	637
623	720
623	783
624	772
624	761
624	747
625	712
625	726
625	693
626	731
626	650
626	662
626	722
626	688
627	700
627	656
627	757
628	752
628	644
628	661
628	787
628	792
628	811
628	654
628	652
629	646
629	679
629	698
629	657
629	788
629	717
629	739
630	683
630	686
630	768
630	804
630	659
630	792
630	711
630	782
631	664
631	648
631	661
631	796
632	799
632	704
632	738
632	731
632	648
632	692
632	805
633	755
633	643
633	753
633	754
633	771
633	685
634	747
634	761
635	798
635	784
635	749
635	736
636	664
636	738
636	701
636	684
636	651
636	689
637	720
637	647
637	808
637	783
638	651
638	792
638	755
638	672
638	795
638	686
639	741
639	687
639	677
639	679
639	698
639	665
640	745
640	653
640	848
640	719
641	804
641	699
641	801
641	644
641	716
641	650
641	754
642	747
642	761
643	766
643	809
643	682
643	692
643	684
643	799
643	664
644	765
644	711
644	811
644	752
644	753
644	731
645	666
645	773
645	740
645	719
645	790
646	677
646	717
646	681
646	800
646	665
647	715
647	743
648	796
648	752
648	732
648	722
648	683
648	724
649	682
649	786
649	787
649	701
649	702
649	767
649	672
650	658
650	718
650	713
650	670
651	801
651	731
651	763
651	673
651	713
651	711
651	689
652	662
652	724
652	723
652	732
652	709
653	694
653	745
653	979
654	714
654	716
654	659
654	672
654	776
654	795
654	673
654	750
655	808
655	715
655	663
656	700
656	896
657	687
657	665
657	781
657	788
657	679
657	800
658	709
658	701
658	722
658	671
658	680
659	805
659	722
659	686
659	697
659	702
659	809
660	734
660	721
660	777
660	748
661	765
661	713
661	670
661	682
661	795
661	664
662	704
662	714
662	732
662	755
663	757
663	678
663	821
664	702
664	763
664	750
664	742
664	708
664	682
665	741
665	807
665	781
666	740
666	669
666	691
666	790
666	770
666	769
666	904
667	727
667	767
667	690
667	671
667	682
668	784
668	749
668	760
668	775
668	798
668	751
669	770
669	773
669	691
669	769
670	804
670	686
670	704
671	701
671	754
671	688
671	738
672	750
672	692
672	701
672	680
672	708
672	683
673	738
673	688
673	690
673	680
674	729
674	734
674	748
674	756
675	690
675	753
675	779
675	683
675	714
675	709
675	763
676	748
676	803
676	729
676	758
676	721
677	741
677	807
677	781
677	695
678	806
678	696
679	759
679	741
680	805
680	779
680	699
680	725
680	793
680	850
681	741
681	717
681	800
681	807
681	791
681	695
682	799
682	786
682	689
682	702
683	742
683	688
683	727
684	787
684	752
684	771
684	744
685	704
685	771
685	779
685	809
686	753
686	708
687	759
687	791
687	695
687	807
688	689
688	718
689	692
689	779
689	738
689	799
689	702
690	809
690	796
690	750
690	804
690	724
691	773
692	697
692	722
692	718
692	801
692	699
693	712
693	733
693	810
694	707
694	745
695	788
695	741
695	698
695	791
696	778
697	744
697	765
697	782
697	753
697	795
698	717
698	788
699	776
699	714
699	766
699	782
699	708
701	805
701	762
702	727
703	780
703	794
704	722
704	742
705	758
705	777
705	721
706	726
706	737
706	764
706	810
706	741
708	779
708	750
708	718
708	722
709	762
710	797
710	735
710	739
710	936
711	753
711	793
711	750
711	722
711	714
712	810
712	774
713	716
713	792
713	755
713	731
713	786
713	776
713	753
714	787
714	732
714	725
715	808
715	806
715	778
716	768
716	766
716	744
716	762
716	792
717	741
717	800
717	791
718	782
718	809
718	754
719	740
719	773
719	770
720	778
721	756
721	900
723	725
723	811
723	805
723	771
723	765
723	754
724	738
724	776
725	750
725	768
725	731
725	765
726	737
727	763
727	809
727	796
729	756
729	758
730	810
730	802
730	774
731	804
731	811
731	805
732	763
732	755
732	793
733	802
733	810
733	737
734	748
734	758
735	739
735	797
736	760
736	775
736	751
736	798
737	774
738	786
739	797
741	807
741	791
742	786
742	779
742	767
742	755
742	801
743	757
744	811
744	754
744	801
746	798
746	760
746	775
746	749
746	751
747	761
748	758
749	775
749	784
751	775
751	760
752	792
753	796
754	762
755	762
755	795
756	758
757	808
757	778
759	781
759	800
759	788
759	791
760	798
760	784
762	767
762	782
762	776
763	771
763	804
764	774
765	796
765	768
766	799
766	779
767	805
767	793
767	792
768	801
768	771
769	790
769	770
769	773
770	790
770	773
771	811
775	784
777	845
779	796
781	800
781	788
782	793
782	811
782	809
783	785
783	808
784	798
785	789
785	808
787	799
787	811
787	795
788	807
788	791
789	806
791	800
792	805
799	811
812	844
812	942
812	867
812	887
812	909
812	856
812	906
813	977
813	968
813	927
813	863
813	912
813	831
813	916
813	926
814	995
814	852
814	907
814	830
814	934
814	987
814	960
814	868
815	822
815	966
815	900
815	964
815	931
815	892
815	847
815	859
815	926
815	877
816	836
816	841
816	969
816	854
816	985
816	938
816	867
817	911
817	842
817	890
817	985
817	976
817	979
817	896
817	894
817	966
818	898
818	921
818	836
818	881
818	892
818	916
818	932
818	926
818	946
818	890
818	999
818	854
819	882
819	934
819	872
819	851
819	971
819	871
819	907
819	953
819	839
820	993
820	865
820	966
820	948
820	920
820	901
820	959
820	936
820	911
820	935
821	958
821	878
821	993
821	858
821	983
821	923
821	970
821	965
821	956
822	893
822	920
822	914
822	881
822	989
823	869
823	962
823	833
823	834
823	897
823	960
824	841
824	890
824	864
824	965
824	829
824	863
824	921
824	844
824	862
824	957
825	938
825	917
825	961
825	912
825	841
825	878
825	925
826	885
826	838
826	829
826	870
826	986
826	972
826	958
826	865
826	895
827	930
827	871
827	987
827	944
828	930
828	996
828	871
828	953
828	998
828	839
829	990
829	831
829	976
829	940
829	959
829	841
829	955
829	886
829	898
829	836
829	909
829	878
830	902
830	995
830	866
831	956
831	940
831	967
831	975
831	845
831	915
831	964
831	885
831	903
831	923
832	841
832	874
832	836
832	994
832	842
833	995
833	954
833	882
833	991
834	852
834	907
834	934
834	851
835	878
835	860
835	966
835	959
835	874
835	841
835	981
835	988
835	890
835	994
836	853
836	977
836	966
836	999
836	858
836	925
836	937
836	856
837	950
837	954
837	996
837	871
838	879
838	870
838	982
838	920
838	964
838	973
838	985
838	968
838	926
838	931
838	961
838	880
838	904
839	882
839	953
839	998
840	957
840	948
840	896
840	886
840	898
840	986
840	881
840	959
840	927
840	903
840	969
841	896
841	923
841	974
841	949
841	948
841	863
841	977
841	917
841	842
841	984
841	900
841	956
841	921
841	881
842	967
842	880
842	993
842	964
842	919
843	876
843	996
843	960
843	850
843	924
844	969
844	952
844	914
844	903
844	951
844	932
844	911
844	894
844	942
845	857
845	867
845	932
845	921
845	916
845	981
846	935
846	970
846	957
846	925
846	986
846	938
847	877
847	899
847	880
847	887
847	906
847	961
847	952
847	858
847	873
847	926
848	912
848	875
848	949
848	928
848	922
848	937
848	913
848	905
849	954
849	953
849	960
849	995
850	995
850	954
850	861
850	953
850	963
851	998
851	947
851	960
852	980
852	889
852	883
852	869
852	950
852	871
852	995
852	910
852	876
853	898
853	890
853	928
853	912
853	922
853	877
853	964
854	859
854	896
854	913
854	874
854	999
854	890
854	857
855	896
855	870
855	888
855	901
855	981
855	958
855	972
855	878
855	966
855	999
856	919
856	865
856	926
856	970
856	938
857	881
857	898
857	903
857	970
857	994
857	901
857	860
857	928
857	875
857	945
858	958
858	983
858	888
858	972
858	919
858	903
858	874
859	899
859	890
859	935
860	961
860	923
860	958
860	880
860	891
860	916
861	907
861	869
861	997
861	960
861	953
862	898
862	951
862	955
862	966
862	925
862	867
862	922
862	994
863	903
863	949
863	964
863	905
863	920
863	893
863	898
863	879
864	986
864	911
864	965
864	955
864	909
864	984
865	870
865	979
865	916
865	945
865	886
865	892
865	936
865	955
865	935
865	888
865	881
866	962
866	996
866	978
866	971
866	882
866	924
867	899
867	968
868	997
868	882
868	902
868	954
869	944
869	902
869	978
869	872
870	929
870	955
870	913
870	984
871	950
871	963
871	971
871	884
871	872
871	943
872	995
873	969
873	964
873	958
873	878
873	993
874	938
874	892
874	905
874	936
874	972
875	958
875	892
875	993
875	964
875	914
875	975
876	950
877	984
877	911
877	921
877	981
877	970
877	990
877	969
877	903
877	878
878	906
878	976
878	981
878	905
878	926
878	984
878	952
878	961
879	925
879	974
879	955
879	961
879	931
879	929
879	916
879	914
880	932
880	966
880	981
880	920
881	898
881	949
881	912
882	963
882	889
882	987
882	954
883	907
884	998
884	978
884	980
885	945
885	949
885	922
885	891
885	927
885	888
886	966
886	890
886	916
886	936
886	903
886	989
886	923
887	961
887	970
887	948
887	967
887	974
887	969
887	966
887	925
887	990
887	895
888	969
888	970
888	951
889	954
889	963
889	996
889	991
889	998
889	910
890	918
890	895
891	973
891	915
891	939
891	985
892	993
892	896
892	973
892	929
892	928
892	955
893	976
893	905
893	918
893	933
893	982
893	927
893	946
894	903
894	914
894	939
894	977
894	901
895	979
895	985
895	975
895	958
895	896
895	983
896	903
896	911
896	984
896	993
897	998
897	963
897	910
897	924
897	943
898	992
898	921
899	926
899	939
899	965
899	925
899	945
899	908
899	901
899	994
900	959
900	951
900	945
900	938
900	909
900	957
900	927
900	994
900	958
901	940
901	956
901	917
901	946
902	998
903	964
903	913
903	916
903	906
903	928
903	981
903	959
903	984
904	927
904	993
904	906
904	956
904	970
904	994
904	999
905	957
905	915
906	966
906	946
906	949
906	973
906	964
906	941
907	963
907	971
908	976
908	968
908	973
908	989
908	965
908	942
909	933
909	969
909	936
909	922
909	935
909	932
911	957
911	959
911	915
911	965
912	955
912	977
912	933
912	928
912	994
912	986
912	942
912	918
913	961
913	938
914	925
914	933
914	979
914	988
914	938
915	933
915	957
915	984
915	928
916	958
916	969
917	983
917	992
917	969
917	989
918	938
918	939
918	988
918	933
918	942
919	922
919	949
919	931
919	964
919	941
920	974
920	982
920	989
921	964
921	940
922	976
922	923
922	970
923	958
923	949
923	948
923	931
924	991
924	943
924	934
925	979
925	965
926	986
926	969
926	939
927	988
927	981
927	940
927	941
927	984
928	937
928	949
928	994
928	957
928	992
928	983
928	939
929	974
929	985
929	972
930	971
930	998
930	944
930	991
931	989
931	984
931	948
931	993
932	977
932	979
933	993
933	970
933	976
933	945
934	995
934	962
934	978
935	964
935	981
935	986
935	983
936	975
936	974
936	986
937	942
938	939
938	965
939	961
939	946
939	940
940	989
940	945
941	999
941	992
942	974
942	985
942	966
942	981
942	988
943	950
944	978
944	954
945	966
945	952
945	974
946	983
947	996
947	953
948	982
948	972
949	952
949	974
949	957
950	960
951	965
952	959
953	962
953	954
954	991
956	990
956	992
956	973
957	993
957	994
958	969
959	979
962	985
963	996
964	965
966	982
967	973
968	972
968	983
968	984
971	978
972	974
972	990
974	977
975	982
975	990
976	994
976	989
977	993
977	981
977	992
978	991
983	992
985	993
987	998
989	990
991	998
991	996
992	999
996	997
