0	937
0	2
0	670
0	827
0	790
0	880
1	715
1	955
1	812
1	620
1	871
1	906
1	618
1	761
1	987
2	659
2	701
2	97
2	670
2	144
2	159
3	872
3	738
3	783
3	609
3	667
3	646
3	510
3	964
3	708
3	622
4	964
4	613
4	846
4	639
4	656
4	997
4	699
4	738
4	982
4	835
5	867
5	728
5	606
5	883
5	840
5	493
5	877
6	895
6	954
6	852
6	617
6	877
6	965
6	657
6	695
7	13
7	9
7	120
7	122
7	10
7	123
7	558
8	124
8	11
8	119
8	62
8	447
9	12
9	13
9	10
9	122
9	120
9	558
10	12
10	13
10	120
10	122
10	123
10	158
10	559
10	94
11	125
11	124
11	119
12	123
12	121
12	13
12	233
13	121
13	122
13	120
13	105
14	15
14	19
14	107
15	19
16	20
16	134
16	346
16	17
17	20
17	18
17	39
18	20
20	578
21	26
21	25
22	23
22	27
22	24
22	63
23	24
23	27
23	69
24	27
24	67
25	26
27	67
28	31
28	32
28	29
28	167
29	30
29	152
29	34
29	153
29	33
29	207
29	32
29	161
29	167
30	149
30	150
30	32
30	33
30	161
30	31
31	33
31	151
31	149
31	34
31	152
31	32
31	147
31	166
32	34
32	150
32	148
32	33
32	149
32	147
33	152
33	151
33	148
33	153
33	167
33	161
34	165
35	38
35	41
35	443
35	36
35	37
36	38
36	500
36	39
36	40
37	95
37	684
37	40
37	39
37	490
38	39
38	803
38	207
38	41
39	40
39	178
39	398
39	459
39	627
41	357
41	254
41	278
41	648
42	46
42	44
43	48
43	45
43	47
43	107
44	46
45	47
45	48
45	106
47	48
47	107
48	106
49	55
49	467
49	50
49	51
49	725
49	466
49	464
50	54
50	52
50	464
50	118
51	466
51	468
51	469
51	340
52	469
52	467
52	468
52	458
52	53
53	55
53	54
53	325
53	948
53	592
54	55
54	467
54	466
54	460
55	468
55	103
55	343
55	466
56	60
56	62
56	337
56	59
56	61
56	861
56	363
56	160
57	59
57	79
57	261
57	60
57	62
57	61
57	973
58	60
58	59
58	999
59	76
59	230
59	61
59	349
59	982
60	627
60	849
61	144
61	665
61	76
61	100
61	369
62	987
63	64
63	69
63	67
63	65
63	68
64	69
64	65
64	258
64	68
64	66
64	67
64	311
65	66
65	67
65	68
65	598
65	81
66	68
66	69
66	67
67	68
67	745
67	191
67	914
68	69
68	698
69	799
69	747
70	74
70	73
70	655
70	937
70	76
71	72
71	73
71	76
71	537
71	74
72	74
72	542
72	312
72	73
72	87
72	648
72	484
72	399
73	130
73	76
74	181
74	75
75	372
75	714
75	925
76	368
76	873
77	83
77	81
77	528
77	78
77	532
78	80
78	206
78	307
78	81
78	83
78	936
79	80
79	770
79	81
79	82
79	363
79	92
80	83
80	82
80	311
80	359
80	221
80	81
80	666
81	582
82	717
82	353
82	937
82	586
83	103
84	88
84	90
84	85
84	490
84	89
85	86
85	218
85	313
85	334
85	932
85	806
85	585
85	665
85	666
86	90
86	940
86	87
86	89
87	90
87	358
87	395
87	860
88	91
88	90
88	89
88	237
88	300
88	375
88	928
89	90
89	801
90	601
90	224
90	263
91	94
91	970
92	93
92	97
92	147
92	373
93	94
93	95
93	331
94	97
94	540
95	97
95	490
95	223
95	96
96	335
96	177
96	97
96	615
97	761
98	104
98	100
98	102
98	220
98	223
98	534
98	696
99	220
99	222
99	217
99	223
99	104
99	167
99	102
99	430
100	222
100	102
100	163
100	101
101	103
101	104
101	221
101	222
101	220
101	113
101	219
101	680
101	223
102	222
102	104
102	220
102	173
102	191
103	223
104	220
104	222
104	219
104	837
105	111
105	106
105	107
105	110
105	108
106	109
106	110
106	107
106	111
106	310
106	108
106	552
107	109
107	111
107	108
107	110
108	110
108	109
108	111
108	809
109	110
109	111
109	826
110	111
110	958
110	784
111	486
112	118
112	822
112	113
112	114
112	945
113	114
113	117
113	333
113	583
113	425
113	116
114	118
114	115
114	468
114	795
115	116
115	786
116	118
117	376
117	118
119	124
119	125
119	236
120	122
120	123
120	196
121	123
121	122
121	560
121	158
121	547
122	123
122	160
123	547
124	125
124	815
125	268
125	975
126	128
126	816
126	614
126	663
126	785
126	129
126	765
126	623
126	574
127	625
127	755
127	881
127	970
127	911
127	806
127	655
127	509
128	129
128	616
128	132
128	505
128	638
128	888
128	785
128	632
129	888
129	217
129	616
130	836
130	131
130	625
130	911
130	808
130	824
130	373
130	934
131	706
131	824
131	818
131	755
131	626
131	932
131	808
132	307
132	505
132	765
133	134
133	136
133	137
133	395
133	615
133	691
134	139
134	136
134	389
134	137
134	768
134	250
134	392
134	856
135	138
135	139
135	391
135	392
135	611
135	136
135	393
135	660
135	344
136	396
136	390
136	138
136	389
136	139
136	833
137	138
137	394
137	392
137	396
138	396
138	391
138	897
138	662
138	390
138	658
138	830
139	396
139	388
139	630
139	240
140	146
140	142
140	328
140	143
140	268
140	144
140	955
141	142
141	144
141	146
141	143
142	146
142	255
142	847
142	144
142	816
143	144
143	145
143	492
143	580
143	350
143	816
143	333
143	912
144	310
144	222
144	145
146	228
147	153
147	150
147	151
147	148
147	163
147	164
148	152
148	151
148	153
148	164
148	161
148	162
148	149
149	153
149	151
149	150
149	152
149	163
149	660
150	151
150	152
150	165
151	166
151	161
152	153
152	162
153	576
153	259
153	676
154	155
154	545
154	551
154	554
154	566
154	563
154	902
154	564
154	217
154	546
154	927
155	545
155	566
155	554
155	552
155	562
155	564
155	563
155	551
155	313
155	638
156	555
156	159
156	544
156	557
156	548
156	157
156	982
156	205
156	679
157	159
157	555
157	544
157	553
157	557
157	550
157	931
158	560
158	556
158	547
158	160
158	549
158	559
159	555
159	561
159	550
159	553
159	548
159	557
160	549
160	547
160	558
161	164
161	167
162	164
162	165
162	163
162	167
163	164
163	401
164	166
164	167
164	165
164	206
164	617
165	167
165	166
168	173
168	169
168	172
168	275
168	171
168	280
168	188
168	176
169	172
169	173
169	280
169	277
169	278
169	279
169	183
169	427
170	171
170	172
170	277
170	174
170	280
170	173
170	187
170	185
171	174
171	279
171	274
171	281
171	187
171	518
172	174
172	274
172	275
172	281
172	185
172	183
173	280
173	279
173	174
173	281
173	278
173	188
174	275
174	279
174	281
174	274
174	280
174	182
175	177
175	180
175	179
176	179
176	950
176	177
176	181
177	179
177	178
177	795
177	272
177	502
178	180
178	207
178	531
178	181
178	518
179	181
179	406
180	231
180	181
180	585
180	871
182	183
182	274
182	280
183	186
183	184
183	187
183	276
183	763
184	186
184	188
184	185
185	188
185	281
185	187
185	277
185	275
186	187
186	188
186	279
187	188
187	278
188	277
188	281
188	659
188	904
189	195
189	190
189	372
189	194
189	854
189	283
190	192
190	307
190	226
190	194
190	191
190	471
191	193
191	192
191	194
191	807
192	193
192	195
192	332
193	195
193	968
193	203
193	959
194	195
194	731
196	739
196	981
196	200
196	904
197	198
197	200
197	201
197	929
197	991
197	981
197	246
198	199
198	201
198	202
198	739
198	981
198	828
199	202
199	200
199	981
199	248
199	778
200	201
200	202
200	590
201	996
201	935
201	904
201	739
202	981
202	483
202	234
203	348
203	206
203	208
204	208
204	371
204	265
204	785
204	209
205	720
205	206
205	207
205	209
205	564
206	584
206	209
207	208
209	310
209	781
210	214
210	215
210	216
210	304
211	213
211	212
212	213
214	216
214	495
214	498
215	216
215	498
215	495
216	493
217	223
217	219
217	476
217	221
218	220
218	428
219	220
219	223
219	222
220	701
221	222
222	584
224	228
224	230
224	261
224	260
224	264
225	230
225	228
225	260
225	262
225	226
225	227
225	568
226	261
226	228
226	260
226	651
226	616
226	230
227	230
227	816
227	260
227	262
227	229
227	265
228	265
228	229
228	260
228	259
229	259
229	347
230	265
230	259
230	332
230	262
230	514
231	233
231	235
231	237
231	993
231	325
231	985
231	760
232	233
232	532
232	578
232	237
232	234
232	235
233	235
233	234
233	237
233	236
234	236
234	934
234	252
235	237
235	572
236	237
236	993
236	872
237	409
238	240
238	244
238	239
238	387
238	381
238	384
239	243
239	379
239	240
239	381
239	341
239	244
239	384
239	385
239	241
240	241
240	381
240	379
240	342
241	243
241	385
241	380
241	338
242	382
242	383
243	244
243	386
243	379
243	380
243	385
243	381
243	384
243	387
244	384
244	379
244	385
244	386
244	381
244	387
245	246
245	250
246	250
246	248
247	251
247	249
248	250
248	870
249	251
252	255
252	258
252	254
252	269
253	256
253	254
253	255
253	614
253	258
253	590
254	258
254	354
254	328
254	256
255	375
255	257
255	567
255	680
256	258
256	312
256	662
257	370
257	258
257	656
258	994
258	538
259	265
259	261
259	264
259	262
259	260
259	488
260	263
260	264
260	265
261	263
261	262
261	265
261	558
262	265
262	263
262	264
263	265
264	265
266	271
266	363
266	269
266	368
266	456
266	452
266	367
266	446
266	470
266	443
267	269
267	366
267	273
267	455
267	369
267	456
267	837
268	273
268	366
268	271
268	367
268	368
268	369
268	269
268	453
269	366
269	369
269	367
269	272
269	446
269	454
270	365
270	364
270	445
270	988
270	643
271	273
271	453
271	455
271	448
271	366
272	273
272	450
272	455
272	368
272	363
272	732
273	362
273	369
273	456
273	452
273	368
273	345
274	278
274	280
274	281
274	277
275	276
275	280
275	278
275	751
276	279
276	277
276	278
276	281
277	279
277	278
277	487
278	279
280	281
281	352
282	288
282	284
282	287
282	866
282	700
283	286
283	287
283	288
283	284
283	771
284	288
284	286
284	674
284	700
284	287
284	771
284	947
285	289
285	749
286	288
286	287
286	866
287	771
287	288
288	674
289	749
290	292
290	294
290	291
290	711
291	294
291	292
291	752
292	294
292	931
293	296
293	295
293	297
294	931
295	296
295	297
295	851
296	297
297	891
298	299
298	302
299	302
300	303
300	304
300	462
300	832
301	303
301	326
301	723
303	304
303	305
304	305
304	855
305	824
305	917
306	311
306	310
306	312
307	309
307	312
307	776
308	312
308	311
308	638
309	570
309	310
309	663
309	924
309	313
311	467
311	318
312	313
312	492
313	635
313	634
313	680
314	320
314	317
314	318
314	321
314	920
314	746
314	951
314	907
314	910
315	316
315	915
315	831
315	757
315	813
315	936
316	607
316	762
316	668
316	915
317	318
317	319
317	321
317	959
317	644
317	910
318	320
318	910
318	319
318	321
318	870
318	649
318	750
319	320
319	321
320	321
320	951
320	910
321	724
321	644
322	325
322	324
322	326
323	327
323	329
323	326
323	478
323	328
323	714
324	329
324	465
324	328
324	327
324	856
325	327
325	328
327	329
328	545
328	948
330	333
330	464
330	331
330	334
330	336
331	333
331	337
331	990
331	334
332	337
332	334
332	796
332	571
333	337
333	336
333	578
333	967
333	977
334	335
334	530
335	336
335	337
336	567
336	462
337	476
338	342
338	341
338	384
339	382
339	383
340	345
340	343
340	344
341	342
341	461
342	672
343	345
343	344
344	345
346	350
346	352
346	348
347	351
347	349
347	353
348	350
348	352
349	351
349	353
350	352
351	353
351	733
354	359
354	357
354	355
354	358
355	357
355	358
355	359
355	463
356	360
356	361
357	359
357	358
358	359
360	361
362	366
362	367
362	363
362	456
362	453
362	450
363	368
363	453
363	366
363	450
363	452
364	447
364	445
364	952
364	642
365	636
365	642
365	836
365	668
366	367
366	448
366	450
366	455
367	446
367	448
368	369
368	450
368	448
369	449
369	443
369	452
369	454
370	537
370	376
370	375
371	373
371	377
371	376
371	374
372	375
372	377
372	378
373	397
373	378
374	375
374	378
374	376
375	528
375	602
377	822
378	533
379	381
379	385
379	386
379	387
380	387
380	381
380	384
381	384
381	387
381	385
382	383
384	387
384	386
385	387
385	386
386	902
388	392
388	390
388	393
388	391
388	891
388	661
388	611
388	788
389	390
389	393
389	394
389	833
390	395
390	393
390	394
390	772
391	392
391	395
391	661
391	772
392	396
392	393
392	394
392	395
392	897
393	395
393	396
393	658
393	833
394	772
394	788
394	611
394	891
395	396
395	833
395	658
395	897
396	691
396	615
396	611
397	405
397	399
397	400
397	543
397	403
397	542
397	873
398	402
398	529
398	406
398	530
398	536
398	539
398	399
398	816
398	714
399	540
399	530
399	401
399	403
399	529
399	400
400	542
400	532
400	540
400	405
400	526
400	401
401	406
401	543
401	542
401	541
401	526
401	531
402	407
402	535
402	541
402	540
402	530
402	673
403	406
403	404
403	685
403	530
404	535
404	531
404	526
404	541
404	590
404	532
404	527
405	528
405	537
405	533
405	532
405	406
405	456
405	535
405	652
406	526
406	533
406	534
406	528
406	718
407	534
407	540
407	539
407	528
407	531
408	413
408	409
408	410
408	412
408	417
409	410
409	412
409	413
409	416
410	413
410	417
410	412
410	483
411	415
411	418
411	414
412	413
412	417
412	416
413	416
413	417
414	418
415	418
416	417
416	628
419	420
419	422
420	422
421	423
421	427
421	428
422	473
423	427
423	428
424	426
424	429
424	425
424	895
425	429
425	426
426	429
427	428
430	434
430	440
430	439
430	433
431	441
431	438
431	646
432	433
432	436
432	442
432	439
432	440
432	437
433	434
433	437
433	436
433	439
434	440
434	442
434	437
434	436
434	439
435	438
435	441
435	857
436	440
436	439
436	442
437	440
437	439
438	441
440	442
443	448
443	454
443	455
443	457
443	453
444	522
444	956
444	975
444	620
445	447
445	636
445	988
446	450
446	516
446	449
446	455
446	511
446	456
446	453
446	452
447	952
447	990
448	453
448	452
448	454
448	511
448	513
449	455
449	454
449	452
449	456
449	471
450	452
450	511
450	456
450	513
450	453
450	981
451	522
451	871
451	945
451	975
452	456
452	453
452	454
452	516
453	513
453	456
453	455
453	489
453	536
454	513
454	511
454	455
454	500
455	456
455	516
457	461
457	465
457	462
457	459
457	463
457	570
458	468
458	469
458	464
458	466
458	460
458	497
458	724
459	471
459	463
459	461
459	462
459	465
459	470
460	466
460	469
460	468
460	464
460	467
461	463
461	465
461	471
461	470
461	462
462	470
462	471
462	465
462	724
463	465
463	470
463	471
463	797
463	871
464	469
464	467
464	572
465	470
465	471
465	764
466	467
466	469
467	468
468	469
469	916
471	518
472	475
472	481
472	479
472	483
473	480
473	477
473	485
473	476
473	486
473	482
473	478
474	484
474	478
474	480
474	477
474	486
474	476
474	485
475	481
475	483
475	487
476	486
476	482
476	480
476	477
476	485
477	480
477	486
477	485
477	482
477	603
478	486
478	484
478	480
479	487
479	481
479	483
480	485
480	482
480	486
481	487
482	485
482	486
482	484
482	560
483	487
483	845
484	485
485	486
485	530
488	496
488	493
488	495
488	489
488	498
488	491
489	503
489	491
489	495
489	493
489	498
489	496
490	492
490	499
490	500
491	498
491	495
491	494
491	493
491	496
492	497
492	500
492	501
492	499
493	498
493	502
493	494
494	503
494	496
494	495
494	498
494	502
494	888
495	502
495	498
495	599
495	941
496	502
496	503
497	499
497	500
497	501
498	502
498	503
499	500
499	501
499	611
499	620
500	501
501	590
501	959
502	503
503	969
504	867
504	873
504	933
504	953
504	945
505	638
505	816
505	614
505	785
506	519
506	731
506	804
506	921
506	671
506	961
506	903
506	741
506	930
506	857
506	869
507	510
507	508
507	675
507	846
507	908
507	823
507	704
507	667
507	828
507	653
507	608
508	946
508	973
508	872
508	908
508	889
508	846
508	835
508	545
509	755
509	688
509	836
509	726
509	881
509	948
509	939
510	517
510	738
510	863
510	814
510	832
510	823
510	946
510	982
510	640
510	639
510	619
510	746
510	653
511	516
512	519
512	921
512	901
512	731
512	961
512	776
512	903
512	804
512	710
512	992
512	682
512	734
513	516
514	851
514	739
514	991
514	929
514	904
514	935
515	842
515	686
515	983
515	758
517	946
517	639
517	898
517	656
517	874
517	783
517	673
517	807
517	653
517	555
517	832
517	748
518	520
518	797
518	845
518	941
518	947
518	793
518	865
519	804
519	923
519	741
519	731
519	882
519	887
519	909
519	954
519	523
519	712
519	647
520	969
520	900
520	751
520	797
520	865
520	944
520	743
520	817
520	793
520	894
521	523
521	885
521	801
521	764
521	696
521	802
521	826
521	678
521	713
522	715
522	975
523	647
523	800
523	886
523	713
523	678
523	705
523	707
523	992
524	543
524	542
524	527
524	535
524	632
524	533
524	528
525	531
525	537
525	714
525	526
525	527
525	529
526	542
526	534
526	541
526	529
526	603
527	529
527	539
527	536
527	528
527	625
528	539
528	825
529	533
529	539
529	542
529	543
529	535
530	543
530	532
530	680
530	536
531	541
531	536
531	532
531	533
532	536
532	541
532	537
533	539
533	543
533	534
533	834
534	539
534	543
535	541
535	537
535	543
535	536
535	538
536	542
536	537
537	543
537	541
537	538
538	539
538	542
539	540
539	541
540	541
540	542
540	543
544	557
544	548
544	630
545	554
545	565
545	566
545	551
545	562
546	565
546	552
546	564
546	566
546	551
546	563
547	559
547	560
547	558
547	556
547	549
548	550
548	555
548	561
548	553
548	557
548	667
548	823
548	608
549	556
549	559
549	560
550	553
550	561
550	555
550	612
550	839
551	552
551	565
551	562
551	564
551	566
551	554
551	707
552	564
552	554
552	563
552	562
553	561
553	557
553	704
553	898
554	566
554	562
554	564
555	561
555	557
555	748
555	862
556	560
556	558
556	559
556	703
557	561
557	807
558	559
559	560
561	835
562	566
562	565
562	564
563	565
563	564
564	566
565	566
567	570
567	580
567	588
567	571
567	592
567	600
567	890
568	601
568	583
568	586
568	574
568	603
568	590
569	573
569	580
569	577
569	578
569	602
569	603
569	598
570	575
570	589
570	599
570	594
570	595
571	575
571	925
571	582
571	586
571	577
572	584
572	585
572	576
572	593
572	600
572	580
572	589
572	574
573	579
573	602
573	595
573	580
573	576
573	593
574	582
574	600
574	593
574	599
575	597
575	603
575	585
576	584
576	590
576	583
576	587
576	598
576	586
577	584
577	601
577	593
577	598
577	940
578	586
578	587
578	601
578	598
578	600
579	588
579	592
579	602
579	580
579	585
579	581
579	600
579	583
579	603
580	597
580	603
581	596
582	588
582	597
582	594
582	590
582	586
582	587
583	595
583	598
583	599
583	584
584	603
584	592
584	587
584	597
585	602
585	595
585	589
586	587
586	593
586	597
587	601
587	592
587	590
587	595
587	588
588	589
588	601
589	594
589	600
589	795
589	592
590	593
590	595
591	596
591	609
592	601
592	603
593	594
593	595
593	603
593	602
594	601
594	662
595	601
595	602
598	601
598	599
599	600
604	976
604	848
604	945
604	917
604	812
604	733
604	620
605	735
605	927
605	677
605	664
605	792
605	850
605	957
605	811
605	729
606	953
606	728
606	933
606	928
606	922
607	876
608	612
608	946
608	823
608	997
608	708
609	646
609	704
609	783
609	874
609	862
609	832
609	639
609	679
610	920
610	870
610	951
610	652
610	724
610	666
610	950
610	858
611	856
611	615
611	772
611	897
611	648
611	891
611	630
611	691
612	639
612	908
612	823
612	640
612	839
612	653
612	673
612	814
612	919
612	646
612	738
612	667
613	699
613	863
613	738
613	679
613	862
613	946
613	898
613	646
614	765
614	638
614	795
614	632
615	856
615	897
615	658
615	768
615	630
615	660
615	974
615	648
616	816
616	765
617	971
617	998
617	895
617	877
617	657
617	695
617	879
617	723
617	961
617	647
618	812
618	955
618	976
618	848
618	987
618	690
618	733
618	917
618	620
618	715
619	814
619	846
619	982
619	862
619	964
619	946
619	832
619	738
620	875
620	715
620	690
620	812
620	753
620	914
620	871
620	945
620	848
620	956
620	987
621	967
621	696
621	890
621	657
621	815
621	912
621	800
621	826
621	802
621	804
621	954
622	839
622	653
622	964
622	667
622	699
622	898
622	862
622	640
622	919
622	738
622	673
622	828
622	946
622	704
622	820
623	717
623	822
623	701
623	803
623	858
623	960
624	912
624	967
624	930
624	986
624	913
625	896
625	808
625	706
625	742
625	726
625	818
625	970
625	688
625	687
625	838
625	911
625	939
625	824
626	838
626	818
626	939
626	824
626	934
626	706
626	948
626	836
626	726
627	680
627	796
627	798
627	847
627	949
628	798
628	796
628	799
628	635
628	740
628	829
628	995
628	770
629	990
629	900
629	743
629	751
629	969
629	843
629	878
630	768
630	648
630	658
630	691
630	897
630	772
631	689
631	820
631	985
631	972
632	785
632	810
632	765
632	888
632	663
633	653
633	823
633	748
633	828
633	699
633	708
633	863
633	835
634	865
634	958
634	878
634	979
634	797
634	990
634	941
634	763
634	751
635	966
635	770
635	796
635	834
635	693
635	905
635	727
635	740
635	829
635	744
635	766
636	988
636	952
636	643
637	723
637	965
637	938
637	703
637	860
637	890
637	943
637	707
637	912
637	705
637	887
637	781
637	731
637	678
638	795
638	785
639	828
639	832
639	708
639	964
639	839
639	823
639	946
640	846
640	656
640	814
640	699
640	919
640	889
641	953
641	698
641	683
641	728
641	933
641	873
641	963
642	952
642	988
642	643
643	988
643	952
644	870
644	907
644	910
644	746
644	750
644	652
645	710
645	887
645	734
645	779
645	741
645	671
645	967
645	965
645	657
645	886
645	998
646	748
646	862
646	807
646	823
646	738
646	946
647	998
647	879
647	769
647	712
647	977
647	707
647	703
647	890
647	943
648	830
648	660
648	918
648	768
648	974
648	661
648	788
649	754
649	652
649	724
649	666
649	750
649	870
650	849
650	676
650	777
650	841
651	924
651	950
651	861
652	907
652	666
652	709
652	750
652	951
652	754
653	889
653	846
653	704
653	872
653	982
653	863
653	946
653	794
654	892
654	780
655	742
655	806
655	838
655	818
655	755
655	822
656	973
656	675
656	889
656	919
656	832
656	964
656	708
656	898
656	748
656	862
657	967
657	857
657	723
657	965
657	695
657	764
657	869
657	879
657	678
657	712
657	887
657	734
657	909
658	772
658	833
658	918
658	768
658	830
658	856
658	691
658	897
659	994
659	714
659	937
659	719
659	880
659	827
659	984
659	717
660	691
660	830
660	891
660	974
660	788
660	661
661	974
661	691
662	672
662	942
662	837
662	859
662	848
663	785
663	795
664	730
664	735
664	729
664	721
664	957
664	711
664	792
664	767
665	725
665	809
665	701
665	858
665	994
665	880
665	868
666	907
666	724
666	920
667	862
667	675
667	699
667	946
667	846
668	757
668	936
668	876
668	915
668	926
669	972
669	820
669	985
669	689
670	825
670	827
670	960
670	778
670	940
670	803
670	968
671	779
671	710
671	961
671	776
671	923
671	890
672	902
672	756
672	837
672	942
673	846
673	675
673	828
673	946
673	814
674	700
674	866
675	832
675	835
675	748
675	839
675	919
675	807
675	828
676	841
676	777
676	849
676	774
677	805
677	735
677	927
677	957
677	899
677	752
677	767
677	931
678	885
678	998
678	707
678	954
678	705
678	930
678	961
678	913
679	862
679	823
679	973
679	874
679	982
679	704
679	814
679	794
680	949
680	782
680	798
680	799
680	720
680	829
680	962
681	895
681	938
681	967
681	695
681	930
681	913
681	977
681	722
681	764
681	921
681	853
681	781
682	741
682	804
682	921
682	779
682	887
682	903
682	992
682	852
682	882
682	789
683	933
683	873
683	698
683	840
683	883
683	728
684	773
684	714
684	827
684	880
684	790
684	984
684	725
684	737
684	960
684	968
685	861
685	924
685	950
685	745
685	880
685	916
686	842
686	758
687	838
687	755
687	742
687	688
687	934
687	948
687	808
687	726
687	939
688	726
688	932
688	896
688	838
688	948
688	706
688	836
689	985
689	820
690	906
690	987
690	759
690	999
690	976
690	848
690	812
690	715
690	733
690	874
691	918
691	772
691	788
691	833
691	897
692	959
692	754
692	907
692	920
692	910
692	702
693	962
693	834
693	819
693	995
693	720
693	727
694	893
694	980
694	716
694	775
695	895
695	815
695	769
695	801
695	696
695	998
695	992
696	938
696	703
696	954
696	705
696	801
696	986
696	913
696	800
696	909
696	852
696	903
696	877
697	899
697	792
697	767
697	729
697	931
697	811
697	721
697	957
697	752
698	840
698	928
698	883
698	963
698	953
698	867
698	873
699	964
699	908
699	748
699	738
699	863
699	835
699	823
699	783
699	794
700	771
700	866
701	786
701	778
701	825
701	790
701	803
701	719
702	775
702	893
702	716
702	980
703	886
703	965
703	781
703	998
703	815
703	713
704	982
704	898
704	807
704	823
704	828
704	919
704	889
704	862
704	832
704	997
704	846
705	954
705	967
705	912
705	930
705	712
705	909
705	713
705	961
705	943
705	722
706	939
706	742
706	838
706	755
706	744
706	824
707	815
707	712
707	943
708	997
708	794
708	846
708	835
709	750
709	959
709	754
709	724
709	920
709	746
709	907
710	741
710	923
710	921
710	961
710	731
710	903
710	901
710	779
710	967
711	767
711	899
711	811
711	721
711	850
711	729
711	931
711	957
711	730
711	927
711	805
712	886
712	998
712	760
712	971
712	826
712	869
712	895
712	722
712	800
712	779
713	722
713	954
713	895
713	826
713	965
713	903
714	825
714	717
714	858
714	993
714	737
714	773
715	917
715	759
715	761
715	848
715	999
715	718
715	975
715	775
715	812
716	789
716	893
717	747
717	786
717	868
717	773
717	994
718	914
718	884
718	733
718	753
718	875
718	945
718	956
718	976
718	761
719	773
719	859
719	858
719	978
719	994
719	868
719	960
719	968
719	822
719	786
720	766
720	829
720	925
720	834
720	966
721	729
721	957
721	792
721	811
721	931
721	805
721	730
722	764
722	869
722	855
722	943
722	909
722	954
722	879
723	852
723	769
723	869
723	912
723	857
723	965
723	930
724	746
724	959
724	787
725	859
725	737
725	940
725	786
725	822
725	825
725	778
725	736
726	881
726	744
726	911
726	818
726	934
726	836
727	834
727	782
727	962
727	796
727	966
728	867
728	963
728	840
728	928
729	957
729	792
729	811
729	931
729	899
729	767
730	805
730	752
730	957
730	931
731	887
731	804
731	741
731	901
731	923
731	734
731	961
732	979
732	990
732	947
732	843
732	894
733	761
733	987
733	906
733	914
733	976
733	917
733	945
733	875
733	956
733	812
734	887
734	741
734	882
734	776
734	923
734	903
734	779
734	869
735	752
735	805
735	767
735	811
736	940
736	978
736	803
736	937
736	773
736	809
736	994
736	778
737	809
737	868
737	994
737	984
738	872
738	889
738	973
738	898
738	814
739	935
739	981
739	991
740	962
740	847
740	796
740	905
740	834
740	770
741	961
741	868
742	970
742	838
742	881
742	939
742	744
742	948
742	808
742	818
743	817
743	751
743	797
743	854
743	947
743	979
743	793
743	900
743	763
744	755
744	808
744	836
744	939
744	932
744	934
744	896
744	824
744	881
744	846
745	950
745	844
745	916
745	924
746	787
746	870
746	951
746	907
747	978
747	859
747	825
748	874
748	982
748	862
748	919
748	807
748	846
748	973
748	898
750	870
750	910
750	754
750	959
750	951
751	843
751	944
751	865
751	990
751	958
751	900
751	845
751	793
752	805
753	906
753	761
753	975
753	884
753	976
753	955
753	945
753	999
753	917
753	914
754	910
754	920
755	948
755	824
755	932
755	970
755	818
755	911
755	939
755	987
756	902
757	926
757	831
757	813
758	842
759	871
759	956
759	812
759	906
759	761
759	884
759	976
759	955
759	987
759	875
760	967
760	977
760	986
760	971
760	930
760	769
761	955
761	906
761	917
761	975
761	871
761	875
761	884
761	812
761	956
761	848
762	926
762	864
762	936
762	831
763	843
763	845
763	900
763	941
763	944
763	990
763	854
763	979
763	793
764	977
764	879
764	776
765	816
765	785
765	795
766	925
766	799
766	798
766	989
766	770
767	792
767	811
767	899
767	931
768	830
768	788
768	897
768	974
768	918
769	895
769	954
769	971
770	949
770	905
770	829
770	791
770	782
770	995
771	866
772	891
772	788
773	968
773	993
773	937
773	803
773	825
773	960
773	888
774	841
774	777
775	980
775	784
776	961
776	992
776	887
776	923
776	886
776	912
777	841
777	849
778	827
778	940
778	978
778	859
779	992
779	887
779	965
780	892
781	986
781	860
781	913
781	890
781	852
782	819
782	925
783	863
783	982
783	814
783	964
783	889
783	973
783	794
783	839
784	893
784	980
785	810
785	888
786	825
786	978
786	827
786	880
786	859
786	937
787	870
787	907
787	951
787	956
788	833
788	856
788	830
788	918
788	974
789	875
790	968
790	993
791	829
791	995
791	949
791	798
791	819
792	850
792	957
792	811
792	931
792	899
793	865
793	969
793	797
794	835
794	823
794	863
794	832
794	997
794	973
795	816
795	810
796	989
796	966
796	847
796	962
796	834
796	925
797	979
797	958
797	944
797	969
797	843
797	900
798	905
799	925
799	995
799	962
799	966
799	829
799	905
799	819
800	965
800	852
801	802
801	853
801	943
801	857
802	954
802	885
802	815
802	853
802	857
802	977
803	880
803	868
803	937
803	825
803	809
804	882
804	860
805	927
806	838
806	836
806	911
806	896
806	932
806	939
807	828
807	832
807	872
807	835
808	824
808	934
808	838
809	968
809	868
809	858
809	960
810	888
811	957
811	899
811	931
812	955
812	975
812	871
812	945
812	987
812	875
813	915
813	926
814	919
814	973
814	889
814	997
814	839
815	895
815	877
815	852
815	965
817	990
817	865
817	944
817	941
817	979
818	948
818	970
819	989
819	905
819	925
819	847
819	966
820	985
821	942
821	902
822	859
822	994
822	978
822	993
822	868
823	874
823	839
823	832
823	964
824	970
824	948
824	896
824	932
826	852
826	943
826	885
827	984
827	968
827	993
828	919
828	839
828	997
828	835
828	889
828	898
828	874
829	995
829	966
829	905
829	989
829	854
830	974
831	936
831	864
831	926
832	889
832	872
832	898
833	856
833	918
834	995
834	925
835	946
836	838
837	969
837	881
837	907
838	932
838	896
838	911
838	881
839	846
839	964
839	872
839	908
839	946
840	867
840	953
841	849
842	983
843	900
843	845
843	894
843	941
843	990
843	878
843	958
843	947
844	916
844	950
844	861
845	958
845	878
845	894
845	947
845	941
846	872
846	982
846	898
846	964
847	962
847	949
847	994
848	875
848	956
848	906
848	955
848	999
848	884
848	914
848	917
850	899
850	931
850	926
851	996
851	929
851	981
851	935
851	991
852	877
852	998
852	869
852	895
852	954
852	992
853	909
853	930
854	941
854	944
854	990
855	943
855	877
855	930
855	912
856	891
857	943
857	977
857	912
857	986
857	890
858	968
859	994
859	993
859	984
859	940
860	967
860	943
860	909
860	965
860	986
860	938
860	886
861	916
861	950
862	874
862	982
862	908
863	919
863	964
863	997
863	908
864	936
865	878
865	990
865	941
867	933
867	953
867	883
867	963
868	960
868	984
868	978
868	993
868	968
868	880
869	938
869	909
869	886
870	910
871	875
871	976
871	917
871	906
871	956
872	874
872	908
873	953
873	933
874	946
874	973
875	955
875	884
875	906
875	956
875	999
876	936
877	971
877	885
877	930
877	943
877	977
878	894
879	971
879	998
879	890
879	965
879	943
880	960
880	993
881	948
881	934
881	896
882	923
884	945
884	917
884	987
884	975
884	999
884	914
885	998
885	945
886	938
887	901
887	992
887	903
889	973
889	919
889	997
889	908
890	998
891	918
891	897
893	980
894	941
894	947
894	990
894	900
894	979
894	958
895	965
895	977
896	934
897	974
897	918
898	982
898	964
899	957
899	931
900	941
901	903
901	921
901	967
902	942
903	961
903	921
903	938
903	986
904	991
905	989
905	993
906	945
906	917
906	955
906	976
906	914
906	999
907	920
909	912
909	965
909	998
910	959
910	951
910	920
911	934
911	932
912	930
912	943
913	977
913	921
913	930
913	965
914	945
914	956
914	955
914	999
914	975
915	926
915	936
916	924
917	999
917	976
917	945
917	975
919	964
919	997
920	959
921	992
921	923
923	992
923	930
923	954
924	950
925	949
925	966
928	963
929	996
929	935
930	998
932	970
933	953
934	970
934	939
935	981
937	978
937	948
938	965
938	967
939	948
939	970
943	986
945	999
946	973
946	964
946	982
947	990
947	958
949	995
951	959
953	963
955	956
955	987
955	976
955	999
956	976
956	999
956	975
956	987
958	969
964	997
966	989
967	977
968	994
968	978
969	979
972	985
975	976
975	987
976	987
976	999
977	986
977	998
981	996
982	997
987	999
991	996
