0	916
0	857
0	826
0	663
0	595
0	774
0	893
0	772
1	800
1	732
1	847
1	871
1	961
1	872
1	896
1	306
1	657
2	965
2	673
2	748
2	578
2	814
2	99
3	766
3	829
3	562
3	832
3	527
4	822
4	715
4	527
4	758
4	866
4	877
4	860
4	856
5	629
5	762
5	768
6	962
6	884
6	755
6	637
7	187
8	12
8	9
9	13
10	12
10	373
11	13
12	434
12	872
13	970
14	19
14	15
14	24
14	568
15	20
15	17
15	396
16	19
17	20
17	18
17	24
18	20
18	23
18	22
18	19
19	21
19	26
21	27
21	24
21	243
21	937
22	25
22	26
22	27
23	27
23	489
23	997
24	27
24	25
25	27
25	197
26	27
26	805
26	838
28	53
29	31
29	30
29	32
29	34
29	621
30	854
31	214
31	94
32	880
32	770
33	39
33	790
33	775
35	38
35	163
35	630
36	152
37	368
37	41
37	552
38	128
38	40
38	337
39	41
41	695
41	706
42	48
42	255
43	46
43	920
44	140
44	804
45	363
45	498
45	303
45	633
46	47
47	374
47	392
47	846
48	414
48	933
48	890
49	54
50	56
50	323
50	974
51	52
52	54
53	54
54	358
54	193
54	719
55	63
56	60
57	62
57	661
57	618
58	60
58	59
59	472
60	212
60	382
61	145
61	62
61	612
63	69
63	560
63	746
64	235
64	69
64	346
65	69
65	972
66	69
66	824
67	223
68	151
70	76
70	269
70	74
70	267
71	75
71	76
71	267
71	268
71	271
72	270
72	75
72	272
72	73
72	169
73	74
73	268
73	272
73	266
73	657
74	270
74	75
75	267
75	268
75	269
76	271
76	267
76	272
77	80
77	83
78	83
79	172
80	852
81	83
82	300
82	992
83	432
83	750
83	928
84	89
84	88
85	496
85	570
86	87
86	566
86	687
87	398
87	342
87	371
88	350
89	471
89	131
89	377
89	987
90	191
90	433
90	518
91	95
91	306
92	94
92	95
92	840
93	97
93	96
94	362
94	798
95	428
96	118
96	966
97	315
97	367
97	537
97	968
97	982
98	100
99	100
100	785
101	104
101	572
102	104
102	103
104	829
105	157
105	111
105	424
105	893
106	385
106	110
106	135
106	658
107	358
108	111
109	284
111	180
112	115
113	116
113	117
114	237
114	703
115	175
115	582
116	129
116	546
118	818
119	158
119	668
120	361
120	125
121	313
121	656
122	123
122	160
122	799
123	259
124	179
124	289
126	131
126	638
127	131
128	195
128	544
130	366
131	132
131	181
131	789
132	962
133	137
133	635
134	138
134	137
134	589
135	940
136	414
136	617
136	967
137	139
138	477
138	441
139	548
140	142
140	143
140	332
140	961
141	186
141	142
141	971
142	144
142	145
143	650
143	707
146	281
146	834
147	160
147	150
148	150
148	182
149	152
149	151
149	153
149	287
150	299
151	831
152	153
154	158
154	753
155	250
155	156
156	158
156	704
156	952
158	276
158	266
159	191
159	308
159	575
159	718
161	165
162	164
163	164
163	166
164	167
167	956
168	171
169	174
169	170
169	171
170	173
171	172
171	898
171	990
172	207
172	558
172	945
173	415
173	724
174	381
175	178
176	180
177	260
178	181
179	181
179	930
179	807
181	290
182	183
182	186
182	447
182	825
184	185
184	837
185	187
185	724
187	188
187	534
189	194
189	683
190	192
190	764
191	250
191	192
191	195
191	700
192	202
192	644
193	194
193	708
195	841
196	197
196	202
196	198
196	868
197	202
197	198
198	202
198	567
199	201
199	200
199	306
200	201
203	208
203	554
204	209
204	205
204	206
206	777
207	209
208	788
208	791
210	288
210	212
211	215
212	215
212	236
212	884
213	216
214	216
215	329
215	782
216	862
217	219
217	440
218	220
218	221
218	223
219	352
222	223
223	821
224	227
224	228
224	641
225	226
226	227
227	359
229	321
229	622
230	393
231	232
232	237
233	237
234	235
236	773
236	707
238	244
238	675
238	986
239	240
239	241
240	243
240	967
241	244
241	361
241	891
242	244
245	251
245	248
245	341
245	906
246	249
246	815
247	251
247	532
248	842
249	250
250	410
250	376
250	732
252	257
252	645
254	722
255	256
255	723
256	258
256	941
256	881
259	263
259	471
260	327
260	338
261	265
262	377
263	468
263	264
264	463
264	474
265	337
265	702
266	267
266	268
266	270
266	269
267	269
267	270
267	272
268	269
268	272
268	543
269	270
270	271
273	279
273	275
274	499
274	278
274	998
276	277
276	279
277	911
278	697
279	720
280	286
281	285
281	283
282	286
282	593
282	698
283	286
284	285
284	798
284	855
285	286
285	421
286	514
287	298
287	981
288	291
288	293
290	848
292	466
294	354
295	299
296	420
296	521
297	299
298	988
299	522
300	406
301	304
301	302
302	303
302	307
302	304
302	306
303	304
303	305
303	306
303	307
303	675
304	307
304	305
304	541
304	606
305	306
305	307
305	959
306	307
306	580
306	608
306	692
307	992
308	630
309	315
309	314
310	313
310	311
310	820
311	583
311	996
312	314
312	644
313	351
313	726
314	481
316	321
317	323
317	321
317	384
318	319
319	320
319	413
321	322
322	330
323	993
324	331
324	327
324	607
324	690
325	328
325	331
326	396
326	599
327	875
331	588
332	334
335	339
335	502
336	338
336	801
337	339
340	342
340	717
341	345
342	343
344	378
345	347
345	473
346	504
347	946
348	350
349	351
349	354
350	355
351	360
351	454
352	353
352	579
356	360
357	363
358	362
358	430
359	452
360	931
361	363
363	410
364	365
365	413
365	369
365	448
366	369
366	466
368	369
369	444
372	373
372	378
372	446
372	768
374	379
374	673
374	816
375	379
375	542
375	906
377	718
378	379
380	384
381	383
381	677
382	387
383	385
383	574
384	386
384	595
385	387
386	690
387	449
388	392
388	512
389	394
390	392
390	443
390	490
391	396
393	470
393	395
393	778
394	396
395	477
395	697
396	511
396	813
397	402
398	400
399	405
399	401
400	401
400	405
402	404
402	403
402	530
404	405
404	902
406	441
406	408
407	411
409	411
410	411
411	412
411	691
411	806
412	812
413	864
413	792
416	423
416	419
417	422
417	418
418	614
419	460
421	422
423	475
425	429
425	426
425	743
425	604
426	784
427	430
428	429
428	431
431	766
432	877
432	587
434	439
435	442
435	557
436	438
437	442
438	439
438	442
439	850
440	857
442	696
442	898
444	452
444	620
444	540
445	450
446	760
446	802
450	495
451	452
451	524
453	460
453	457
454	462
454	978
455	457
455	456
456	692
457	461
458	463
459	460
459	563
464	505
464	861
465	470
465	519
466	670
467	474
468	469
469	471
469	470
471	699
474	928
475	479
475	484
476	478
476	483
477	479
477	485
477	491
477	752
478	482
478	480
479	814
480	482
480	688
481	907
483	734
484	915
485	780
486	489
487	492
488	490
488	489
489	494
490	493
490	852
491	497
492	498
494	496
499	514
500	502
500	503
500	626
501	505
503	646
505	512
505	968
506	509
507	515
507	520
508	518
508	510
509	512
512	515
513	518
513	516
517	518
521	627
521	722
522	616
522	929
522	939
522	570
522	621
522	848
522	965
523	833
523	679
523	710
523	820
523	929
523	538
523	888
523	831
523	928
524	969
524	899
524	852
525	750
525	555
525	837
525	574
525	958
525	865
525	594
526	879
526	631
526	829
526	562
526	625
527	931
527	844
527	773
527	817
528	978
528	604
528	836
528	913
528	950
528	975
528	740
528	905
529	930
529	983
529	681
529	772
529	770
529	878
530	814
530	587
530	896
530	673
530	802
530	544
530	918
530	941
530	644
530	798
531	902
531	987
531	619
531	808
531	741
531	761
531	735
531	873
532	564
532	890
532	841
532	926
532	665
533	982
533	596
533	870
533	955
533	953
533	626
533	601
533	972
533	888
533	970
533	875
533	690
533	951
533	655
533	666
533	947
533	838
534	556
534	596
534	953
534	694
534	673
534	686
534	795
535	603
535	934
535	916
535	858
535	776
535	775
536	778
536	841
536	740
536	816
536	890
536	963
537	723
537	765
537	651
537	804
537	880
537	595
537	728
538	650
538	677
538	897
538	696
538	641
538	990
538	614
538	717
538	542
538	729
538	846
539	878
539	704
539	886
539	685
540	941
540	753
540	943
540	996
540	724
540	616
540	548
540	641
541	818
541	828
541	961
541	687
541	951
541	641
541	997
541	560
541	881
541	943
541	654
541	688
541	711
541	996
542	928
542	799
542	996
542	971
542	643
542	919
542	760
542	702
542	937
542	729
542	566
542	961
542	623
542	847
543	567
543	831
543	835
543	587
543	700
543	969
543	746
543	779
543	598
543	982
543	936
543	733
543	838
543	968
544	835
544	660
544	690
544	687
544	965
544	617
544	825
544	746
544	646
544	811
545	720
545	703
545	893
545	683
545	987
545	713
545	639
545	695
546	630
546	889
546	898
546	992
546	654
546	779
546	787
546	687
546	855
546	552
546	746
546	756
547	846
547	560
547	690
547	872
547	940
547	608
547	673
547	782
547	686
548	784
548	899
548	988
548	929
548	795
548	787
548	739
548	729
548	666
548	579
548	660
548	610
548	887
549	608
549	908
549	820
549	734
549	861
549	995
549	699
549	584
549	887
549	653
550	776
550	683
550	720
550	837
551	612
552	779
552	654
552	798
552	660
552	607
552	920
552	673
552	657
552	889
552	971
552	652
553	881
553	618
553	726
553	929
553	825
553	568
553	969
554	789
554	834
554	557
554	782
555	609
555	958
555	736
555	900
555	620
555	634
556	588
556	833
556	941
556	928
556	630
556	621
556	972
556	991
556	653
556	870
557	578
557	997
557	848
557	996
557	793
557	823
558	775
558	777
558	600
558	910
558	574
558	751
558	904
558	636
559	571
559	836
559	771
559	645
559	721
560	952
560	914
560	990
560	687
560	710
560	855
560	925
560	598
560	568
561	863
561	954
561	670
561	727
561	876
561	981
561	633
561	826
561	754
561	851
561	807
561	747
561	761
562	844
562	804
562	880
562	594
562	821
562	983
562	647
563	921
563	756
563	760
563	914
563	965
563	919
563	970
563	997
563	924
564	809
564	771
564	645
564	975
564	680
565	598
565	966
565	961
565	898
565	996
565	588
565	748
565	818
565	896
565	834
565	635
565	679
565	616
566	678
566	939
566	831
566	578
566	690
566	673
566	733
566	929
567	700
567	898
567	638
567	666
567	667
567	846
567	802
568	953
568	907
568	823
568	667
568	598
568	587
568	949
568	617
568	749
568	666
568	646
568	586
568	929
568	588
568	947
569	751
569	824
569	934
569	958
569	636
569	805
569	927
569	954
569	576
569	651
569	767
570	908
570	830
570	995
570	702
570	784
570	606
570	945
570	675
570	738
570	586
570	964
570	812
571	957
571	905
571	963
571	836
571	978
571	960
572	686
572	598
572	968
572	818
572	875
572	869
572	780
572	834
572	679
572	881
572	845
573	584
573	848
573	828
573	818
573	738
574	858
574	958
574	916
575	706
575	633
575	597
575	956
575	719
575	804
575	877
575	640
575	741
575	735
575	668
575	715
576	609
576	661
576	877
576	737
576	958
576	736
576	725
576	878
576	705
577	788
577	954
578	782
578	787
578	971
578	897
578	988
579	789
579	749
579	984
579	785
579	654
579	992
579	887
579	657
579	710
579	746
579	820
579	757
580	899
580	677
580	921
580	967
580	918
580	810
580	610
580	654
580	717
580	649
580	581
581	678
581	649
581	818
581	906
581	802
581	972
582	804
582	703
582	642
582	681
582	659
582	857
582	605
583	956
583	817
583	735
583	902
583	979
583	703
583	639
583	917
583	743
583	691
583	821
584	888
584	697
584	855
584	601
584	912
584	780
584	881
584	996
584	744
584	692
585	998
585	841
585	771
585	978
585	975
585	950
586	951
586	969
586	929
587	635
587	990
587	813
587	764
587	779
587	969
587	748
587	687
587	838
587	641
588	674
588	711
588	699
588	734
588	812
588	933
588	749
588	596
588	986
588	700
588	786
589	750
589	959
589	655
590	877
590	767
590	865
590	979
590	851
590	803
590	948
590	663
591	803
591	663
591	716
591	856
591	701
591	747
591	954
591	752
591	910
591	886
592	660
592	855
592	756
592	734
592	749
592	919
592	925
592	764
592	986
592	694
592	598
593	927
593	615
593	865
593	930
594	722
594	625
594	728
594	817
594	693
594	854
594	989
594	663
594	934
595	647
595	879
595	672
595	651
596	986
596	845
596	729
596	782
596	617
596	786
596	694
596	940
596	649
597	736
597	602
597	922
597	620
597	658
597	931
597	817
597	622
597	791
597	894
597	866
598	784
598	748
598	961
598	823
598	717
598	726
598	800
599	897
599	654
599	933
599	830
599	815
599	840
599	929
599	997
599	738
599	834
599	798
599	641
599	966
599	660
599	891
599	699
599	869
600	973
600	874
600	681
600	605
600	642
600	663
600	631
601	696
601	875
601	951
601	646
601	947
601	901
601	613
601	700
601	799
601	852
601	673
601	831
601	988
602	634
602	807
602	685
602	883
603	956
603	803
603	989
603	853
603	863
603	931
603	922
603	983
603	730
603	942
604	676
604	648
604	771
605	720
605	981
605	754
605	874
606	756
606	825
606	988
606	891
606	690
606	831
606	861
607	613
607	784
607	825
607	955
607	933
607	650
607	655
607	842
607	799
607	831
607	711
608	711
608	924
608	972
608	943
608	936
608	733
608	812
608	833
608	872
608	992
608	964
608	820
609	826
609	893
609	895
609	917
609	759
609	619
610	906
610	982
610	908
610	867
610	710
610	996
610	614
610	943
610	972
610	795
610	889
610	850
611	776
611	934
611	752
611	866
611	927
611	691
611	948
612	793
612	624
612	864
612	935
612	712
613	887
613	641
613	692
613	646
613	687
613	812
614	991
614	982
614	678
614	814
614	881
614	757
614	674
614	943
614	726
614	746
614	815
614	908
615	709
615	883
615	684
615	884
615	822
615	895
615	728
615	804
615	663
615	893
616	919
616	644
616	835
616	955
616	653
616	818
616	733
616	679
616	697
616	779
616	632
616	918
616	787
617	971
617	764
617	667
617	995
617	881
617	802
617	830
617	810
617	932
617	674
617	753
618	850
618	744
618	964
618	783
618	812
618	643
619	772
619	745
619	857
619	797
620	705
620	788
620	873
620	777
620	999
621	920
621	965
621	674
621	997
621	952
621	785
621	820
621	915
621	799
621	823
621	798
621	898
621	964
621	753
622	691
622	719
622	714
622	866
622	948
622	766
622	805
622	962
622	938
623	929
623	688
623	802
623	967
623	823
623	653
623	666
623	813
623	846
623	887
623	760
623	779
623	906
623	899
624	903
624	935
624	794
624	655
625	728
625	902
625	883
625	864
626	657
626	901
626	984
626	749
626	652
626	887
626	779
626	840
627	977
627	930
627	796
627	832
627	981
627	770
627	923
627	728
628	680
628	885
628	676
628	905
628	781
629	805
629	849
629	639
629	999
629	631
630	820
630	744
630	861
630	972
630	968
630	891
630	835
630	924
630	692
630	643
631	821
632	986
632	933
632	815
632	692
632	891
633	849
633	772
633	837
633	766
634	661
634	805
634	879
635	912
635	785
635	968
635	746
635	982
635	696
635	744
635	760
635	674
636	752
636	884
636	832
636	863
636	981
636	661
636	773
636	797
637	743
637	773
637	796
637	866
637	851
637	668
637	763
638	779
638	855
638	899
638	949
638	787
638	842
638	964
638	835
639	670
639	684
639	751
639	685
639	770
639	815
640	987
640	670
640	705
640	819
640	796
640	737
640	948
641	891
641	744
641	988
641	982
641	783
641	861
641	667
642	993
642	743
642	821
642	862
642	713
642	647
643	994
643	779
643	875
643	869
643	818
643	971
643	947
643	901
643	738
644	840
644	887
644	943
645	836
646	687
646	845
646	654
646	818
646	842
646	992
646	764
646	888
646	834
647	922
647	900
647	709
647	878
647	716
647	942
647	758
647	664
647	705
647	745
648	809
648	909
648	885
649	818
649	675
649	908
649	889
649	835
649	686
650	945
650	951
650	702
650	912
651	868
651	791
651	804
651	684
652	655
652	840
652	828
652	825
652	951
652	947
652	696
652	679
652	835
652	928
652	729
653	966
653	887
653	835
653	899
653	702
653	694
653	896
653	955
653	833
653	915
654	881
654	782
654	953
654	732
654	964
654	991
654	812
655	940
655	783
655	911
655	898
655	687
655	785
655	966
655	686
655	818
656	892
656	934
656	839
656	703
656	853
657	966
657	898
657	667
657	984
657	986
657	692
657	717
657	785
658	743
658	761
658	792
658	670
658	671
659	958
659	790
659	989
659	742
660	896
660	815
660	679
660	840
660	785
660	936
660	965
661	750
661	853
662	754
662	993
662	723
662	719
662	837
663	876
663	752
663	747
663	880
663	832
664	684
664	797
665	778
665	680
665	859
665	985
666	925
666	996
666	799
666	800
666	940
666	875
666	812
667	966
667	991
667	881
667	800
667	867
668	804
668	981
668	868
668	763
668	849
668	713
669	750
669	878
669	727
669	792
669	956
669	728
669	877
670	691
670	741
670	747
670	942
670	790
670	796
670	725
671	808
671	962
671	747
671	934
672	902
672	989
672	886
673	734
673	943
673	687
673	699
674	920
674	901
674	724
674	984
674	785
675	901
675	764
675	700
675	820
675	988
675	760
676	909
676	680
676	721
677	996
677	802
677	696
677	995
677	786
677	920
677	784
677	831
677	870
677	921
677	955
677	861
677	700
677	966
677	783
677	744
678	748
678	951
678	939
678	994
678	697
678	801
678	997
678	739
678	738
678	918
679	845
679	919
679	686
679	710
679	920
679	941
679	966
679	699
680	913
680	771
680	909
680	975
680	926
681	804
681	999
681	759
681	917
681	776
681	752
682	740
682	960
682	827
682	859
683	693
683	974
684	839
684	974
684	807
684	999
684	754
684	860
685	755
685	844
685	706
685	797
685	826
685	981
685	742
686	928
686	823
686	780
686	967
686	855
687	968
687	901
687	785
687	746
688	961
688	870
688	764
688	964
688	986
688	710
688	899
688	911
688	842
689	793
689	864
689	712
689	923
690	831
690	936
690	799
690	955
690	867
690	929
690	818
691	930
691	762
691	819
691	715
691	959
691	910
692	724
692	783
692	818
692	953
692	936
692	933
693	839
693	958
693	774
693	727
693	900
693	709
693	854
694	744
694	924
694	848
694	717
694	971
694	810
695	832
695	923
696	806
696	871
696	840
696	869
696	726
696	951
697	815
697	753
697	818
698	841
698	836
699	947
699	928
699	965
699	780
699	800
699	729
699	997
699	937
699	887
700	952
700	852
701	876
701	865
702	932
702	887
702	889
702	812
702	830
702	936
702	846
702	906
702	786
703	773
703	796
703	797
703	976
703	705
703	882
704	931
704	772
704	922
705	767
705	895
705	879
705	713
706	829
706	735
706	857
707	937
707	845
707	941
707	949
707	782
708	990
708	842
708	951
708	780
708	919
708	798
708	779
709	895
709	849
709	776
709	868
709	755
710	970
710	915
710	789
710	947
711	965
711	744
711	920
711	970
711	881
711	995
711	732
711	861
711	729
712	864
712	793
712	903
713	873
713	822
713	730
714	904
715	737
715	773
715	770
715	958
715	902
715	900
716	877
716	768
716	767
716	959
716	956
716	958
717	908
717	848
717	749
717	861
717	852
717	810
717	995
717	870
717	798
717	924
718	888
718	784
718	779
718	969
718	867
718	811
718	756
719	796
719	938
719	743
720	722
720	817
720	731
720	858
721	890
721	944
721	781
721	963
722	826
722	751
722	759
722	832
722	879
722	755
722	737
722	747
723	745
723	849
723	750
724	795
724	955
724	896
724	789
724	919
724	869
724	972
725	777
725	768
725	854
725	873
725	977
725	983
726	764
726	871
726	891
726	970
727	892
727	976
727	987
728	877
728	879
728	832
729	966
729	870
729	760
729	811
729	738
729	848
729	921
729	780
729	782
729	828
730	934
730	807
730	916
730	803
731	879
732	833
732	932
732	952
732	789
732	953
732	945
732	845
732	906
733	932
733	949
733	746
733	888
733	806
734	748
734	929
734	869
734	810
734	834
735	804
735	819
735	851
736	790
736	807
736	923
736	822
737	763
737	910
737	772
737	777
738	955
738	881
738	785
738	782
738	933
738	744
738	949
738	919
739	838
739	965
739	842
740	827
740	950
741	876
741	878
741	777
742	856
742	854
742	977
742	923
743	776
743	962
743	745
743	819
744	897
744	835
744	940
744	831
744	928
744	901
744	996
744	783
745	807
746	967
746	984
746	753
746	783
746	806
747	856
747	877
747	763
747	865
748	831
748	908
748	783
748	970
748	828
748	968
748	795
748	757
749	813
749	965
749	920
749	992
749	815
749	952
749	964
749	925
750	837
750	822
750	860
751	987
751	862
751	772
751	758
752	759
752	916
752	948
753	929
753	887
753	907
753	908
753	920
753	815
753	799
754	917
754	879
754	775
754	803
754	976
755	767
755	904
755	839
755	900
755	892
756	912
756	764
756	961
756	823
756	779
756	984
756	872
756	840
756	784
756	994
757	943
757	815
757	855
758	819
758	877
758	822
758	826
759	808
759	973
759	762
759	917
759	927
759	765
760	932
760	825
760	914
760	901
760	949
760	887
761	876
761	822
762	865
762	803
762	805
762	765
762	882
762	829
762	863
763	892
763	860
763	874
763	832
764	870
764	911
764	961
764	823
764	918
764	945
764	830
766	804
767	923
767	826
768	917
768	874
768	958
768	954
768	865
769	816
769	809
769	998
769	905
769	926
769	940
769	985
770	883
770	865
770	804
770	851
770	832
770	989
770	805
770	958
771	975
771	909
771	841
772	857
772	883
772	837
772	902
773	796
774	959
774	868
774	993
774	878
775	892
775	821
775	807
775	878
775	923
777	974
777	880
777	954
777	832
777	797
778	998
778	809
779	825
779	855
779	940
779	783
779	961
779	861
779	787
779	814
780	799
780	828
780	920
780	995
780	945
780	939
780	848
781	905
781	836
781	841
781	809
781	957
782	991
782	996
783	852
783	847
783	820
783	933
783	800
784	969
784	955
784	982
784	965
784	855
784	991
785	855
785	953
785	833
786	915
786	820
787	869
787	997
787	806
787	961
787	800
787	799
787	872
787	971
788	866
788	879
788	983
789	936
789	843
789	969
790	927
790	826
790	895
790	904
791	981
791	999
791	922
792	796
792	973
792	954
792	979
793	903
793	864
794	903
794	864
794	935
796	822
797	934
797	804
797	883
797	894
798	943
798	920
798	914
798	936
798	952
799	968
799	995
799	861
799	971
799	984
800	814
800	871
800	828
800	852
800	919
800	825
800	813
800	842
800	928
800	801
800	929
801	924
801	802
802	848
802	994
803	853
803	989
804	808
805	917
805	962
805	808
806	867
806	861
806	920
806	937
806	984
806	891
806	918
806	951
807	959
807	849
808	934
808	829
809	841
809	913
809	859
810	852
810	965
810	967
810	848
810	955
811	881
811	867
811	990
812	888
812	961
812	833
812	845
813	920
813	823
813	861
813	949
814	897
814	828
814	914
814	970
814	896
814	843
815	861
815	848
816	909
816	885
817	989
817	927
818	941
818	933
818	846
818	825
818	867
818	889
819	892
820	919
820	933
821	946
821	934
821	854
822	934
822	962
823	850
823	945
823	901
823	846
824	826
825	887
825	936
826	974
826	863
827	963
827	998
827	890
827	885
828	846
828	855
828	982
828	966
828	872
828	943
828	951
829	857
829	904
830	870
830	835
830	919
830	953
830	992
831	924
831	838
831	986
831	971
832	857
832	993
832	916
833	994
833	899
833	936
834	887
834	875
835	891
835	967
837	862
838	940
838	848
838	919
838	911
838	901
838	907
838	943
840	896
840	945
840	984
840	855
841	926
841	980
841	905
842	848
842	908
842	972
843	881
843	918
843	970
843	891
843	992
843	965
843	846
843	907
843	932
844	902
844	894
845	947
845	955
845	925
845	918
845	945
846	990
846	996
847	936
847	899
847	940
848	982
848	952
848	936
848	951
849	983
849	987
849	874
850	968
850	936
850	992
850	908
850	911
850	896
851	922
852	915
852	966
852	875
853	999
853	974
854	886
854	895
854	983
855	881
855	896
856	884
856	954
857	946
857	958
857	934
858	916
859	926
860	938
861	929
861	991
861	969
861	939
861	961
861	875
862	987
864	903
865	993
865	981
865	927
866	876
866	942
867	986
867	943
867	945
868	894
868	962
868	893
869	994
869	966
869	911
870	966
870	986
870	889
870	994
870	937
870	906
870	912
870	941
871	912
871	875
872	982
872	965
874	886
875	891
875	988
875	898
875	928
875	911
876	974
877	917
877	923
878	902
879	948
880	993
880	958
881	901
882	886
882	917
883	886
884	993
885	980
886	983
886	942
886	946
886	979
887	990
887	891
887	919
887	920
888	961
888	949
888	995
888	966
888	990
888	971
888	889
889	911
889	997
890	957
890	985
891	919
891	928
891	920
892	930
892	895
896	982
896	995
897	929
897	914
897	988
897	970
897	918
898	919
899	943
900	989
901	939
901	940
903	935
904	916
904	974
905	926
906	949
906	918
906	929
907	952
908	933
908	936
908	990
908	971
908	968
909	975
910	983
911	970
911	961
911	969
911	991
912	947
912	972
912	961
913	975
913	926
914	951
914	937
914	971
914	915
914	988
914	921
915	966
915	945
916	999
917	930
918	966
918	995
918	991
919	941
919	961
919	997
920	995
920	933
921	952
921	988
921	937
922	938
924	945
925	988
925	955
925	947
926	980
927	942
929	964
929	951
933	984
933	997
933	949
934	993
936	972
937	969
937	953
938	954
938	973
939	961
939	951
940	951
944	960
944	978
946	954
946	959
946	977
947	991
948	993
949	988
949	996
950	980
951	953
951	995
951	986
952	997
953	984
953	992
953	975
954	976
957	998
959	983
961	968
964	991
965	972
965	968
966	969
968	994
969	992
972	986
973	979
975	980
976	999
976	987
980	985
986	994
990	995
