0	916
0	857
0	826
0	663
0	595
0	774
0	893
0	772
1	800
1	732
1	847
1	528
1	255
2	965
2	673
2	748
2	55
3	766
3	829
3	562
3	832
3	527
4	822
4	715
4	527
4	758
4	866
4	877
4	860
4	856
5	629
5	762
5	768
6	962
6	884
6	755
6	637
7	187
8	12
8	9
8	606
9	13
10	12
10	373
11	13
12	434
14	19
14	15
14	24
15	20
15	17
15	396
16	19
17	20
17	18
17	24
18	20
18	23
18	22
18	19
19	21
19	26
21	27
21	24
21	243
22	25
22	26
22	27
23	27
23	489
24	27
24	25
25	27
25	197
26	27
26	805
28	53
29	31
29	30
29	32
29	34
30	899
30	854
31	214
31	94
32	880
32	770
33	39
33	790
33	775
35	38
35	163
36	152
37	368
37	41
38	128
38	40
38	337
39	41
41	695
41	706
42	48
42	255
43	46
44	140
44	804
45	363
45	498
45	303
45	633
46	47
47	374
47	392
48	414
49	54
50	56
50	323
50	974
51	52
52	54
52	524
52	845
53	54
54	358
54	193
54	719
55	63
56	60
57	62
57	661
58	60
58	59
59	472
60	212
60	382
61	145
61	62
61	612
63	69
63	786
64	235
64	69
64	346
64	707
65	69
66	69
66	824
67	223
68	151
70	76
71	75
71	76
71	328
72	217
72	596
73	74
73	702
74	387
75	175
75	989
77	80
77	83
78	83
79	172
79	924
81	83
82	300
82	272
83	432
83	750
84	89
84	88
85	496
86	87
87	398
87	342
87	371
88	350
89	471
89	131
89	377
89	608
89	987
90	191
90	433
90	518
91	95
91	306
92	94
92	95
93	97
93	96
94	362
95	428
95	943
96	118
97	315
97	367
97	537
98	100
99	100
101	104
101	560
102	104
102	103
104	829
105	157
105	111
105	424
105	893
106	385
106	110
106	135
106	658
107	358
108	111
108	699
109	284
111	180
112	115
112	533
113	116
113	117
114	237
114	703
115	175
115	582
116	271
116	129
116	757
117	572
117	846
117	967
119	158
119	668
120	361
120	125
121	313
121	656
122	123
122	160
123	259
124	179
124	289
124	936
126	131
127	131
128	195
128	929
130	366
131	132
131	181
132	962
133	137
134	138
134	137
134	675
134	589
136	414
137	139
138	477
138	441
138	604
138	734
140	142
140	143
140	332
140	711
141	186
141	142
142	144
142	145
146	281
147	160
147	150
148	150
148	182
149	152
149	151
149	153
149	287
150	299
150	907
152	153
154	158
155	250
155	156
156	158
156	704
158	276
159	191
159	308
159	575
160	692
161	165
162	164
162	580
163	164
163	166
164	167
165	831
167	956
168	171
169	174
169	170
169	171
170	173
170	799
171	172
172	207
172	558
173	415
174	381
175	178
176	180
177	260
178	181
179	181
179	930
179	807
181	290
182	183
182	186
182	447
184	185
184	718
184	837
185	187
187	188
187	690
189	194
189	683
190	192
191	250
191	192
191	195
191	985
192	202
193	194
194	530
194	673
196	197
196	202
196	198
196	868
197	202
197	198
198	202
198	926
199	201
199	200
199	306
200	201
203	208
204	209
204	205
204	206
206	777
207	209
208	788
208	791
210	288
210	212
210	641
211	215
212	215
212	236
212	543
212	891
212	884
213	216
213	925
214	216
215	329
215	581
216	862
217	219
217	440
218	220
218	221
218	223
219	352
221	915
222	223
223	821
224	227
224	228
225	226
226	227
226	843
227	359
229	321
229	622
230	393
230	811
231	232
232	237
233	271
233	237
234	235
234	643
234	660
236	674
236	815
236	947
236	773
238	244
239	240
239	241
240	243
241	244
241	361
241	559
242	244
245	251
245	248
245	341
246	249
246	746
247	251
247	678
249	250
250	410
250	376
252	257
254	272
254	722
255	256
255	723
256	258
258	889
259	263
259	471
259	784
260	327
260	338
261	265
261	872
262	377
262	628
263	468
263	264
263	626
264	463
264	474
265	337
266	267
266	268
266	270
267	269
267	939
267	714
268	269
269	370
269	952
270	870
270	776
271	416
273	279
273	275
273	534
274	499
274	278
276	277
276	279
279	795
279	720
280	286
281	285
281	283
282	286
282	700
282	769
282	988
282	593
283	286
283	610
284	285
285	286
285	421
285	540
285	696
286	514
287	298
287	981
288	291
288	293
290	553
290	740
291	951
292	466
294	354
295	299
296	420
296	521
297	299
297	585
299	814
300	406
300	649
301	304
301	302
301	968
302	303
302	307
302	304
302	306
303	304
303	305
303	306
303	307
303	532
304	307
304	305
305	306
305	307
305	959
306	307
308	871
309	315
309	314
309	928
310	313
310	311
311	583
312	314
313	351
314	481
316	321
317	323
317	321
317	384
317	548
318	319
318	578
319	320
319	413
319	994
321	322
321	888
322	330
323	993
324	331
324	327
325	328
325	331
326	396
326	949
332	334
335	339
335	502
336	338
337	339
340	342
340	724
341	345
342	343
344	378
345	347
345	473
345	607
346	504
346	940
347	946
348	350
349	351
349	354
350	355
351	360
351	454
352	353
354	733
356	360
357	363
358	362
358	430
359	452
360	931
361	363
362	914
363	410
364	365
364	963
365	413
365	369
365	448
366	369
366	466
367	855
368	369
369	444
369	665
372	373
372	378
372	446
372	768
373	781
374	379
375	379
375	828
376	592
377	847
378	379
379	827
380	384
381	383
382	387
383	385
383	574
384	386
384	595
385	387
385	655
385	984
386	749
387	449
388	392
388	512
389	394
390	392
390	443
390	490
391	396
393	470
393	395
394	396
395	477
396	511
397	402
398	400
399	405
399	401
400	401
400	405
402	404
402	403
404	405
404	902
406	441
406	408
406	667
407	411
409	411
409	546
410	411
410	912
411	412
411	691
413	864
413	792
416	423
416	419
417	422
417	418
419	460
421	422
421	552
423	475
425	429
425	426
425	743
427	430
428	429
428	431
431	766
432	861
432	877
434	439
435	442
436	438
436	601
437	442
438	439
438	442
440	697
440	857
444	452
444	620
445	450
450	495
450	554
451	452
452	698
453	460
453	457
454	462
455	457
455	456
456	549
457	461
458	463
459	460
462	932
463	997
464	505
465	470
465	519
465	852
465	996
466	670
467	474
468	469
469	471
469	470
474	896
475	479
475	484
476	478
476	483
477	479
477	485
477	491
477	752
478	482
478	480
480	482
485	588
486	489
487	492
488	490
488	489
489	494
490	493
491	497
491	885
492	498
493	623
494	496
499	514
500	502
500	503
501	505
505	512
506	509
507	515
507	520
508	518
508	510
509	512
512	515
513	518
513	516
517	518
521	627
521	722
522	616
522	929
522	890
522	939
522	570
523	778
523	833
523	679
523	710
523	820
523	929
523	538
523	888
523	831
524	969
524	899
524	852
524	950
524	528
525	750
525	555
525	837
525	574
525	958
525	865
525	594
526	879
526	631
526	829
526	562
526	625
527	931
527	844
527	773
527	817
528	978
528	542
528	657
528	818
528	604
528	995
528	869
528	925
528	836
528	785
528	891
529	930
529	983
529	681
529	772
529	770
529	878
530	814
530	587
530	896
530	673
530	802
530	544
530	571
530	918
531	902
531	987
531	619
531	808
531	741
531	761
531	735
531	873
532	815
532	933
532	912
532	846
532	692
532	564
532	724
532	578
532	753
533	982
533	596
533	870
533	955
533	953
533	626
533	978
533	601
533	972
533	888
533	970
533	875
533	690
534	556
534	596
534	953
535	603
535	934
535	916
535	858
535	776
535	775
536	623
536	964
536	778
536	986
536	789
536	601
536	825
536	756
536	687
537	723
537	765
537	651
537	804
537	880
537	595
537	728
538	650
538	677
538	897
538	696
538	641
538	990
538	614
538	717
539	878
539	704
539	886
539	685
540	941
540	648
540	753
540	943
540	996
540	724
540	985
541	818
541	828
541	961
541	687
541	721
541	951
541	641
541	997
541	560
541	881
541	943
541	654
541	688
542	928
542	799
542	996
542	971
542	643
542	919
542	760
542	702
542	926
542	937
542	954
543	567
543	778
543	831
543	835
543	587
543	700
543	969
543	975
543	746
543	779
543	598
543	982
544	963
544	835
544	660
544	690
544	687
544	965
544	617
544	825
545	720
545	703
545	893
545	683
545	987
545	713
545	639
545	695
546	816
546	630
546	889
546	898
546	992
546	654
546	779
546	787
547	846
547	560
547	690
547	872
547	940
547	608
548	980
548	885
548	784
548	899
548	988
548	929
548	795
548	787
548	978
548	739
549	608
549	944
549	908
549	820
549	734
549	861
549	995
550	776
550	683
550	720
550	837
551	612
552	779
552	654
552	978
552	798
552	660
552	607
552	920
553	571
553	881
553	618
553	726
553	929
553	771
553	913
554	789
554	778
554	834
554	557
554	782
554	559
555	609
555	958
555	736
555	900
555	620
555	634
556	905
556	588
556	833
556	941
556	928
556	630
556	621
556	972
556	991
556	653
557	578
557	997
557	848
557	996
557	841
557	583
558	775
558	777
558	600
558	910
558	574
558	751
558	904
558	636
559	688
559	798
559	988
559	757
559	571
559	630
559	567
559	596
559	718
559	901
559	708
560	952
560	914
560	990
560	687
560	710
560	855
560	925
561	863
561	954
561	670
561	727
561	876
561	981
561	633
561	826
561	754
561	851
561	807
561	747
561	761
562	844
562	804
562	880
562	594
562	821
562	983
562	647
563	921
563	756
563	760
563	914
563	965
563	919
564	621
564	811
564	690
564	806
564	687
564	843
564	991
564	929
564	787
564	889
564	835
564	679
564	809
564	572
564	657
564	897
565	598
565	966
565	961
565	898
565	996
565	588
565	748
566	771
566	678
566	939
566	831
566	578
566	690
566	673
567	700
567	898
567	638
567	666
567	667
568	953
568	907
568	823
568	667
568	598
568	587
568	949
568	617
568	749
568	666
568	963
569	751
569	824
569	934
569	958
569	636
569	805
569	927
569	954
569	576
569	651
569	767
570	908
570	830
570	995
570	702
570	784
570	606
570	945
570	675
570	738
570	586
570	964
571	957
571	834
571	929
571	918
571	657
571	912
572	721
572	686
572	598
572	769
572	968
572	818
572	875
572	869
573	584
573	848
573	828
574	858
574	958
574	916
575	706
575	633
575	597
575	956
575	719
575	804
575	877
575	640
575	741
575	735
575	668
575	715
576	609
576	661
576	877
576	737
576	958
576	736
576	725
576	878
576	705
577	788
577	954
578	782
578	787
578	909
579	789
579	749
579	984
579	785
579	654
579	992
579	887
579	657
579	710
580	899
580	677
580	921
580	967
580	918
580	810
580	610
580	654
580	717
580	859
581	678
581	649
581	818
581	906
581	978
582	804
582	703
582	642
582	681
582	659
582	857
582	605
583	956
583	817
583	735
583	902
583	979
583	703
583	639
583	917
583	743
583	691
583	821
584	888
584	697
584	855
584	601
584	912
584	816
584	780
584	881
585	998
585	696
585	971
585	941
585	841
585	601
585	787
585	598
585	729
585	771
586	951
586	950
586	969
587	635
587	990
587	813
587	764
587	779
587	648
587	969
588	674
588	827
588	711
588	778
588	699
588	734
588	812
588	933
588	749
589	750
589	959
590	877
590	767
590	865
590	979
590	851
590	803
590	948
590	663
591	803
591	663
591	716
591	856
591	701
591	747
591	954
591	752
591	910
591	886
592	660
592	855
592	756
592	734
592	749
592	919
592	925
592	721
592	764
593	927
593	615
593	865
593	930
594	722
594	625
594	728
594	817
594	693
594	854
594	989
594	663
594	934
595	647
595	879
595	672
595	651
596	986
596	845
596	769
597	736
597	602
597	922
597	620
597	658
597	931
597	817
597	622
597	791
597	894
597	866
598	978
598	784
598	628
598	748
598	961
598	823
599	897
599	654
599	781
599	933
599	830
599	815
599	840
599	929
599	960
599	997
599	738
599	834
599	798
600	973
600	874
600	681
600	605
600	642
600	663
600	631
601	696
601	875
601	951
601	604
601	646
601	947
601	901
601	613
602	634
602	807
602	685
602	883
603	956
603	803
603	989
603	853
603	863
603	931
603	922
603	983
603	730
603	942
604	915
604	732
604	801
604	688
604	649
604	644
605	720
605	981
605	754
605	874
606	998
606	756
606	825
606	988
606	665
607	613
607	784
607	825
607	955
607	933
607	650
607	655
607	842
608	711
608	924
608	972
608	943
608	936
608	733
608	812
608	833
609	826
609	893
609	895
609	917
609	759
609	619
610	906
610	982
610	908
610	867
610	710
610	963
610	996
610	614
610	943
610	972
611	776
611	934
611	752
611	866
611	927
611	691
611	948
612	793
612	624
612	864
612	935
612	712
613	887
613	641
613	692
613	816
613	676
614	991
614	982
614	678
614	814
614	881
614	757
614	674
615	709
615	883
615	684
615	884
615	822
615	895
615	728
615	804
615	663
615	893
616	919
616	644
616	835
616	955
616	653
616	818
616	733
616	679
616	697
616	779
616	632
616	816
617	698
617	971
617	764
617	667
617	628
617	995
617	881
617	802
617	830
617	810
617	905
618	850
618	744
618	950
618	964
618	783
618	975
619	772
619	745
619	857
619	797
620	705
620	788
620	873
620	777
620	999
621	920
621	965
621	674
621	997
621	952
621	785
621	820
621	915
621	799
621	823
622	691
622	719
622	714
622	866
622	948
622	766
622	805
622	962
622	938
623	929
623	688
623	802
623	967
623	823
623	653
623	666
623	813
623	846
624	903
624	935
624	794
625	728
625	902
625	883
625	864
626	657
626	901
626	984
626	721
626	749
626	652
626	957
627	977
627	930
627	796
627	832
627	981
627	770
627	923
627	728
628	867
628	678
628	680
628	782
628	674
628	830
629	805
629	849
629	639
629	999
629	631
630	820
630	985
630	744
630	861
630	972
630	968
630	890
630	891
630	835
631	821
632	986
632	985
632	933
633	849
633	772
633	837
633	766
634	661
634	805
634	879
635	912
635	785
635	968
635	746
636	752
636	884
636	832
636	863
636	981
636	661
636	773
636	797
637	743
637	773
637	796
637	866
637	851
637	668
637	763
638	779
638	859
638	855
638	899
638	949
638	787
638	842
638	964
639	670
639	684
639	751
639	685
639	770
640	987
640	670
640	705
640	819
640	796
640	737
640	948
641	891
641	744
641	841
641	960
641	988
641	982
641	783
641	861
642	993
642	743
642	821
642	862
642	713
642	647
643	994
643	779
643	875
643	869
643	818
643	971
643	978
644	840
644	887
644	645
645	653
645	707
645	921
645	655
645	789
645	996
645	995
646	687
646	845
646	654
646	818
646	842
646	992
646	764
646	665
646	888
646	836
647	922
647	900
647	709
647	878
647	716
647	942
647	758
647	664
647	705
647	745
648	679
648	951
648	920
649	827
649	818
649	675
649	908
649	889
650	809
650	963
650	945
650	905
651	868
651	791
651	804
651	684
652	655
652	840
652	828
652	825
652	951
653	966
653	887
653	835
653	980
653	899
653	702
653	694
654	881
654	781
654	782
654	953
654	732
654	905
654	964
655	905
655	940
655	783
655	911
655	898
655	687
655	785
655	966
655	686
655	818
656	892
656	934
656	839
656	703
656	853
657	966
657	898
657	667
657	909
657	984
657	986
658	743
658	761
658	792
658	670
658	671
659	958
659	790
659	989
659	742
660	896
660	815
660	859
660	771
660	679
660	840
660	985
661	750
661	853
662	754
662	993
662	723
662	719
662	837
663	876
663	752
663	747
663	880
663	832
664	684
664	797
665	789
665	945
665	911
665	838
666	885
666	925
666	996
666	799
666	841
666	800
666	940
666	950
667	966
667	975
667	991
668	804
668	981
668	868
668	763
668	849
668	713
669	750
669	878
669	727
669	792
669	956
669	728
669	877
670	691
670	741
670	747
670	942
670	790
670	796
670	725
671	808
671	962
671	747
671	934
672	902
672	989
672	886
673	734
673	943
673	885
673	687
674	920
674	901
674	950
674	724
674	984
674	785
675	980
675	901
675	764
675	700
675	820
676	700
676	925
676	899
676	964
676	744
676	738
676	820
677	996
677	802
677	696
677	995
677	786
677	920
677	784
677	831
677	870
677	921
677	955
678	748
678	951
678	926
678	939
678	994
678	697
678	801
679	845
679	919
679	686
679	769
679	710
679	920
680	982
680	889
680	913
680	734
680	872
680	951
680	726
680	771
680	744
681	804
681	999
681	759
681	917
681	776
681	752
682	996
682	911
682	810
682	694
682	870
682	760
683	693
683	974
684	839
684	974
684	807
684	999
684	754
684	860
685	755
685	844
685	706
685	797
685	826
685	981
685	742
686	950
686	928
686	823
686	780
687	968
687	901
687	785
688	740
688	961
688	870
688	764
688	964
688	778
688	941
688	986
689	793
689	864
689	712
689	923
690	831
690	936
690	799
690	955
691	930
691	762
691	819
691	715
691	959
691	910
692	724
692	783
692	818
692	998
692	953
693	839
693	958
693	774
693	727
693	900
693	709
693	854
694	890
694	744
694	924
694	848
694	778
694	721
694	717
694	980
695	832
695	923
696	806
696	871
696	781
696	840
696	869
696	726
697	815
697	753
698	870
698	841
698	908
698	941
698	961
698	744
699	947
699	928
699	965
699	780
699	800
699	729
699	997
700	952
700	852
701	876
701	865
702	932
702	887
702	889
702	812
702	830
702	936
703	773
703	796
703	797
703	976
703	705
703	882
704	931
704	772
704	922
705	767
705	895
705	879
705	713
706	829
706	735
706	857
707	937
707	845
707	941
707	949
707	782
708	990
708	842
708	951
708	909
708	780
708	919
708	913
709	895
709	849
709	776
709	868
709	755
710	970
710	915
711	965
711	744
711	920
711	970
711	881
711	995
711	721
712	864
712	793
712	903
713	873
713	822
713	730
714	904
715	737
715	773
715	770
715	958
715	902
715	900
716	877
716	768
716	767
716	959
716	956
716	958
717	908
717	848
717	749
717	861
717	852
717	810
717	995
717	771
718	888
718	784
718	779
718	969
718	867
719	796
719	938
719	743
720	722
720	817
720	731
720	858
721	855
721	847
721	890
721	951
722	826
722	751
722	759
722	832
722	879
722	755
722	737
722	747
723	745
723	849
723	750
724	771
724	795
724	955
724	896
724	789
724	919
725	777
725	768
725	854
725	873
725	977
725	983
726	764
726	871
726	891
726	970
726	963
727	892
727	976
727	987
728	877
728	879
728	832
729	966
729	870
729	760
729	811
729	738
729	778
729	848
729	921
730	934
730	807
730	916
730	803
731	879
732	833
732	836
732	932
732	952
732	789
732	953
732	945
733	932
733	949
733	746
733	888
733	944
734	769
734	748
734	998
734	929
734	869
734	810
735	804
735	819
735	851
736	790
736	807
736	923
736	822
737	763
737	910
737	772
737	777
738	955
738	881
738	785
738	782
738	933
738	744
738	949
738	998
739	769
739	838
739	965
740	811
741	876
741	878
741	777
742	856
742	854
742	977
742	923
743	776
743	962
743	745
743	819
744	897
744	957
744	835
744	926
744	836
744	940
744	831
744	928
744	809
744	901
745	807
746	967
746	963
746	984
746	753
746	841
747	856
747	877
747	763
747	865
748	831
748	908
748	783
748	970
749	813
749	965
749	920
749	992
749	815
750	837
750	822
750	860
751	987
751	862
751	772
751	758
752	759
752	916
752	948
753	929
753	887
753	907
753	908
753	920
753	815
754	917
754	879
754	775
754	803
754	976
755	767
755	904
755	839
755	900
755	892
756	912
756	764
756	961
756	823
756	779
756	957
756	984
756	872
757	975
757	943
757	781
758	819
758	877
758	822
758	826
759	808
759	973
759	762
759	917
759	927
759	765
760	932
760	825
760	914
760	816
760	901
760	949
760	887
761	876
761	822
762	865
762	803
762	805
762	765
762	882
762	829
762	863
763	892
763	860
763	874
763	832
764	870
764	911
764	961
766	804
767	923
767	826
768	917
768	874
768	958
768	954
768	865
769	816
769	861
770	883
770	865
770	804
770	851
770	832
770	989
770	805
770	958
771	881
772	857
772	883
772	837
772	902
773	796
774	959
774	868
774	993
774	878
775	892
775	821
775	807
775	878
775	923
777	974
777	880
777	954
777	832
777	797
778	870
778	800
778	947
778	998
778	990
778	961
779	825
779	855
779	940
779	783
779	961
779	861
779	909
779	787
780	799
780	828
780	920
780	995
780	985
780	945
781	812
781	905
781	881
781	836
782	991
782	944
783	852
783	963
783	847
783	841
783	820
784	969
784	963
784	955
784	836
784	982
785	944
785	855
785	950
785	953
786	915
786	820
786	905
787	869
787	997
787	806
787	961
787	800
788	866
788	879
788	983
789	936
789	852
789	843
790	927
790	826
790	895
790	904
791	981
791	999
791	922
792	796
792	973
792	954
792	979
793	903
793	864
794	903
794	864
794	935
795	950
795	909
796	822
797	934
797	804
797	883
797	894
798	943
798	920
798	914
799	968
799	885
799	995
799	861
799	971
800	814
800	871
800	828
800	852
800	919
800	960
800	825
801	924
802	848
802	994
803	853
803	989
804	808
805	917
805	962
805	808
806	867
806	861
806	920
806	937
806	913
806	984
806	950
807	959
807	849
808	934
808	829
809	932
809	966
809	841
810	852
810	965
810	967
811	881
811	978
811	913
811	867
812	888
812	961
812	833
813	920
813	823
813	960
814	897
814	828
814	914
814	970
814	896
815	861
815	848
816	888
816	997
816	906
816	941
817	989
817	927
818	985
818	941
818	933
818	846
819	892
820	890
820	913
820	919
820	909
820	978
820	836
821	946
821	934
821	854
822	934
822	962
823	850
823	945
823	901
824	826
825	950
825	887
826	974
826	863
827	924
827	952
827	963
827	998
828	985
828	846
828	859
828	855
829	857
829	904
830	870
830	835
831	885
831	924
831	838
831	986
831	971
832	857
832	993
832	916
833	994
834	887
834	875
834	836
834	980
835	891
836	887
837	862
838	940
838	944
838	848
838	919
838	911
840	896
840	980
840	945
840	984
840	905
840	885
840	855
841	965
841	951
841	924
842	848
842	908
843	881
843	918
843	970
843	891
843	992
844	902
844	894
845	947
845	955
846	990
846	996
847	936
847	899
847	940
848	982
848	952
848	936
849	983
849	987
849	874
850	950
850	968
850	936
850	980
850	992
851	922
852	915
852	978
852	966
852	875
853	999
853	974
854	886
854	895
854	983
855	881
855	896
856	884
856	954
857	946
857	958
857	934
858	916
860	938
861	929
861	991
861	913
861	969
861	939
861	961
862	987
863	899
864	903
865	993
865	981
865	927
866	876
866	942
867	986
867	950
867	943
868	894
868	962
868	893
869	994
869	966
870	966
870	986
870	889
870	994
871	912
872	982
872	965
874	886
875	891
875	988
875	898
875	928
875	911
876	974
877	917
877	923
878	902
879	948
880	993
880	958
881	975
882	886
882	917
883	886
884	993
885	906
886	983
886	942
886	946
886	979
887	990
887	891
888	961
888	949
888	995
888	966
888	990
888	950
889	911
890	899
890	891
890	995
890	970
891	919
891	928
891	920
892	930
892	895
896	978
896	982
897	929
898	919
899	943
900	989
901	939
901	940
903	935
903	990
904	916
904	974
905	932
906	949
906	918
906	929
907	952
908	933
908	936
908	990
908	971
909	940
909	920
909	982
909	952
909	992
910	983
911	970
911	961
911	969
912	947
912	972
913	975
913	988
913	939
914	951
914	926
914	937
915	966
916	999
917	930
918	966
918	963
918	995
919	941
919	961
919	997
920	995
921	952
921	988
921	937
922	938
924	945
925	988
925	998
925	955
925	947
926	939
926	980
927	942
928	957
929	964
929	951
932	960
933	984
934	993
937	969
938	954
938	973
940	951
941	960
941	978
944	960
944	986
945	978
946	954
946	959
946	977
947	991
948	993
951	953
951	995
951	986
952	997
954	976
959	983
965	972
965	968
972	986
973	979
976	999
976	987
991	998
