0	937
0	2
0	670
0	827
0	790
1	841
1	902
1	881
1	624
1	951
1	892
1	933
1	349
2	659
2	701
2	97
3	872
3	958
3	746
3	774
3	710
3	935
3	738
3	654
3	967
3	991
4	964
4	915
4	629
4	909
4	715
4	929
4	638
4	511
4	260
5	902
5	654
5	712
5	709
5	867
5	625
5	751
5	941
5	728
5	945
6	793
6	892
6	895
6	758
6	996
6	669
6	759
6	249
6	954
6	257
7	11
7	756
7	647
8	393
8	868
8	653
8	912
8	524
9	12
10	12
10	13
10	782
11	178
12	78
13	818
13	887
14	20
14	15
15	363
16	20
16	303
17	20
17	735
18	20
18	84
18	872
18	653
19	243
19	593
19	954
20	383
21	26
21	25
22	23
22	27
22	202
22	24
23	24
23	27
23	955
24	27
25	26
27	901
28	31
29	291
29	166
30	287
31	33
32	34
32	261
33	907
34	311
34	437
35	38
36	249
37	186
38	39
39	40
39	605
40	726
41	149
42	46
42	44
43	48
43	45
43	47
44	46
45	47
45	48
47	48
48	137
49	55
49	204
49	844
50	97
50	147
50	821
50	751
51	288
51	986
51	932
52	158
53	267
53	55
53	418
54	55
56	60
57	248
58	60
58	976
59	353
59	76
60	436
60	492
60	627
61	144
61	800
62	111
63	64
63	125
64	69
65	66
66	875
66	688
66	996
67	68
68	263
69	361
69	878
70	74
70	73
70	597
71	72
71	482
71	502
72	74
72	903
72	695
72	542
73	915
74	242
74	181
75	351
75	372
75	692
76	132
76	669
76	643
76	889
77	83
77	81
77	276
77	468
77	528
77	563
78	80
79	80
79	770
79	762
80	83
80	82
80	311
82	717
82	888
83	126
83	103
84	88
84	473
85	86
86	357
86	90
86	574
87	90
87	151
87	618
88	91
88	646
88	988
89	278
92	268
92	354
92	648
93	94
93	95
94	314
94	589
94	899
95	97
96	335
96	763
97	616
97	832
97	805
98	104
98	100
98	102
98	409
99	220
99	222
99	217
99	223
100	222
101	103
101	104
101	221
101	222
101	220
102	222
102	104
103	223
104	220
105	111
105	419
106	109
106	110
106	196
106	349
107	296
107	206
107	666
108	110
109	110
109	656
109	403
110	111
111	606
112	187
112	805
113	446
113	114
113	117
114	777
115	226
115	902
116	118
116	772
116	997
117	376
117	745
118	358
119	204
119	708
121	133
121	190
122	502
122	867
124	224
126	130
127	129
127	428
128	150
129	990
131	580
131	252
131	300
131	410
131	887
132	278
133	134
133	916
134	139
134	752
135	190
135	481
136	278
136	446
137	254
137	138
138	947
139	380
139	740
140	501
141	142
142	146
142	157
143	144
143	145
144	310
147	153
148	152
149	744
149	731
150	279
150	671
152	188
153	910
154	155
154	545
154	551
154	158
154	160
154	547
154	554
154	566
154	563
154	556
155	558
155	545
155	556
155	560
155	566
155	549
155	554
155	277
156	555
156	159
156	544
156	557
156	548
156	157
157	159
157	555
157	544
157	553
157	557
157	550
158	546
158	545
158	560
158	554
158	556
158	547
158	160
159	555
159	561
159	550
159	553
159	548
160	551
160	554
160	549
160	562
161	245
162	164
162	472
163	164
163	695
164	166
164	619
164	903
165	366
165	167
165	924
165	661
166	227
166	584
166	783
168	173
168	169
168	706
169	172
169	173
170	171
171	174
172	174
172	855
173	912
174	432
174	765
175	177
176	569
177	179
177	367
178	180
178	207
178	531
180	196
180	231
182	183
182	803
183	186
183	626
183	512
184	634
185	368
185	807
186	187
186	946
189	195
190	192
190	307
191	200
191	509
192	193
192	964
193	195
193	968
195	965
195	722
196	316
197	198
198	199
198	201
198	757
199	202
200	265
200	286
200	942
201	642
201	637
202	760
203	275
204	208
204	371
204	618
204	557
205	361
205	990
207	571
207	617
208	676
208	846
209	249
210	211
210	886
211	215
211	213
212	366
212	214
212	724
213	657
213	752
214	216
214	970
217	223
218	220
219	220
219	223
224	228
225	230
225	228
225	709
226	324
226	232
227	230
228	381
230	477
231	233
231	391
232	850
233	235
234	236
235	237
236	237
236	455
237	750
238	693
239	369
239	243
239	427
240	242
240	450
240	646
241	264
243	244
245	251
245	400
247	248
247	251
248	818
249	250
249	721
249	788
249	862
250	368
250	365
252	255
252	758
253	256
253	254
254	258
254	902
255	375
256	340
257	370
258	994
259	265
259	600
259	984
260	263
260	264
261	263
261	682
262	456
262	476
262	498
262	743
262	936
262	521
264	430
264	969
265	318
266	271
267	317
267	269
267	389
267	475
268	273
268	808
268	678
270	272
270	328
271	273
272	273
273	667
274	278
274	883
275	276
277	279
277	884
278	540
280	281
280	838
281	580
282	390
283	286
283	603
284	288
285	289
286	288
287	415
289	933
290	292
290	294
290	953
291	294
291	292
292	692
294	295
294	296
296	479
296	901
297	420
298	299
299	304
299	301
299	350
300	826
301	461
302	304
302	594
304	305
304	447
305	368
306	311
306	610
307	309
307	312
307	896
310	987
312	313
313	677
314	320
314	317
314	577
314	923
315	320
316	511
316	851
317	318
317	319
317	908
318	547
319	320
319	546
320	321
320	438
321	914
322	325
323	327
323	440
324	577
324	329
325	327
325	891
326	426
327	851
330	333
331	333
331	337
331	810
332	337
333	337
333	336
335	336
336	654
337	605
338	344
339	343
339	779
340	342
341	344
341	343
341	624
343	345
343	451
344	345
344	950
345	652
346	447
346	613
347	351
347	581
348	351
348	560
349	351
350	353
351	352
351	452
352	962
353	749
353	744
355	356
356	360
357	360
358	414
358	399
360	361
360	939
361	982
362	366
362	364
362	496
362	854
365	369
365	623
365	705
366	499
366	981
366	881
366	965
367	910
368	979
370	537
371	373
371	377
373	764
373	397
374	375
374	378
378	841
378	533
379	381
380	387
381	612
382	391
382	385
383	387
383	384
384	852
385	387
386	663
388	392
388	390
390	395
390	982
392	396
392	628
392	616
393	395
393	766
394	440
394	415
394	609
394	941
395	396
395	926
396	870
396	741
397	405
397	399
397	400
397	543
398	402
398	529
398	406
398	530
398	536
399	540
399	530
399	401
399	403
400	542
400	532
401	406
401	543
401	542
401	541
402	407
402	535
403	406
404	535
404	531
404	526
404	541
405	528
405	537
405	533
405	532
405	406
406	526
407	534
407	540
407	539
408	413
408	495
409	410
409	412
410	413
410	414
410	417
410	832
410	561
411	415
413	416
419	421
420	572
420	425
422	426
423	426
423	839
423	739
424	428
424	776
424	539
426	446
427	429
427	929
430	431
431	439
431	441
431	442
431	449
432	435
433	480
433	843
434	440
435	669
436	440
437	787
438	874
442	743
443	451
443	985
443	919
444	449
445	455
447	544
448	453
453	592
454	801
454	828
457	461
457	465
457	462
457	459
457	704
458	468
458	469
458	464
458	466
458	460
458	519
459	471
459	463
459	461
459	462
459	465
459	470
460	466
460	469
460	468
460	464
460	467
461	463
461	465
461	471
461	470
461	462
462	470
462	471
463	465
463	470
463	471
464	469
464	467
465	470
465	471
465	668
466	467
466	689
466	915
467	468
467	811
467	742
468	469
468	879
468	871
470	908
472	484
472	485
473	730
474	487
474	917
477	546
478	685
480	483
483	486
487	807
488	492
489	503
489	491
490	498
493	500
494	503
497	565
499	898
500	502
501	503
502	503
502	704
504	520
504	514
504	505
504	518
504	512
504	523
504	508
504	871
504	973
504	906
505	512
505	517
505	508
505	510
505	520
505	914
505	664
506	519
506	520
506	819
506	507
506	510
506	744
506	972
507	510
507	508
507	521
507	830
508	521
508	509
508	514
508	837
509	514
509	518
509	523
509	520
509	709
510	514
510	517
510	512
511	522
511	516
511	515
512	523
512	519
512	830
513	515
513	516
513	696
514	519
514	750
515	522
515	516
515	681
516	522
516	956
517	519
517	523
518	520
518	521
518	892
518	605
518	769
520	523
520	892
521	523
522	875
522	837
523	920
523	963
524	543
524	542
524	527
525	531
525	537
525	714
525	526
526	542
526	534
526	541
526	529
527	529
527	539
527	536
528	539
529	533
529	539
529	542
529	543
530	543
530	532
531	541
531	536
531	532
532	536
532	541
533	539
533	543
533	534
534	539
535	541
535	537
535	543
535	536
536	542
536	537
537	543
537	541
537	538
538	539
538	542
539	540
539	541
540	541
540	542
544	557
544	548
545	556
545	554
545	558
545	565
545	694
545	549
546	565
546	547
546	552
546	564
546	566
547	559
547	560
547	566
547	565
547	558
548	550
548	555
548	561
548	553
548	557
549	565
549	556
549	563
550	553
551	552
551	565
551	562
551	564
551	556
551	560
551	559
551	566
552	564
552	554
552	559
552	563
552	562
552	797
552	558
553	561
553	557
554	566
554	559
554	562
554	560
555	561
556	564
556	563
556	565
557	561
558	562
558	563
558	559
559	566
559	565
560	563
562	566
562	565
563	565
564	566
567	570
568	601
569	573
570	989
572	584
572	585
573	579
573	602
575	596
576	584
576	590
576	940
578	586
579	588
579	591
581	601
582	588
583	591
583	835
586	587
593	644
595	596
598	601
599	600
600	955
604	919
604	912
604	756
604	909
604	735
604	647
604	709
605	777
605	722
605	632
605	765
605	709
606	892
606	828
606	781
606	983
606	632
606	917
606	914
606	724
607	973
607	932
607	622
607	698
607	713
607	883
607	732
607	997
607	981
608	998
608	730
608	707
608	956
608	636
608	812
608	855
608	706
608	826
608	849
608	900
609	733
609	821
609	901
609	751
609	646
609	759
609	938
609	641
609	683
609	764
609	676
610	885
610	812
610	917
610	920
610	837
610	955
610	855
610	890
610	763
610	870
610	975
611	674
611	924
611	729
611	850
611	716
612	765
612	907
612	932
612	910
612	614
612	723
612	888
612	732
612	620
612	639
612	954
612	870
613	699
613	707
613	752
613	867
613	941
613	664
613	821
613	921
613	883
613	718
613	991
614	739
614	997
614	710
614	765
614	667
614	817
614	814
614	914
614	625
614	805
614	644
614	620
614	869
615	856
615	745
615	789
615	721
615	897
615	749
616	647
616	802
616	843
616	910
616	657
616	967
616	752
616	983
616	649
616	816
616	723
616	734
616	626
616	854
617	999
617	835
617	975
617	983
617	810
617	942
617	898
617	946
617	804
617	672
617	649
617	726
617	836
617	638
617	774
618	997
618	683
618	898
618	920
618	679
618	797
618	783
618	629
618	839
618	806
619	985
619	904
619	757
619	824
619	902
619	666
619	813
619	629
620	818
620	860
620	948
620	875
620	997
620	840
620	927
620	699
620	746
620	889
620	715
620	621
620	738
620	780
620	973
620	709
620	690
620	878
621	888
621	757
621	990
621	967
621	696
621	838
621	777
621	682
621	946
621	910
621	664
621	668
621	835
622	839
622	653
622	637
622	882
622	805
622	976
622	634
622	964
622	667
622	688
622	722
623	717
623	822
624	912
624	952
624	915
624	663
624	625
624	706
624	854
624	888
625	977
625	896
625	808
625	662
625	632
625	712
625	879
625	831
625	706
625	990
625	816
625	895
625	815
626	889
626	826
626	930
626	785
626	662
626	851
626	919
626	985
626	758
626	828
627	680
627	796
627	798
627	852
628	798
629	813
629	972
629	851
629	973
629	902
629	869
629	935
629	642
629	794
629	846
630	789
630	768
630	702
630	866
631	936
631	687
631	896
631	739
631	915
631	922
631	708
631	870
631	636
631	952
631	920
631	954
631	761
631	884
631	644
631	686
631	746
632	813
632	654
632	652
632	705
632	883
632	785
632	922
632	964
632	975
632	706
632	637
632	855
632	848
633	944
633	724
633	921
633	741
633	998
633	765
633	961
633	879
633	956
633	739
634	997
634	810
634	865
634	985
634	932
634	842
634	958
634	802
634	906
634	678
634	675
634	946
634	636
634	952
635	966
635	770
635	796
635	834
635	693
635	905
636	865
636	955
636	841
636	881
636	703
636	682
636	885
636	886
636	761
636	894
636	795
637	941
637	723
637	894
637	946
637	965
637	938
637	649
637	703
637	797
637	901
637	953
637	969
637	951
637	860
637	915
637	671
637	936
637	756
637	641
638	945
638	800
638	672
638	901
638	860
638	887
638	682
638	942
638	938
638	963
638	683
638	998
638	953
639	892
639	686
639	828
639	832
639	826
639	915
639	708
639	722
639	945
639	964
639	860
639	852
639	839
639	864
639	746
639	963
639	823
640	777
640	672
640	678
640	649
640	759
640	846
640	710
640	656
640	860
641	964
641	887
641	914
641	682
641	854
641	947
641	987
641	882
641	982
641	846
641	654
641	814
641	804
642	845
642	669
642	831
642	900
642	958
642	837
642	672
642	750
642	936
642	888
642	666
642	818
642	917
643	971
643	929
643	760
643	671
643	722
643	704
643	875
643	664
643	874
643	890
644	945
644	927
644	744
644	797
644	870
644	948
644	961
644	999
644	900
644	921
645	678
645	759
645	753
645	824
645	848
645	647
645	668
645	972
645	954
645	841
645	808
645	730
646	870
646	913
646	751
646	752
646	688
646	748
646	862
646	744
646	806
646	669
646	810
647	998
647	862
647	870
647	724
647	997
647	774
647	879
647	832
647	654
647	820
647	961
648	811
649	779
649	883
649	999
649	842
649	967
649	754
649	898
649	652
649	955
649	722
649	982
649	781
649	863
649	678
649	849
649	739
650	669
650	915
650	703
650	970
650	908
650	668
650	927
650	744
650	975
650	816
650	731
650	871
650	653
650	873
651	729
651	691
651	661
651	974
651	856
651	767
651	775
651	893
652	958
652	900
652	912
652	687
652	969
652	657
652	930
652	781
652	987
652	922
652	845
653	889
653	882
653	871
653	724
653	760
653	734
653	927
653	986
653	846
653	704
653	948
653	932
653	884
653	718
654	854
654	814
654	823
654	888
654	932
654	777
654	755
654	990
654	801
654	764
654	707
654	920
655	731
655	947
655	750
655	709
655	785
655	890
655	892
655	879
655	848
655	919
656	948
656	973
656	805
656	675
656	889
656	734
656	972
656	998
656	951
657	757
657	967
657	857
657	991
657	765
657	723
657	744
657	884
657	730
657	710
657	947
657	839
657	919
658	957
658	674
658	899
658	980
658	772
658	866
658	833
658	918
659	994
659	714
659	937
659	719
659	880
660	694
660	771
661	716
661	792
662	922
662	664
662	853
662	779
662	867
662	909
662	934
663	706
663	840
663	979
663	703
663	748
663	724
663	785
663	860
663	876
663	763
664	704
664	842
664	969
664	865
664	774
664	686
664	787
664	843
664	928
664	696
665	725
665	809
665	701
665	858
666	885
666	757
666	785
666	667
666	751
666	695
666	907
666	793
666	712
666	732
666	797
666	777
666	779
667	690
667	687
667	672
667	765
667	862
667	675
667	876
667	744
667	928
667	821
667	972
667	785
667	985
668	935
668	882
668	973
668	857
668	982
668	970
668	769
668	941
668	955
668	892
669	991
669	902
669	933
669	800
669	742
669	718
669	851
669	774
669	706
670	825
670	827
670	960
670	778
670	940
670	803
671	753
671	805
671	906
671	774
671	724
671	915
671	838
671	779
671	888
671	733
671	683
672	842
672	776
672	982
672	933
672	997
672	824
672	996
672	895
672	878
672	939
672	812
672	855
672	919
672	902
672	889
672	935
673	942
673	678
673	981
673	938
673	841
673	715
673	853
673	971
673	769
674	811
674	788
674	729
674	931
674	684
675	832
675	958
675	841
675	677
675	867
675	779
675	706
675	929
675	733
675	831
675	914
675	885
675	907
675	917
675	765
676	842
676	677
676	841
676	755
676	743
676	975
676	848
676	920
677	961
677	801
677	848
677	806
677	755
677	800
677	728
677	805
677	906
677	863
677	889
677	765
677	998
678	687
678	885
678	944
678	998
678	746
678	835
678	797
679	890
679	682
679	878
679	763
679	981
679	715
679	690
679	912
679	970
679	724
679	934
679	943
680	949
680	782
680	798
680	799
681	951
681	895
681	938
681	963
681	967
681	688
681	870
681	922
681	754
682	741
682	761
682	806
682	990
682	841
682	762
682	698
682	895
682	886
683	724
683	839
683	695
683	956
683	961
683	824
683	750
683	876
683	843
683	710
684	773
684	714
684	827
684	880
684	790
684	984
684	725
684	737
685	899
685	830
685	729
685	697
685	856
685	694
686	864
686	807
686	939
686	887
686	860
686	812
686	867
686	952
686	742
686	976
686	872
687	838
687	919
687	947
687	802
687	699
687	758
688	855
688	879
688	764
688	815
688	942
688	956
688	715
688	826
688	947
688	886
688	738
688	763
689	976
689	845
689	805
689	739
689	926
689	923
689	982
689	853
689	823
690	907
690	776
690	941
690	845
690	797
690	842
690	794
690	818
690	991
690	723
690	906
690	943
691	918
691	772
691	957
691	745
692	851
692	698
692	826
692	712
692	885
692	828
692	947
692	903
692	887
693	962
693	834
693	819
694	772
694	711
694	893
695	904
695	806
695	805
695	795
695	895
696	785
696	881
696	929
696	938
696	941
696	703
696	954
696	777
696	705
696	900
696	875
696	728
696	928
697	899
697	792
697	830
697	767
697	980
697	784
697	789
698	997
698	907
698	948
698	961
698	987
698	845
698	840
698	904
698	699
698	748
698	928
698	755
698	712
699	971
699	930
699	947
699	944
699	831
699	958
699	909
699	884
699	994
699	747
700	833
700	702
700	784
700	893
701	786
701	778
701	825
701	790
701	803
702	768
702	711
702	950
702	729
702	914
703	917
703	765
703	878
703	804
703	981
703	892
703	900
703	886
703	965
703	933
703	781
704	810
704	982
704	779
704	854
704	986
704	911
704	898
704	815
705	726
705	954
705	816
705	724
705	828
705	967
705	840
705	762
705	804
706	998
706	939
706	759
706	742
706	728
706	927
706	776
707	906
707	743
707	739
707	935
707	867
707	888
707	992
707	757
707	892
707	878
707	952
707	910
708	948
708	997
708	804
708	746
708	986
708	730
708	873
709	889
709	877
709	750
709	808
709	975
709	818
709	769
709	814
710	820
710	764
710	805
710	783
710	927
711	768
711	775
711	833
712	947
712	724
712	886
712	797
712	956
712	998
712	964
712	739
712	760
712	971
712	898
713	785
713	902
713	841
713	761
713	718
713	722
713	872
714	825
714	717
714	858
714	993
714	737
714	938
715	981
715	997
715	777
715	969
715	800
715	804
715	874
715	972
715	988
715	860
715	910
716	771
716	897
716	856
717	747
717	786
717	868
717	773
718	872
718	938
718	930
718	864
718	910
718	818
718	731
718	832
719	773
719	859
719	858
719	978
719	994
719	868
719	960
720	766
720	829
720	925
720	834
721	749
721	729
721	957
722	764
722	869
722	878
722	835
722	854
722	758
722	959
722	855
722	943
722	876
722	793
722	742
723	875
723	972
723	922
723	852
723	929
723	952
723	842
723	862
723	882
723	837
723	896
724	922
724	886
724	977
724	939
724	814
724	781
724	863
724	933
724	748
725	859
725	737
725	940
725	786
725	822
725	825
726	735
726	763
726	746
726	826
726	941
726	855
727	834
727	782
728	733
728	961
728	804
728	867
728	758
728	870
728	735
728	848
728	934
728	958
729	833
729	749
729	768
729	745
729	924
730	751
730	894
730	941
730	820
730	975
730	884
730	932
730	887
730	915
730	865
731	754
731	732
731	911
731	887
731	906
731	797
731	801
731	878
731	787
731	910
731	883
731	849
732	853
732	849
732	888
732	909
732	917
732	835
732	973
733	889
733	920
733	933
733	842
733	831
733	860
733	888
733	843
733	852
733	878
734	839
734	964
734	851
734	914
734	887
734	912
734	926
734	998
735	774
735	845
735	870
735	970
735	781
735	750
736	940
736	978
736	803
736	937
736	773
736	809
737	809
737	868
738	935
738	750
738	872
738	923
738	979
738	889
738	867
738	806
738	983
739	820
739	914
739	881
739	903
739	837
739	852
739	992
740	962
740	847
740	796
740	905
740	834
741	951
741	990
741	837
742	878
742	785
742	900
742	787
742	936
742	886
742	743
742	982
742	933
742	976
742	969
743	815
743	895
743	753
743	970
743	849
743	876
743	952
744	797
744	755
744	981
744	793
744	983
744	762
744	954
745	974
745	792
746	884
746	855
746	831
746	963
746	914
746	982
746	898
746	780
746	781
746	871
748	805
748	954
748	871
748	986
748	947
748	873
748	992
748	757
748	797
749	893
749	931
749	957
750	975
750	896
750	979
750	877
750	870
751	840
751	760
751	936
751	887
751	915
751	955
751	921
751	843
751	907
751	932
752	808
752	890
752	823
752	876
752	934
753	769
753	800
753	765
753	947
753	805
753	754
753	941
753	839
753	983
753	832
753	894
754	908
754	930
754	982
754	934
754	872
754	777
754	932
754	774
754	944
755	942
755	915
755	890
755	783
756	795
756	964
756	911
756	835
756	840
756	928
756	895
756	907
757	885
757	882
757	780
757	911
757	846
757	800
757	808
758	982
758	927
758	862
758	797
758	944
759	982
759	970
759	871
759	820
759	958
759	959
759	824
759	769
759	981
760	967
760	976
760	835
760	977
760	901
760	986
760	920
760	971
761	831
761	874
761	807
761	955
761	923
761	930
761	906
761	826
761	806
762	846
762	779
762	992
762	840
762	845
762	794
763	910
763	876
763	843
763	871
763	821
763	867
763	845
763	900
764	824
764	797
764	894
764	779
764	874
764	963
764	845
764	977
765	991
765	983
765	824
765	865
765	787
765	813
765	915
765	823
765	900
766	925
766	799
766	798
767	833
767	974
768	893
768	950
768	784
768	861
768	864
769	871
769	895
769	884
769	990
769	804
769	939
769	929
769	812
770	949
770	905
770	829
771	811
771	830
771	950
772	891
772	850
773	968
773	993
773	937
773	803
774	869
774	956
774	987
774	973
774	935
774	885
774	967
774	862
774	859
775	844
775	950
776	795
776	971
776	890
777	971
777	848
777	988
777	840
777	961
777	976
777	972
778	827
778	940
778	978
779	981
779	793
779	814
779	818
779	967
779	963
779	947
780	840
780	801
780	848
780	910
780	904
780	896
780	781
780	816
780	842
780	961
780	892
780	853
780	936
781	939
781	963
781	839
781	986
782	819
782	925
783	999
783	881
783	914
783	869
783	841
783	894
783	813
783	959
783	947
783	884
783	929
784	893
784	844
785	894
785	862
785	807
785	873
785	959
785	898
786	825
786	978
786	827
787	878
787	952
787	945
787	870
787	979
787	877
787	934
787	839
788	931
788	833
788	916
788	792
788	924
788	789
789	918
789	931
791	829
791	995
792	830
792	861
792	897
792	850
793	952
793	837
793	794
793	812
793	865
793	840
793	935
793	930
794	935
794	835
794	820
794	821
794	917
794	865
794	823
794	801
795	894
795	797
795	973
795	959
795	820
795	826
795	886
795	831
796	989
796	966
796	847
796	962
796	834
796	925
797	804
797	996
797	867
797	992
798	905
799	925
799	995
799	962
799	966
799	829
799	905
800	824
800	987
800	983
800	903
800	810
800	920
800	914
800	871
800	963
801	887
801	904
801	945
801	802
801	853
801	892
801	878
801	898
801	973
801	927
802	863
802	929
802	954
802	923
802	867
802	948
802	956
802	932
802	908
802	976
803	880
803	868
803	937
804	915
804	976
804	932
804	878
804	810
804	845
804	970
804	981
805	999
805	991
805	838
805	955
806	982
806	817
806	936
806	849
806	889
806	954
806	897
807	971
807	985
807	828
807	892
807	815
807	883
808	933
808	992
808	876
808	991
808	976
808	959
808	979
808	987
808	824
808	821
809	968
809	868
809	858
810	941
810	863
810	873
810	843
810	942
811	833
812	874
812	944
812	898
812	930
812	838
812	823
812	955
812	975
812	910
812	895
813	938
813	903
813	849
813	890
813	871
813	979
813	934
813	915
813	997
813	855
813	941
813	969
814	876
814	998
814	885
815	915
815	996
815	895
815	828
815	933
815	877
816	900
816	848
816	933
816	975
816	921
816	820
816	860
817	855
817	990
817	926
817	846
817	982
818	828
818	959
818	985
818	922
818	863
818	898
819	989
819	905
819	925
819	847
819	966
820	938
820	852
820	939
820	879
820	896
820	854
821	953
821	955
821	936
821	967
821	823
821	913
822	859
822	994
822	978
822	993
822	868
823	874
823	870
823	988
823	979
823	839
824	867
824	961
824	871
826	958
826	852
826	908
826	961
827	984
827	968
828	935
828	836
828	882
828	963
828	944
828	919
828	883
828	885
828	886
828	911
829	995
829	966
829	905
831	906
831	888
831	975
831	869
831	992
831	921
831	877
832	842
832	854
832	889
832	876
833	924
833	856
835	963
835	840
835	907
835	942
836	875
836	923
836	979
836	857
836	969
836	846
837	934
837	842
837	876
837	862
837	865
837	933
838	860
838	842
838	986
838	839
838	840
839	975
839	846
839	917
839	902
839	913
839	951
840	884
840	992
840	889
840	901
840	985
840	887
840	970
840	915
841	877
841	872
841	981
841	947
841	932
842	898
843	910
843	953
843	942
843	885
843	998
843	849
845	873
846	943
846	872
846	969
846	901
846	849
846	941
846	900
846	907
846	913
847	962
847	949
848	926
848	933
848	919
848	875
848	929
848	867
848	934
848	956
849	932
849	915
849	997
850	899
850	931
851	865
851	977
851	951
851	853
851	948
852	911
852	877
852	998
852	981
852	898
853	909
853	935
853	972
853	865
854	930
854	996
854	920
854	903
854	864
855	959
855	953
855	896
855	945
855	943
855	877
855	956
856	866
857	863
857	992
857	943
857	982
857	945
857	977
857	941
859	994
859	993
860	967
860	943
860	945
860	929
860	909
860	927
861	899
861	980
861	916
862	952
862	959
862	928
863	986
863	870
863	927
863	919
863	902
864	898
864	872
864	998
864	975
864	976
865	967
865	890
865	927
865	952
865	896
866	980
867	888
867	961
867	915
867	886
867	977
868	960
868	984
869	874
869	992
869	917
869	938
869	909
869	941
870	882
870	972
870	909
870	954
870	973
870	904
871	908
871	990
871	875
871	977
871	946
871	888
871	958
872	882
872	890
872	874
873	991
873	939
873	986
873	896
874	901
874	917
874	946
874	977
874	945
875	955
875	877
876	959
876	975
876	904
876	879
877	973
877	959
877	888
877	934
877	981
877	906
877	971
878	896
878	901
878	879
878	921
878	926
878	998
879	971
879	998
879	932
879	941
879	946
879	889
880	960
881	956
881	936
881	910
881	948
881	996
881	987
881	959
882	986
882	913
882	963
882	923
882	890
882	927
883	920
883	946
884	941
884	885
884	945
885	969
885	998
886	987
886	992
886	946
886	955
887	956
887	977
887	938
888	971
889	973
890	958
890	908
890	942
890	921
892	996
892	997
893	980
893	924
894	975
894	987
894	983
894	906
894	941
894	903
895	965
895	917
895	977
895	910
896	908
896	972
896	929
896	935
896	904
898	975
898	982
900	912
901	945
902	952
902	973
902	996
902	908
902	979
902	938
903	961
903	965
903	955
903	947
903	996
903	983
904	948
904	963
904	933
904	941
904	926
904	985
904	945
904	982
906	945
906	971
906	910
907	938
907	921
908	941
908	954
908	915
908	987
908	967
909	961
909	955
909	956
909	911
909	915
910	979
910	917
910	926
911	975
911	953
911	936
911	952
911	934
912	961
912	953
912	933
912	958
913	952
914	945
914	951
915	947
915	965
915	973
916	974
917	999
917	967
917	932
917	997
918	957
919	958
919	964
919	948
920	973
920	946
921	943
921	938
921	990
922	987
922	956
922	964
923	990
923	936
925	949
925	966
926	970
926	935
927	991
928	951
928	970
930	979
930	976
930	956
930	947
930	990
932	967
933	943
934	986
934	979
934	970
934	990
936	948
936	979
936	991
937	978
938	947
938	965
939	955
942	971
942	975
943	999
943	975
943	973
943	956
943	997
944	988
944	997
945	959
945	963
946	967
946	971
946	958
946	951
947	997
947	988
947	983
948	975
949	995
951	987
951	976
952	956
952	972
953	956
953	983
953	963
955	979
956	991
958	976
958	963
961	963
963	971
964	977
965	976
966	989
968	994
970	988
972	990
974	980
975	996
976	977
976	987
977	986
981	982
981	988
983	998
985	991
996	997
