0	931
0	825
0	844
0	841
0	916
0	936
0	942
0	568
0	958
0	826
1	881
1	864
1	855
1	990
1	815
1	145
1	836
1	894
1	981
1	822
2	986
2	854
2	898
2	994
2	836
2	922
2	939
2	937
2	933
2	877
3	909
3	988
3	959
3	168
3	948
3	941
3	994
3	930
3	904
3	896
3	817
3	252
4	727
4	641
4	792
4	378
5	852
5	45
5	43
5	608
5	599
6	953
6	828
6	849
6	995
6	851
6	861
6	794
6	823
6	827
6	525
7	220
7	11
7	221
7	235
7	237
7	231
7	743
7	571
7	204
8	236
8	232
8	234
8	368
9	12
9	219
9	13
9	10
9	223
9	218
9	222
9	217
9	203
10	12
10	13
10	219
10	218
10	217
10	223
10	222
10	253
11	221
11	220
11	231
11	720
11	678
11	812
11	532
11	623
12	223
12	13
12	217
12	222
12	218
12	362
12	203
13	218
13	219
13	222
13	217
13	223
13	208
13	450
14	197
14	18
14	312
14	603
15	17
15	202
15	778
15	261
16	19
16	200
16	242
16	924
17	202
17	593
17	265
18	197
18	474
18	589
19	200
19	242
19	72
20	198
20	201
20	238
20	243
20	310
20	309
20	991
20	849
20	850
20	960
20	397
21	26
21	612
21	716
22	24
22	747
22	894
22	949
23	27
23	25
24	747
24	642
24	463
25	27
25	639
26	612
28	71
28	133
28	134
28	397
29	30
29	34
30	34
30	273
31	33
31	137
31	72
31	888
31	75
31	142
32	70
32	135
33	75
33	72
33	308
33	361
33	164
33	798
35	40
35	36
35	37
35	39
35	90
35	89
35	38
35	84
35	296
35	855
36	37
36	40
36	131
36	130
36	875
36	85
36	38
36	805
36	41
37	38
37	85
37	685
37	89
37	39
37	41
37	720
37	88
38	39
38	40
38	41
38	86
38	87
38	85
38	88
39	41
39	472
39	40
39	89
39	311
39	391
39	85
40	84
40	86
40	89
40	90
40	41
40	824
41	132
41	89
41	90
41	389
41	88
42	44
42	866
42	954
42	902
42	907
42	963
42	159
42	160
43	45
43	852
43	652
43	754
44	907
44	866
44	902
44	954
44	159
44	154
44	156
45	852
45	754
45	704
46	47
46	48
47	48
49	286
49	281
49	51
49	58
49	797
49	534
49	428
49	555
50	282
50	53
50	55
50	426
50	427
50	739
50	61
50	746
51	286
51	52
51	281
51	61
51	427
51	433
51	53
52	286
52	281
52	433
52	60
52	53
52	55
52	345
53	282
53	55
53	797
53	105
53	110
54	284
54	710
54	432
54	430
54	735
54	106
54	653
54	285
55	282
55	426
55	739
55	281
55	797
56	745
56	707
56	57
56	594
56	708
56	672
56	531
56	584
56	375
56	632
56	526
57	707
57	594
57	745
57	672
57	632
57	88
57	976
57	274
57	712
57	471
58	61
58	60
58	694
58	107
59	62
59	640
59	560
59	524
59	72
59	805
59	478
60	61
60	694
60	111
61	694
62	560
62	805
62	970
62	524
62	640
62	260
63	65
63	534
63	746
63	760
63	345
63	349
63	350
63	105
63	426
63	347
63	577
63	520
64	66
64	68
64	69
64	336
64	67
64	352
64	332
64	298
64	322
64	331
64	248
64	188
64	652
64	822
65	549
65	346
65	349
65	347
65	534
65	348
65	345
65	760
65	350
65	351
65	746
65	107
65	651
65	659
65	563
66	69
66	67
66	68
66	331
66	352
66	336
66	332
66	496
67	69
67	331
67	332
67	352
67	957
67	973
67	68
67	982
67	998
67	560
68	69
68	352
68	332
68	331
68	336
68	537
68	975
68	168
68	490
69	332
69	336
69	323
69	331
69	889
69	352
69	452
69	910
70	135
71	133
71	134
71	777
72	137
72	75
72	136
73	138
73	74
73	139
73	175
73	795
74	76
74	139
74	692
74	709
75	137
75	136
75	723
75	162
76	139
76	138
76	175
76	692
77	423
77	417
77	420
77	421
77	81
77	342
77	246
77	340
77	338
77	239
78	420
78	79
78	417
78	82
78	422
78	424
78	337
78	418
78	83
78	241
79	81
79	82
79	83
79	420
79	421
79	424
79	80
79	248
79	342
80	82
80	420
80	418
80	422
80	249
80	251
80	247
80	182
80	244
81	421
81	423
81	424
81	419
81	420
81	82
81	341
81	344
82	424
82	418
82	342
82	340
82	247
82	249
83	417
83	419
83	418
83	339
83	423
83	246
83	247
83	340
84	86
84	88
84	477
84	485
84	85
84	87
84	90
84	295
85	484
85	87
85	88
85	854
86	87
86	89
86	475
86	470
86	472
86	477
86	729
87	88
87	90
87	475
87	89
87	485
87	870
88	472
88	89
88	90
89	90
89	617
90	470
90	484
90	475
91	93
91	559
91	830
91	363
92	288
92	290
92	971
92	774
92	359
92	293
92	373
92	711
92	360
92	872
93	830
93	559
93	173
94	288
94	293
94	768
94	357
94	256
94	752
94	780
94	354
94	682
94	711
95	97
95	96
95	834
95	811
95	793
95	606
95	128
95	998
95	355
95	358
96	97
96	588
96	665
96	606
96	287
96	793
96	680
96	834
96	811
97	588
97	766
97	356
97	811
97	680
97	998
97	834
97	860
98	400
98	393
98	101
98	396
98	102
98	103
98	398
98	520
98	460
98	993
98	845
99	399
99	394
99	395
99	397
99	253
99	873
99	498
100	395
100	397
100	399
100	394
100	803
100	886
100	931
101	104
101	103
101	398
101	396
101	400
101	332
101	102
101	393
102	400
102	104
102	103
102	132
102	588
102	851
102	331
102	393
103	104
103	396
103	398
103	393
103	400
103	168
103	740
104	393
104	396
104	913
104	200
104	844
105	107
105	110
105	111
105	286
105	739
105	345
105	746
105	479
106	109
106	432
106	285
106	735
106	425
106	664
106	649
106	320
106	710
106	108
106	319
106	674
107	282
107	111
107	426
107	428
107	549
107	427
107	348
108	109
108	429
108	653
108	565
108	533
108	430
108	425
108	664
108	283
108	582
108	318
109	432
109	429
109	425
109	430
109	284
109	317
109	321
110	111
110	426
110	428
110	433
110	427
110	746
110	349
110	346
111	428
111	433
111	431
111	345
111	346
111	534
112	116
112	409
112	114
112	115
112	123
112	414
112	125
112	401
112	726
112	765
113	114
113	414
113	416
113	118
113	409
113	117
113	410
113	412
113	542
113	124
114	409
114	410
114	412
114	116
114	118
114	122
114	802
114	592
115	116
115	409
115	410
115	118
115	117
115	416
115	121
115	744
115	171
116	118
116	410
116	414
116	412
116	121
116	782
116	405
117	409
117	412
117	416
117	410
117	123
117	124
117	120
117	542
118	416
118	412
118	121
118	120
118	125
118	409
119	411
119	659
119	415
119	651
119	555
119	539
119	345
119	350
119	577
119	502
119	351
120	124
120	121
120	122
120	125
120	702
120	414
120	123
120	409
121	124
121	125
121	409
121	410
121	860
121	922
122	123
122	124
122	409
122	410
122	762
122	702
122	782
122	536
123	124
123	125
123	553
123	412
123	762
123	993
124	125
124	782
124	625
124	536
125	614
125	658
125	744
125	592
126	132
126	130
126	127
126	131
126	245
126	774
126	128
126	262
126	885
127	128
127	129
127	130
127	132
127	640
127	131
127	988
128	130
128	132
128	131
128	935
128	129
128	265
128	977
129	132
129	130
129	131
129	990
129	629
129	524
129	622
129	378
130	132
130	939
130	629
130	532
130	993
131	132
131	863
131	288
131	890
131	895
132	290
132	724
133	134
133	350
134	863
136	137
136	563
136	873
136	983
136	222
137	890
137	923
137	943
138	139
138	205
138	208
139	795
140	921
140	943
140	595
140	215
141	903
141	824
141	877
141	864
141	964
141	977
141	999
141	881
141	939
141	820
142	965
142	892
142	174
142	983
142	891
142	925
142	587
142	946
142	173
143	906
143	957
143	838
143	899
143	905
143	816
143	951
143	857
143	989
143	916
144	989
144	887
144	899
144	916
144	835
144	974
144	841
144	838
144	936
144	956
145	146
145	935
145	820
145	922
145	981
145	937
145	840
145	990
145	835
146	832
146	928
146	875
146	829
146	986
146	964
146	939
146	894
146	938
147	151
147	440
147	150
147	152
147	441
147	442
147	436
147	435
147	437
147	149
148	150
148	435
148	149
148	152
148	442
148	167
148	538
148	151
148	233
148	623
149	153
149	435
149	151
149	439
149	152
149	167
149	162
149	598
150	153
150	435
150	152
150	438
150	439
150	532
150	728
150	167
151	152
151	441
151	439
151	437
151	438
151	743
151	598
152	153
152	434
152	435
152	440
152	571
153	442
153	434
153	440
153	436
153	435
153	604
153	167
154	158
154	156
154	159
154	160
154	155
154	157
154	902
154	745
154	808
155	157
155	158
155	159
155	160
155	954
155	156
155	753
155	670
155	715
156	158
156	907
156	902
156	806
156	159
156	576
156	667
157	160
157	954
157	866
157	907
157	159
157	158
157	753
157	667
158	160
158	530
158	670
158	159
158	673
158	277
159	963
159	160
159	715
160	963
160	673
160	661
160	361
161	162
161	166
161	163
161	167
161	728
161	165
161	720
161	237
161	604
161	743
162	163
162	164
162	437
162	532
162	904
162	872
162	233
163	164
163	743
163	571
163	604
163	678
163	439
163	165
163	237
164	167
164	165
164	728
164	571
164	538
164	532
164	231
165	167
165	166
165	623
165	538
165	728
165	743
165	705
166	167
166	604
166	678
166	743
166	436
166	438
166	231
166	235
167	538
167	258
168	904
168	909
168	988
168	387
168	970
168	948
168	821
168	941
168	865
168	896
168	817
168	232
168	856
169	880
169	949
169	859
169	972
169	914
169	455
169	184
169	465
170	172
170	918
170	926
170	831
171	874
171	862
171	967
171	919
171	873
171	885
171	863
171	888
171	912
172	918
172	926
172	229
173	174
173	983
173	892
173	965
173	845
173	891
173	940
173	946
173	846
173	922
173	627
174	940
174	965
174	892
174	891
174	983
174	184
174	780
174	946
174	220
174	925
174	846
174	845
175	620
175	709
175	796
175	692
175	795
176	408
176	550
176	636
176	546
176	626
176	684
176	579
176	478
176	224
176	686
177	603
177	566
177	483
177	799
177	407
177	471
177	589
177	583
177	479
177	535
178	403
178	402
178	401
178	179
178	406
178	529
178	181
178	536
178	725
178	592
179	181
179	675
179	545
179	401
179	658
179	542
179	731
179	631
179	802
180	763
180	738
180	944
180	216
180	970
181	401
181	762
181	725
181	614
181	702
181	406
181	737
181	675
182	183
182	188
182	770
182	187
182	790
182	596
182	254
182	660
182	548
182	691
182	974
183	790
183	254
183	187
183	548
183	188
183	826
183	560
183	600
183	691
183	489
183	372
184	258
184	256
184	669
184	255
184	257
184	719
184	253
184	900
185	740
185	186
185	666
185	769
185	900
185	374
185	999
185	197
186	773
186	252
186	740
186	769
186	529
186	666
186	531
187	188
187	596
187	548
187	600
187	239
187	691
187	254
187	341
187	790
188	254
188	600
188	548
188	749
188	770
188	849
188	790
188	635
188	940
189	193
189	194
189	190
189	452
190	194
190	193
191	192
191	195
191	497
192	195
192	647
193	194
193	493
193	740
194	493
195	487
195	932
195	872
196	783
196	696
196	647
196	663
197	312
198	201
198	240
198	309
198	934
198	805
198	478
198	996
198	884
198	849
198	987
199	241
199	239
199	313
199	311
199	244
199	937
199	299
199	247
200	242
201	310
201	240
201	243
201	861
201	656
201	309
201	808
201	705
201	889
202	613
202	265
203	207
203	208
203	204
203	209
203	205
203	796
203	206
203	620
204	207
204	206
204	205
204	208
204	709
204	209
204	961
205	208
205	206
205	209
205	207
205	222
206	209
206	207
206	208
206	346
206	219
207	209
207	208
207	218
207	222
208	209
208	796
208	620
209	217
210	211
210	212
211	212
211	758
213	356
213	287
213	355
213	811
214	960
214	591
214	930
214	924
215	872
215	357
215	943
216	978
216	627
216	997
217	223
217	219
217	218
217	222
217	645
218	223
218	222
218	219
219	222
219	223
219	922
220	221
220	233
220	231
220	297
220	438
220	396
221	235
221	237
221	441
221	532
221	623
221	365
222	223
224	227
224	229
224	230
225	228
225	226
226	228
227	230
227	229
227	579
229	230
230	787
231	233
231	235
231	440
231	720
232	234
232	236
233	237
233	235
233	740
233	361
233	817
234	236
234	468
235	237
235	678
235	677
235	261
236	243
237	678
237	914
237	532
238	309
238	310
238	314
238	240
238	876
238	851
238	868
238	995
238	996
238	934
239	313
239	244
239	308
239	241
239	339
240	243
240	309
240	897
240	828
240	851
240	253
240	930
241	244
241	313
241	308
241	248
241	862
242	254
243	314
243	309
243	310
243	884
243	823
243	953
243	876
244	311
244	308
244	343
244	559
245	247
245	246
245	248
245	342
245	419
245	420
245	251
245	677
245	338
246	249
246	250
246	247
246	248
246	337
246	423
246	338
247	249
247	250
247	251
247	248
248	250
248	338
248	421
248	343
249	251
249	344
249	250
249	342
249	343
249	423
250	251
250	337
250	339
250	344
250	340
250	343
251	337
251	344
251	421
251	424
251	571
252	666
252	740
252	773
252	530
252	769
252	432
253	257
253	256
253	255
253	719
253	365
253	645
253	813
254	691
254	790
254	929
254	548
254	600
254	835
254	289
255	256
255	257
255	645
255	258
255	719
255	663
255	569
255	540
255	669
256	258
256	257
256	669
256	645
256	719
256	894
256	966
257	669
257	719
257	258
257	865
257	645
257	784
257	834
258	719
258	645
258	669
258	666
258	773
258	871
259	261
259	778
259	573
259	593
259	265
259	572
259	613
259	643
259	467
259	512
260	262
260	263
260	264
260	647
260	785
260	609
260	663
260	789
260	696
260	655
260	358
260	783
261	265
261	593
261	572
261	613
261	778
261	573
261	704
261	527
262	264
262	263
262	655
262	637
262	783
262	969
262	785
262	696
262	508
262	609
262	521
262	663
263	264
263	785
263	783
263	663
263	789
263	705
263	637
263	595
263	696
263	655
263	609
264	637
264	647
264	655
264	609
264	696
264	698
264	636
264	587
264	917
264	842
264	946
264	783
264	676
265	572
265	573
265	778
265	613
265	593
265	569
265	652
266	564
266	712
266	585
266	618
266	552
266	641
266	729
267	271
267	621
267	788
267	557
267	781
267	528
267	307
267	807
267	581
267	717
268	269
268	717
268	611
268	788
268	271
268	681
268	621
268	800
268	557
268	741
269	611
269	687
269	581
269	271
269	272
269	306
269	741
269	781
269	557
270	706
270	570
270	767
270	551
270	699
270	724
270	518
270	716
270	511
271	611
271	800
271	681
271	687
271	307
271	306
271	581
272	788
272	781
272	307
272	807
272	621
272	791
272	306
272	473
272	407
273	279
273	276
274	275
274	278
274	576
275	278
275	277
275	605
276	279
277	278
277	757
278	300
280	284
280	429
280	283
280	430
280	285
280	533
280	432
280	317
281	286
281	427
281	351
281	549
282	431
282	286
282	694
282	351
283	285
283	432
283	429
283	425
283	318
284	653
284	429
284	582
284	430
284	777
285	653
285	565
285	425
285	430
286	431
286	694
287	834
287	610
287	588
287	358
287	942
287	654
287	680
287	669
288	290
288	359
288	304
288	292
288	872
288	971
288	787
289	843
289	563
289	646
289	723
289	353
289	863
289	697
289	857
289	531
289	871
290	293
290	780
290	711
290	872
290	718
290	359
290	682
291	580
291	950
292	293
292	943
292	682
292	810
292	774
292	514
292	875
292	588
292	354
293	780
293	360
293	971
293	921
293	354
293	943
294	300
294	299
294	296
294	920
294	889
294	298
294	304
294	879
294	297
295	296
295	298
295	297
295	299
295	300
295	338
295	840
295	886
295	536
296	298
296	300
296	297
296	299
296	463
296	537
296	504
297	300
297	298
297	299
297	853
297	845
297	531
298	300
298	299
298	874
298	932
299	300
299	436
299	711
300	938
300	545
300	757
301	629
301	759
301	919
301	302
301	639
301	677
301	967
301	984
301	749
301	888
302	303
302	305
302	759
302	695
302	629
302	967
302	893
302	984
302	677
302	858
303	305
303	759
303	629
303	639
303	695
303	893
303	919
303	874
303	873
303	858
304	679
304	357
304	752
304	872
304	648
305	639
305	695
305	919
305	677
305	878
305	984
305	967
305	858
306	621
306	807
306	307
306	557
306	528
306	781
306	799
307	781
307	557
307	621
307	687
307	717
307	741
308	311
308	313
308	310
308	718
309	310
309	314
309	924
309	708
309	995
310	314
310	828
310	934
310	883
310	827
311	313
311	341
311	672
312	352
312	603
313	421
313	524
313	422
314	996
314	884
314	960
314	827
314	833
314	823
314	876
315	318
315	321
315	317
315	320
315	319
315	316
315	432
315	540
315	430
315	544
316	321
316	319
316	318
316	320
316	430
316	537
316	400
317	318
317	321
317	320
317	649
317	756
317	713
318	319
318	320
318	321
319	320
319	321
319	780
320	321
322	323
324	327
324	466
324	361
324	368
325	362
325	366
326	367
326	379
326	383
327	368
327	363
327	386
328	760
328	351
329	562
329	635
329	751
329	668
329	798
329	372
329	373
329	375
329	618
329	370
329	665
329	547
329	371
330	335
330	520
330	775
330	784
330	736
330	333
330	749
330	615
330	973
330	647
330	502
330	857
331	336
331	332
332	336
332	352
332	455
332	884
332	770
333	784
333	736
333	749
333	775
333	334
333	520
333	369
333	615
333	335
333	708
334	784
334	615
334	749
334	335
334	520
334	736
334	607
334	775
334	393
334	668
335	736
335	615
335	784
335	520
335	775
335	749
335	919
335	925
336	352
336	984
336	494
337	343
337	340
337	339
337	342
337	418
337	421
338	339
338	344
338	903
338	422
338	343
339	343
339	340
339	420
339	417
339	422
340	344
340	419
340	341
340	343
341	343
341	344
341	422
341	417
341	815
341	342
342	422
342	344
342	423
343	418
344	417
344	419
345	349
345	351
345	346
345	350
345	347
345	760
345	746
345	534
345	594
345	539
345	549
346	348
346	549
346	760
346	349
346	347
346	351
346	350
346	411
346	577
347	350
347	349
347	534
347	351
347	549
347	746
347	760
347	427
347	433
347	348
347	659
348	746
348	350
348	351
348	534
348	349
348	760
348	428
348	413
348	972
348	659
349	350
349	351
349	549
349	534
349	746
349	433
349	426
349	415
349	555
349	659
350	351
350	746
350	760
350	534
350	431
350	539
350	555
350	615
350	411
351	549
351	760
351	534
351	746
351	651
352	494
352	862
353	871
353	380
353	801
353	636
353	843
353	563
353	600
353	723
354	359
354	357
354	360
354	943
354	682
354	563
354	372
355	356
355	358
355	793
355	834
355	680
355	998
355	610
355	587
356	588
356	811
356	606
356	793
356	358
356	586
356	885
357	359
357	360
357	514
357	971
357	683
357	941
358	998
358	586
358	764
358	834
358	588
359	360
359	872
359	752
359	668
359	683
360	682
360	872
360	780
360	856
360	711
361	363
361	365
361	364
361	368
361	461
361	458
361	457
361	381
361	793
362	366
363	365
363	364
363	459
363	383
363	368
363	615
363	393
364	368
364	461
364	365
364	384
364	383
364	586
364	974
364	585
364	928
364	969
365	368
365	383
365	811
365	801
365	781
365	668
365	965
365	444
367	379
368	466
368	384
368	697
368	647
368	829
369	374
369	376
369	616
369	736
370	373
370	372
370	635
370	371
370	375
370	668
370	562
370	751
371	372
371	373
371	668
371	798
371	375
371	596
372	373
372	668
372	375
372	751
372	562
372	635
372	865
372	798
372	594
373	798
373	562
373	668
373	721
373	375
373	785
373	635
373	751
373	894
374	607
374	376
374	590
375	562
375	635
375	798
375	705
375	398
375	453
376	616
376	607
376	784
377	382
377	380
377	378
377	990
378	382
380	382
380	720
381	383
381	384
381	458
382	822
384	459
385	392
385	386
386	392
387	388
387	391
387	389
387	390
388	391
388	389
388	390
388	982
389	390
389	391
390	391
390	754
393	400
393	396
393	398
394	397
394	395
394	399
394	600
394	645
395	399
395	397
395	492
395	855
396	400
396	510
396	998
396	398
397	399
398	400
398	775
398	853
399	704
401	762
401	631
401	744
401	776
401	733
401	406
402	403
402	804
402	675
402	405
402	542
402	744
402	592
402	782
402	414
403	406
403	592
403	804
403	776
403	725
403	553
403	631
403	405
404	597
404	630
404	732
404	714
404	758
404	777
404	756
405	744
405	804
405	536
405	542
405	726
405	553
405	776
406	545
406	804
406	592
406	776
406	731
406	536
407	482
407	483
407	481
407	471
407	567
407	619
407	476
407	622
408	590
408	787
408	546
408	547
408	578
408	671
408	750
408	967
408	701
409	414
410	414
410	416
410	412
411	413
411	659
411	577
411	415
411	651
412	416
412	414
412	832
413	415
413	539
413	577
413	555
413	651
413	746
414	416
414	894
415	659
415	651
415	577
416	782
416	553
416	702
417	419
417	421
417	424
417	831
418	424
418	422
418	420
418	423
419	423
419	421
419	422
419	420
420	423
421	424
422	424
423	424
425	432
425	430
425	429
425	710
425	653
425	635
426	427
426	431
426	428
426	549
427	428
427	431
427	534
428	431
428	433
428	760
429	430
429	755
429	574
429	582
429	540
430	432
430	735
430	664
431	433
431	739
431	746
432	710
432	574
432	664
432	755
433	549
433	555
434	440
434	441
434	439
434	437
434	538
434	532
434	436
434	598
435	440
435	436
435	437
435	442
436	437
436	441
436	442
436	571
437	438
437	441
437	439
437	442
438	441
438	440
438	439
438	571
438	598
439	442
439	440
439	538
440	442
440	441
441	442
441	623
442	604
443	448
443	450
443	451
443	543
443	444
443	785
444	446
444	451
444	448
444	450
444	624
445	453
445	452
445	449
445	521
445	758
445	447
446	450
446	448
446	543
446	451
446	517
446	664
447	449
447	452
447	453
447	521
447	705
448	450
448	451
449	453
449	521
449	452
450	451
450	624
450	517
450	940
451	780
452	453
452	521
453	521
454	456
454	464
454	462
454	468
454	467
454	460
454	955
454	463
454	607
454	855
454	747
454	878
455	468
455	460
455	456
455	462
455	463
455	914
455	859
455	467
455	464
455	787
456	464
456	463
456	460
456	465
456	880
456	955
456	468
456	949
456	914
456	462
457	466
457	458
457	459
457	461
458	459
458	461
459	466
460	462
460	467
460	465
460	463
460	468
460	707
460	721
461	466
462	465
462	468
462	467
462	463
462	464
462	880
462	859
463	467
463	465
463	468
463	953
463	464
464	468
464	467
464	465
464	972
464	933
464	593
464	863
465	467
465	468
465	880
465	731
465	914
465	642
467	914
467	859
467	468
467	858
468	748
468	498
469	473
469	480
469	481
469	476
469	474
469	479
469	483
469	471
469	482
469	583
469	628
469	556
469	581
469	535
470	472
470	484
470	477
470	475
470	485
471	474
471	482
471	480
471	476
471	473
471	481
471	535
471	483
471	690
471	689
472	485
472	477
472	484
473	474
473	483
473	480
473	479
473	482
473	476
473	481
473	622
473	800
473	515
473	601
474	479
474	480
474	476
474	481
474	619
474	535
474	601
474	589
474	967
474	690
475	484
475	477
475	485
476	481
476	479
476	482
476	483
476	583
476	799
476	567
476	515
476	589
477	484
477	485
478	684
478	722
478	671
478	648
478	550
478	546
478	701
478	626
478	686
478	817
478	662
478	861
478	898
478	927
478	960
478	895
478	590
478	846
478	540
478	548
478	770
478	888
478	786
479	482
479	481
479	483
479	480
479	567
479	589
479	690
479	799
480	482
480	481
480	483
480	516
480	799
480	689
480	628
480	567
480	528
481	583
481	689
481	566
481	628
481	482
481	622
482	483
482	689
482	583
482	791
482	567
482	603
483	799
483	566
483	689
483	628
483	583
484	485
486	503
486	505
486	513
486	507
486	512
486	490
486	760
486	498
487	497
488	494
488	511
488	508
488	770
488	531
489	513
489	510
489	512
489	503
489	502
489	505
489	490
489	911
489	779
489	498
489	895
490	498
490	507
490	505
490	513
490	510
490	502
490	637
491	501
491	506
492	504
492	495
492	496
492	509
492	524
492	560
494	508
494	499
495	500
495	504
495	496
495	672
495	926
495	938
496	504
496	500
496	509
496	645
498	502
498	507
498	510
498	512
498	503
498	513
498	505
498	955
498	785
499	508
499	511
499	942
499	958
500	509
500	504
500	940
500	948
500	925
501	506
502	507
502	513
502	505
502	503
502	512
503	505
503	507
503	512
503	510
504	509
504	632
505	507
505	510
505	513
505	512
507	513
507	510
508	511
509	979
509	939
509	729
510	513
510	512
510	519
511	563
512	513
512	961
513	541
514	718
514	683
514	752
514	810
514	774
514	872
514	971
515	556
515	516
515	603
515	567
515	799
515	535
515	601
515	619
516	603
516	583
516	556
516	589
516	628
516	619
516	566
516	689
517	543
517	624
518	570
518	551
518	771
518	716
518	767
518	699
518	724
518	706
518	713
518	638
519	627
519	700
519	978
520	784
520	736
520	749
520	775
520	616
520	615
522	665
522	998
522	985
522	793
522	834
522	680
522	610
523	715
523	530
523	806
523	808
523	576
523	757
523	866
523	661
524	805
525	794
525	703
525	591
525	558
525	656
525	889
525	995
525	996
526	708
526	745
526	632
526	707
526	594
526	672
527	652
527	608
527	779
527	544
527	569
527	643
527	754
527	599
528	657
528	781
528	611
528	791
528	788
528	681
528	741
529	542
529	631
529	782
529	725
529	553
529	731
529	658
529	744
530	757
530	715
530	806
530	576
530	650
531	871
531	563
531	646
531	669
532	678
532	623
532	604
532	720
533	649
533	574
533	664
533	582
533	755
534	549
534	760
534	746
535	589
535	689
535	690
535	681
535	601
536	731
536	804
536	693
536	675
536	762
537	561
537	777
537	729
537	540
537	721
537	756
537	660
537	734
537	676
537	758
537	705
537	748
537	617
537	698
537	584
538	728
538	743
538	571
538	598
538	623
538	720
539	651
539	555
539	760
539	746
540	758
540	674
540	676
540	705
540	561
540	597
540	756
540	729
540	803
540	823
541	685
541	697
541	764
541	766
542	782
542	614
542	545
542	658
543	624
544	643
544	608
544	569
544	754
544	779
544	652
544	778
544	573
544	669
545	553
545	675
545	658
545	592
545	725
545	765
546	686
546	662
546	654
546	578
546	671
546	579
546	923
547	722
547	648
547	750
547	550
547	701
547	578
547	854
547	671
548	790
548	600
548	596
548	770
548	691
549	760
549	746
549	555
550	684
550	671
550	590
550	787
550	626
550	701
550	648
551	767
551	570
551	771
551	638
551	713
551	716
551	706
551	724
552	618
552	564
552	585
552	712
552	640
552	831
553	782
553	776
553	765
553	614
554	630
554	732
554	597
554	705
554	748
554	721
554	993
555	577
555	651
555	659
556	628
556	583
556	603
556	566
556	622
556	799
556	689
557	717
557	741
557	621
557	687
557	807
558	794
558	703
558	851
558	897
558	884
558	960
558	591
558	833
559	830
560	640
560	805
561	584
561	617
561	748
561	705
561	674
561	803
561	777
561	721
561	630
561	676
561	756
561	660
561	754
562	751
562	635
562	668
562	798
562	608
563	843
563	698
563	871
563	646
563	723
564	712
564	585
564	618
564	718
564	898
565	735
565	574
565	649
566	619
566	628
566	603
566	690
566	601
567	601
567	628
567	589
567	671
568	772
568	634
568	761
569	608
569	754
569	779
569	652
569	643
569	599
569	573
569	704
570	724
570	706
570	767
570	638
570	716
571	598
571	720
571	728
571	743
572	613
572	778
572	593
572	573
572	652
572	643
572	865
573	613
573	778
573	593
573	779
573	688
574	649
574	582
574	755
575	644
575	633
576	808
576	715
576	661
576	806
577	659
577	651
577	797
577	727
578	662
578	722
578	654
578	671
578	750
578	787
578	939
579	722
579	686
579	654
579	787
579	684
579	626
579	636
580	950
581	800
581	611
581	717
581	687
581	807
581	657
582	664
582	649
583	628
583	799
584	748
584	676
584	758
584	660
584	756
584	803
584	874
584	679
585	712
585	618
585	950
586	610
586	587
586	811
586	588
586	998
586	766
587	606
587	766
587	665
587	610
587	734
587	680
588	834
588	998
588	665
588	606
588	680
588	988
588	861
589	619
589	689
590	701
590	626
590	688
590	636
590	750
590	945
591	794
591	819
591	953
591	960
591	995
591	984
592	675
592	765
592	733
593	778
593	613
593	704
593	599
594	707
594	745
594	672
594	632
594	708
594	599
595	730
595	810
595	774
595	683
595	971
595	752
595	679
596	691
596	770
596	992
596	790
596	898
596	969
596	995
596	941
597	732
597	714
597	630
597	734
598	678
598	604
598	728
598	743
598	623
598	982
599	704
599	754
599	643
599	779
599	608
599	783
600	770
600	790
600	930
600	615
601	689
601	687
601	690
601	741
602	786
602	742
602	809
603	619
603	622
604	678
604	728
604	623
604	720
604	743
605	673
605	670
605	667
605	650
605	753
605	954
605	757
606	610
606	793
606	680
606	811
607	616
608	779
608	704
608	652
608	754
608	643
608	973
609	789
609	696
609	655
609	785
609	783
609	663
610	793
610	766
610	811
610	665
611	687
611	657
611	807
611	788
611	799
613	778
613	903
613	779
614	631
614	725
614	782
614	762
614	658
614	733
615	736
615	784
615	749
615	775
616	775
617	660
617	803
617	729
617	674
617	705
617	748
617	732
617	721
617	758
617	734
617	777
617	736
618	712
618	696
619	690
619	622
619	800
620	795
620	692
620	709
620	796
621	800
621	657
621	717
621	807
622	690
622	689
622	791
623	720
623	728
623	678
625	726
625	693
625	737
625	802
625	804
625	675
626	636
626	684
626	801
626	750
626	648
627	700
628	690
629	677
629	695
629	759
629	639
629	984
629	912
630	714
630	705
630	758
631	675
631	744
631	804
631	776
631	702
632	707
632	745
632	708
632	672
632	887
632	784
633	644
634	761
634	772
634	936
635	798
635	668
635	751
635	637
636	701
636	684
636	654
636	686
637	647
637	783
637	663
637	655
637	785
638	706
638	699
638	771
638	716
638	724
638	767
639	677
639	759
639	695
639	873
639	874
639	863
640	805
641	792
641	727
642	747
642	949
643	704
643	652
643	779
643	754
645	719
645	959
645	836
646	698
646	801
646	871
646	843
646	723
646	816
647	785
647	663
647	655
647	696
647	783
647	789
647	723
648	722
648	662
648	686
648	701
648	671
648	684
649	755
650	670
650	661
650	673
650	753
650	667
650	806
651	659
651	760
652	704
652	852
652	779
652	754
654	750
654	662
654	671
654	722
654	686
654	684
655	663
655	789
655	785
655	958
655	996
655	783
656	930
656	794
657	687
657	781
657	788
657	800
657	791
657	807
657	690
658	765
658	731
658	702
658	737
658	824
659	970
660	734
660	721
660	777
660	748
660	674
660	729
660	732
660	758
660	801
660	676
661	670
661	753
661	667
661	673
662	701
662	750
662	722
662	671
662	885
662	745
663	696
663	789
663	783
663	722
663	672
663	785
663	779
665	793
666	740
666	769
666	773
666	696
667	753
667	670
667	963
668	798
668	751
669	842
669	718
669	868
670	673
670	753
671	787
672	708
672	707
672	745
673	753
673	808
674	729
674	734
674	748
674	756
674	777
674	773
675	762
675	804
675	765
676	748
676	803
676	729
676	758
676	721
676	777
676	734
676	705
676	764
676	831
676	942
677	695
677	888
677	952
677	976
678	720
678	743
678	728
679	872
679	971
679	810
679	752
680	793
680	766
680	952
681	741
681	717
681	800
681	807
681	791
681	687
681	788
682	768
682	718
682	810
682	711
682	683
682	780
683	752
683	711
683	872
683	943
683	730
683	774
684	787
684	701
684	686
685	688
685	898
685	831
686	750
686	787
687	791
687	807
688	697
688	764
690	799
691	790
692	709
692	796
692	795
693	733
693	737
693	726
693	802
693	702
695	759
695	858
695	893
695	982
695	885
696	783
696	789
696	785
696	858
697	879
698	723
698	843
698	871
698	838
698	801
699	713
699	706
699	771
699	724
699	767
699	716
700	978
701	750
701	722
702	765
702	731
702	725
702	802
703	794
703	930
703	897
703	924
703	953
703	849
703	861
704	754
704	852
704	779
704	778
705	758
705	777
705	721
705	734
705	714
705	729
705	803
706	767
706	716
706	771
706	724
706	713
707	745
707	986
707	721
707	708
708	745
708	816
708	827
709	796
709	795
710	735
711	810
711	752
711	769
712	869
713	716
713	767
713	724
713	771
714	732
714	756
714	734
715	808
715	806
715	757
716	724
716	767
716	771
717	741
717	800
717	791
717	781
718	768
718	872
718	774
718	752
718	780
719	953
719	909
720	728
721	756
721	758
721	803
721	734
721	777
721	916
722	750
722	787
723	843
723	871
724	771
724	767
725	804
725	776
725	744
725	731
726	737
726	733
726	802
727	792
728	743
729	756
729	758
729	777
729	734
730	810
730	774
730	768
730	780
730	943
730	764
731	765
731	737
731	821
732	756
733	802
733	737
734	748
734	758
734	803
734	756
736	775
736	749
736	980
736	745
738	763
738	947
738	997
739	797
740	773
741	807
741	791
741	788
742	786
742	839
744	765
744	853
744	875
746	760
748	758
748	777
748	756
748	906
749	775
749	784
749	892
750	777
751	798
751	845
752	872
752	768
754	779
754	778
755	903
756	758
756	803
757	808
757	806
758	803
758	777
758	979
759	967
759	893
759	982
759	976
761	772
761	825
762	782
762	776
762	765
762	804
763	910
763	947
763	978
763	944
763	997
765	776
766	811
766	793
766	834
766	985
767	771
768	971
768	851
768	943
768	780
769	773
769	937
769	990
770	790
770	920
770	867
770	995
772	942
773	929
774	810
775	784
775	780
776	782
776	804
777	803
778	779
778	984
780	971
780	943
780	872
780	913
780	885
781	800
781	788
783	785
783	789
784	873
785	789
785	825
785	856
786	809
786	962
786	837
788	807
788	791
789	948
791	800
792	975
794	876
794	827
794	819
795	796
798	986
801	871
801	843
801	940
801	948
801	911
801	825
806	808
809	839
809	962
810	976
811	998
811	834
812	867
812	879
812	818
812	999
812	939
812	994
813	968
813	936
813	905
813	956
813	929
813	923
813	927
813	887
813	989
813	844
813	857
813	901
813	924
813	916
813	961
813	915
814	962
814	837
815	822
815	966
815	900
815	964
815	877
815	928
815	881
815	937
816	841
816	857
816	927
816	958
816	968
816	844
816	906
816	989
817	911
817	896
817	959
817	904
817	864
817	988
817	865
817	845
817	909
817	876
817	821
817	948
818	898
818	836
818	881
818	932
818	890
818	999
818	854
818	840
818	970
818	993
818	935
818	853
819	934
819	851
819	953
819	995
819	991
819	987
819	828
819	850
819	996
819	876
819	960
819	861
820	993
820	966
820	920
820	935
820	898
820	840
820	875
820	970
820	994
820	822
820	826
820	903
820	933
821	988
821	948
821	911
821	941
821	959
822	920
822	881
822	864
822	853
822	867
822	935
822	922
822	829
822	832
822	842
822	990
823	833
823	897
823	960
823	987
823	883
823	980
823	876
823	828
823	934
823	953
823	996
823	868
823	849
823	827
824	890
824	864
824	829
824	840
824	937
824	999
824	992
824	854
824	842
824	881
824	836
824	832
824	867
824	981
824	975
824	853
825	961
825	841
825	942
825	887
825	915
825	958
825	923
825	905
825	974
825	838
825	968
825	927
825	835
825	979
825	862
825	906
826	829
826	870
826	986
826	937
826	836
826	860
826	964
826	922
826	999
826	990
826	854
826	881
826	879
826	920
826	932
827	930
827	987
827	897
827	876
827	849
827	828
827	861
827	884
827	844
827	833
827	850
827	960
827	883
827	934
827	996
828	930
828	996
828	953
828	876
828	833
828	884
828	897
828	924
828	849
828	934
828	861
828	980
828	851
828	889
829	990
829	831
829	898
829	836
829	966
829	999
829	840
829	842
829	964
829	975
829	939
829	894
829	933
829	875
830	850
831	975
831	964
831	903
831	848
831	870
831	938
831	969
831	900
831	877
831	932
831	993
831	864
831	928
831	970
831	977
831	853
831	935
831	875
831	879
832	836
832	994
832	842
832	908
832	975
832	854
832	928
832	945
832	969
832	964
832	890
832	860
832	932
832	981
832	999
832	990
832	935
832	922
832	917
832	939
832	898
833	995
833	991
833	850
833	897
833	953
833	996
833	987
833	884
833	851
833	849
833	868
833	876
833	980
833	843
834	998
834	928
835	841
835	979
835	942
835	931
835	844
835	916
835	927
835	929
835	957
835	895
835	899
835	951
835	857
835	838
836	853
836	977
836	966
836	999
836	937
836	928
836	922
836	842
836	854
836	938
836	867
836	900
836	933
836	993
836	969
836	975
836	903
837	839
838	973
838	931
838	961
838	841
838	844
838	989
838	857
838	942
838	956
838	927
838	951
838	887
838	968
838	936
838	981
838	974
838	939
838	906
838	958
839	962
840	898
840	986
840	881
840	903
840	969
840	975
840	938
840	867
840	864
840	933
840	922
840	932
840	994
840	992
840	935
840	908
840	894
840	977
841	974
841	979
841	899
841	951
841	887
841	958
841	857
841	905
841	844
841	967
841	957
841	989
841	873
841	923
841	968
842	993
842	964
842	933
842	860
842	922
842	994
842	970
842	986
842	854
842	920
842	864
842	938
842	917
842	939
842	867
842	992
842	848
843	871
843	966
843	953
844	951
844	942
844	899
844	901
844	931
844	857
844	961
844	923
844	958
844	916
844	989
844	974
845	940
845	891
845	946
845	846
845	965
845	878
845	892
845	983
846	925
846	940
846	983
846	891
846	991
847	873
847	878
847	976
847	874
847	888
847	919
847	862
847	967
847	912
847	863
847	982
847	886
847	885
847	979
847	952
848	875
848	928
848	922
848	937
848	917
848	970
848	908
848	938
848	879
848	986
848	981
848	890
848	864
848	945
848	969
848	867
848	994
849	953
849	960
849	995
849	884
849	991
849	889
849	876
849	934
849	850
849	924
849	980
849	897
850	995
850	861
850	953
850	960
850	930
850	934
850	979
850	884
850	924
850	851
850	996
851	960
851	991
851	889
851	897
851	953
851	971
851	930
851	861
851	868
851	876
853	898
853	890
853	928
853	922
853	877
853	964
853	860
853	945
853	867
853	977
853	938
853	920
853	854
853	908
853	879
853	932
853	999
853	937
853	966
854	999
854	890
854	870
854	860
854	990
854	903
854	993
854	966
854	928
854	970
854	975
854	977
854	964
854	986
855	870
855	981
855	966
855	999
855	881
855	994
855	990
855	894
855	900
855	890
855	964
855	860
855	938
855	939
855	920
855	875
855	986
855	922
856	865
856	988
856	904
856	909
856	941
856	911
856	959
856	948
857	958
857	906
857	942
857	929
857	956
857	905
857	989
857	957
857	916
857	973
857	974
857	927
857	931
857	898
857	899
857	979
858	919
858	893
858	885
858	873
858	862
858	886
858	982
858	888
858	917
858	987
858	952
859	880
859	955
859	972
859	949
860	966
860	992
860	986
860	937
860	867
860	939
860	928
860	970
860	964
860	932
860	920
860	969
860	877
860	862
861	960
861	953
861	987
861	897
861	980
861	996
861	883
862	967
862	873
862	863
862	952
862	982
862	874
862	878
862	984
862	976
862	893
863	878
863	885
863	912
863	888
863	976
863	919
863	873
863	893
863	952
863	874
864	986
864	922
864	928
864	969
864	898
864	867
864	977
864	932
864	994
864	937
864	939
864	981
864	870
865	941
865	911
865	948
865	904
865	988
865	909
865	957
866	963
866	907
866	902
866	954
867	975
867	992
867	928
867	964
867	898
867	922
867	933
867	939
867	981
867	932
867	969
868	924
868	987
868	889
868	884
868	996
868	883
868	930
868	918
868	934
868	960
869	944
869	978
869	910
869	882
869	947
869	997
870	894
870	920
870	945
870	992
870	900
870	932
870	933
870	981
870	881
870	977
870	986
870	937
870	994
871	933
872	943
872	971
872	921
873	878
873	885
873	967
873	984
873	874
873	976
873	886
873	982
873	912
873	893
874	878
874	912
874	885
874	982
874	893
874	919
874	984
875	993
875	964
875	975
875	977
875	922
875	935
875	938
875	920
875	986
875	966
875	933
875	981
876	930
876	934
876	987
876	953
876	889
876	991
876	897
876	996
876	980
877	981
877	970
877	990
877	969
877	903
877	908
877	917
877	966
877	994
877	920
877	922
877	975
877	999
877	900
877	939
877	977
877	890
877	993
878	976
878	984
878	888
878	886
878	885
878	982
878	967
878	912
878	952
879	981
879	964
879	932
879	970
879	975
879	917
879	986
879	922
879	999
879	993
879	928
879	935
880	949
880	955
880	972
881	898
881	964
881	970
881	908
881	935
881	937
881	938
881	894
881	986
881	903
881	905
881	989
881	975
882	978
882	910
882	947
882	944
882	997
883	889
883	924
883	991
883	884
883	934
883	995
883	980
883	960
883	987
883	933
884	980
884	960
884	897
884	996
885	888
885	976
885	886
885	912
885	984
885	967
885	982
886	919
886	967
886	982
886	912
886	952
886	888
887	961
887	974
887	973
887	905
887	899
887	906
887	901
887	929
887	964
888	912
888	984
888	976
888	952
888	982
889	996
889	991
889	995
889	934
889	924
889	960
890	920
890	908
890	898
890	969
890	903
890	975
890	937
890	938
890	977
891	925
891	940
891	892
891	946
892	925
892	965
892	946
892	940
893	982
893	952
893	912
893	919
893	976
893	967
894	903
894	939
894	977
894	945
894	966
894	964
895	936
895	968
895	905
895	916
895	951
895	942
895	915
895	956
895	958
895	912
895	961
895	974
895	973
895	957
896	911
896	959
896	941
896	909
897	924
897	996
897	930
897	934
897	980
897	995
897	953
897	987
897	991
898	992
898	908
898	903
898	939
898	975
898	993
898	933
898	999
899	974
899	961
899	989
899	958
899	942
899	927
899	968
899	901
899	957
899	951
899	979
900	945
900	938
900	994
900	903
900	939
900	981
900	933
900	920
900	932
901	956
901	923
901	936
901	905
901	931
901	929
901	957
901	979
901	958
902	963
902	907
902	954
903	964
903	928
903	981
903	945
903	994
903	917
903	937
903	908
903	993
903	938
903	986
904	941
904	909
904	988
904	959
905	956
905	936
905	923
905	916
905	958
905	989
905	929
905	951
905	992
906	973
906	957
906	958
906	927
906	951
906	916
906	979
906	968
907	963
907	954
908	981
908	964
908	993
908	935
908	992
908	945
908	937
908	932
908	920
909	941
909	911
909	988
909	948
910	944
910	978
910	997
910	947
911	959
911	941
911	995
911	948
912	982
912	976
912	952
912	984
913	921
913	943
914	972
914	955
915	957
915	974
915	961
915	973
915	979
915	968
915	989
915	936
915	929
915	942
915	951
916	958
916	942
916	974
916	989
916	923
916	961
916	931
916	968
916	951
916	979
917	992
917	969
917	920
917	975
917	922
917	928
917	966
917	938
917	999
917	964
918	926
919	952
919	982
919	939
919	998
919	976
920	970
920	990
920	986
920	939
920	994
920	969
920	992
920	999
920	938
922	970
922	935
922	994
922	938
922	992
923	968
923	956
923	929
923	979
923	942
923	961
923	951
923	936
923	989
924	991
924	934
924	995
924	996
924	953
925	965
925	946
925	959
927	951
927	942
927	973
927	961
927	974
927	931
927	989
927	929
927	957
927	985
928	937
928	994
928	992
928	939
928	964
928	977
928	986
928	969
928	993
928	945
929	968
929	956
929	936
929	951
929	979
929	942
929	974
930	991
930	995
930	980
930	987
930	996
930	960
930	958
931	989
931	958
931	979
931	961
931	974
931	936
931	957
931	951
932	977
932	945
932	938
932	992
932	969
932	970
932	990
933	993
933	970
933	945
933	986
933	992
933	996
933	935
934	995
934	996
934	987
935	964
935	981
935	986
935	999
935	970
935	993
936	968
936	951
936	956
936	973
936	979
936	974
937	990
937	986
937	993
937	939
937	994
938	939
938	981
938	969
938	992
939	975
939	964
939	969
939	999
939	977
940	983
940	965
940	946
941	959
941	948
942	974
942	973
942	979
942	961
943	971
944	978
944	947
944	997
945	966
945	975
945	964
945	993
945	969
945	992
945	994
946	983
946	965
947	978
947	997
948	988
948	953
949	972
949	955
951	974
951	958
951	979
951	956
951	973
952	982
953	995
953	996
953	980
953	987
953	956
954	963
955	972
956	968
956	979
956	973
956	974
957	989
957	973
957	968
958	979
958	974
958	961
958	968
959	988
960	996
960	991
961	974
961	968
964	969
964	981
964	977
964	994
964	970
965	983
966	993
966	969
966	986
967	982
967	998
967	976
968	973
969	977
969	999
969	986
970	981
970	990
970	975
970	977
970	994
970	986
970	999
973	989
973	979
974	979
974	989
975	990
975	986
975	994
975	992
976	982
976	984
977	993
977	981
977	992
977	999
977	994
978	997
980	991
980	988
980	987
981	986
981	993
981	992
985	998
986	994
986	993
987	996
987	995
990	992
991	996
991	995
992	999
995	996
