0	885
0	862
0	931
0	825
0	844
0	847
0	841
0	916
0	171
1	909
1	881
1	864
1	855
1	770
2	986
2	854
2	898
2	994
2	836
2	922
3	909
3	870
3	988
3	829
3	853
3	900
3	842
4	954
4	852
4	866
4	738
5	963
5	902
5	954
5	907
5	866
6	953
6	837
6	828
6	872
6	843
6	849
6	944
6	998
6	995
7	220
7	8
7	11
7	221
7	235
8	11
8	220
8	235
8	231
9	12
9	219
9	13
9	10
9	223
9	218
9	222
9	38
10	12
10	13
10	219
10	218
10	217
11	221
11	220
11	232
12	223
12	13
12	217
12	222
12	352
12	218
13	218
13	219
13	222
13	399
13	217
13	24
13	131
14	196
14	199
14	197
14	17
14	18
14	19
15	17
15	19
15	20
15	199
15	196
15	159
16	19
16	17
16	18
16	197
16	198
16	196
17	198
17	200
17	199
17	196
17	197
18	20
18	200
18	197
18	201
19	196
19	200
19	201
19	198
19	197
19	20
20	200
20	197
20	491
20	198
20	199
20	193
20	202
21	22
21	127
21	27
21	596
21	993
22	26
22	318
22	25
22	433
23	26
23	27
23	759
23	25
24	26
24	521
24	25
24	27
24	574
24	811
25	156
26	568
27	775
28	31
28	33
28	32
29	30
29	34
30	34
31	33
31	32
32	33
32	87
35	40
35	36
35	37
35	39
35	90
35	55
35	89
36	37
36	40
36	131
36	906
37	38
37	85
38	39
38	40
38	41
38	86
38	87
39	41
39	624
39	472
39	162
40	84
40	86
41	132
42	45
42	44
42	43
42	866
43	45
43	44
43	89
44	45
44	907
45	963
46	47
46	48
47	48
49	286
49	281
49	51
49	283
49	285
49	58
49	425
50	282
50	53
50	55
50	280
50	284
51	286
51	52
51	285
51	283
51	281
51	61
51	427
52	283
52	286
52	285
52	281
52	433
52	432
52	60
53	280
53	284
53	282
53	55
53	54
54	284
54	282
54	55
54	302
55	284
55	280
55	282
56	745
56	59
56	707
56	57
56	62
56	560
56	640
56	594
57	707
57	640
57	594
57	745
58	61
58	653
58	60
58	694
59	62
59	707
59	594
60	61
60	694
60	653
61	653
61	694
62	707
62	745
63	64
63	69
63	65
63	68
63	534
63	336
63	67
63	746
63	760
63	467
64	66
64	68
64	69
64	65
64	336
64	67
65	66
65	69
65	67
65	549
65	336
65	68
66	69
66	67
66	68
66	331
66	760
67	69
67	331
67	332
67	746
68	69
68	534
69	534
69	332
69	336
69	422
70	74
70	75
70	133
70	72
70	73
71	74
71	75
71	136
71	138
72	73
72	74
72	76
73	75
74	75
74	76
74	135
74	628
75	137
75	241
76	139
76	136
77	423
77	417
77	420
77	421
77	81
77	342
77	246
78	420
78	79
78	417
78	82
78	422
78	424
78	337
78	418
78	83
78	208
79	81
79	82
79	83
79	420
79	421
79	424
79	80
79	248
79	342
80	82
80	420
80	418
80	422
80	249
80	251
80	247
81	421
81	423
81	424
81	419
81	420
81	82
81	341
81	344
82	424
82	418
82	342
82	340
83	417
83	419
83	418
83	339
84	86
84	88
84	477
84	485
84	85
84	87
84	90
85	484
85	87
86	87
86	89
86	475
86	470
86	472
86	477
87	88
87	90
87	475
87	89
87	485
88	472
88	89
88	345
88	363
88	428
89	90
90	470
90	484
90	475
90	567
91	92
91	93
91	97
91	96
91	94
91	293
91	509
92	95
92	97
92	288
92	291
92	290
92	93
93	95
93	96
93	290
93	94
93	292
94	97
94	95
94	289
94	287
94	288
94	293
95	97
95	96
96	97
96	290
96	508
97	293
97	291
98	100
98	400
98	397
98	393
98	101
98	396
98	99
98	102
98	394
98	395
99	399
99	398
99	400
99	102
99	394
99	316
99	395
99	103
100	395
100	396
100	104
100	101
101	104
101	103
101	394
101	398
101	766
102	395
102	394
102	400
102	104
102	617
103	394
103	104
103	395
103	264
103	399
103	375
103	390
103	889
104	395
104	394
104	434
105	206
105	107
105	106
105	110
105	109
106	107
106	111
106	110
107	497
107	108
107	917
108	621
108	111
108	110
108	218
108	794
109	110
109	265
109	246
110	773
110	749
110	711
111	377
112	116
112	411
112	415
112	409
112	114
112	115
112	123
112	414
113	114
113	414
113	416
113	411
113	118
113	409
113	117
113	413
113	410
113	412
114	409
114	413
114	410
114	412
114	116
114	415
114	118
115	116
115	409
115	410
115	415
116	118
116	410
116	413
116	414
116	411
116	412
117	409
117	412
117	416
117	410
117	413
117	123
117	411
117	124
118	416
118	413
118	415
118	412
119	124
119	123
119	121
119	416
119	125
120	124
120	121
120	122
121	124
121	415
121	125
122	123
122	124
122	712
123	124
123	125
124	125
125	669
126	132
126	130
126	127
126	149
126	379
126	316
127	507
127	347
127	394
127	128
127	129
128	130
128	132
128	302
129	132
129	130
129	131
130	132
130	776
130	843
131	132
131	396
131	488
133	136
133	139
133	137
133	138
133	134
133	444
134	139
134	138
134	136
134	876
135	137
135	138
136	137
138	261
140	892
140	142
140	965
140	940
141	903
141	824
141	821
141	877
141	864
141	964
141	977
141	999
141	233
142	965
142	913
142	892
142	921
143	906
143	957
143	838
143	899
143	171
143	885
143	448
144	989
144	887
144	899
144	912
144	916
144	835
144	974
144	841
144	838
144	878
145	146
145	941
145	935
145	820
146	832
146	928
146	875
146	909
147	151
147	440
147	150
147	152
147	441
147	442
147	826
148	150
148	435
148	149
148	318
148	152
148	442
148	350
149	153
149	435
149	190
149	151
149	439
149	152
150	153
150	482
150	435
150	152
150	748
151	152
151	441
151	439
151	207
151	437
152	153
152	434
152	435
152	440
153	442
153	434
153	495
153	440
153	474
153	436
154	158
154	156
154	159
154	674
154	160
154	155
155	157
155	158
155	159
155	160
155	613
155	515
156	158
156	375
157	160
157	592
158	160
159	739
159	434
159	778
160	729
161	162
161	166
161	163
161	167
161	289
161	919
162	163
162	164
163	164
163	743
163	571
163	604
164	167
164	165
164	728
164	571
164	764
165	167
165	166
165	623
165	538
166	167
166	604
166	678
166	743
167	538
167	971
168	875
168	860
168	881
168	904
169	880
169	949
169	170
169	926
169	172
169	859
170	172
170	880
170	918
170	926
171	899
171	874
171	816
171	891
172	949
172	880
172	955
172	972
172	918
172	859
173	174
173	983
173	892
173	921
173	965
173	845
174	985
174	940
175	405
175	404
175	675
175	539
175	401
175	402
175	620
175	709
175	725
175	388
176	177
176	408
176	407
176	550
176	350
177	408
177	603
177	180
178	403
178	402
178	401
178	179
178	406
178	404
178	709
179	181
179	675
179	545
179	401
179	315
180	636
181	401
181	404
181	762
181	725
181	614
181	692
181	732
182	186
182	255
182	183
182	184
182	256
182	669
182	645
182	188
182	770
183	185
183	256
183	320
183	790
183	773
183	254
183	645
183	187
184	188
184	187
184	258
184	256
184	596
184	185
184	740
184	691
185	188
185	253
185	740
185	186
185	258
185	770
185	254
186	254
186	188
186	253
186	548
186	773
186	645
186	441
186	636
187	188
187	258
187	252
187	669
187	740
188	253
188	254
188	252
188	600
188	345
189	195
189	193
189	352
189	191
189	336
190	194
190	191
190	192
191	193
191	192
191	195
191	975
192	195
192	426
193	194
193	195
193	319
194	316
194	777
194	705
194	991
195	453
196	202
196	198
196	200
197	198
197	202
198	201
198	200
198	202
199	200
199	201
199	440
199	587
200	201
201	756
201	202
201	240
203	207
203	208
203	204
203	209
204	207
204	206
204	205
204	208
204	465
204	341
205	208
205	506
205	206
205	642
205	209
206	209
206	207
206	359
206	721
207	209
207	486
207	535
208	478
208	209
209	389
209	301
209	933
209	662
210	211
210	212
211	212
213	215
213	216
213	214
214	215
214	216
214	912
215	216
215	357
216	978
217	223
217	219
217	218
217	316
217	222
218	223
218	222
219	222
219	223
220	234
220	236
221	235
221	234
222	223
224	227
224	229
224	230
224	352
225	228
225	226
226	228
227	230
227	229
229	230
229	713
231	233
231	232
231	234
231	235
232	234
232	235
232	236
233	234
233	237
233	236
233	589
234	236
234	237
235	237
235	236
236	237
238	242
238	244
238	241
238	239
238	309
238	310
238	313
238	308
239	243
239	240
239	314
239	313
239	244
239	308
240	242
240	243
240	309
241	243
241	242
241	244
242	243
242	244
242	308
243	244
243	453
243	936
245	247
245	246
245	248
245	342
245	419
245	420
246	249
246	250
246	247
246	248
247	249
247	250
247	251
247	248
248	250
249	251
249	344
249	544
250	251
250	337
250	339
250	344
251	337
252	257
252	253
252	255
252	256
252	254
252	666
252	774
253	257
253	256
253	255
253	769
253	719
253	600
254	255
254	258
254	257
254	691
254	645
255	256
255	257
255	352
255	666
255	645
256	258
256	257
256	669
257	596
257	669
257	770
257	294
257	666
258	600
258	469
258	740
258	773
259	263
259	261
260	262
260	263
260	261
260	264
261	262
261	264
262	265
262	264
262	970
262	928
263	316
263	264
263	476
264	265
264	584
265	561
265	822
265	417
266	726
266	564
266	712
266	693
266	585
266	737
267	271
267	621
267	788
267	557
267	781
267	528
267	646
267	307
267	807
268	269
268	698
268	679
268	717
268	677
268	665
268	302
268	646
268	611
268	301
269	611
269	687
269	581
269	695
269	271
269	304
269	272
270	706
270	810
270	606
270	752
270	559
270	570
270	801
270	768
270	610
271	611
271	800
271	698
271	681
271	687
271	304
271	294
271	303
272	665
272	679
272	788
272	698
272	629
272	781
272	301
272	303
273	279
273	276
274	275
274	278
275	278
275	277
276	279
277	278
280	284
280	282
281	283
281	285
281	286
281	427
281	425
282	284
282	852
282	404
283	285
283	286
284	951
284	943
285	694
285	653
285	286
286	432
286	431
287	293
287	290
287	289
287	288
287	291
287	434
287	950
288	289
288	291
289	290
290	291
290	293
291	293
291	292
292	293
293	805
294	300
294	299
294	690
295	296
295	298
295	717
295	297
295	387
296	298
296	731
297	300
297	298
297	755
298	300
298	299
299	300
300	496
301	304
301	306
301	478
302	303
302	307
302	522
302	657
302	612
302	807
302	304
303	305
303	759
303	791
303	306
303	304
304	681
304	639
304	621
304	855
305	306
305	581
305	441
305	639
305	781
305	741
306	621
306	807
306	307
307	781
307	443
307	695
307	679
307	639
308	310
308	314
308	312
309	310
309	311
309	313
309	312
309	314
310	311
310	312
310	314
310	407
311	314
311	313
311	673
312	313
312	314
313	314
313	825
313	833
315	318
315	321
315	317
316	321
316	319
316	568
316	616
316	546
317	318
317	321
317	750
318	319
318	320
318	321
318	819
319	375
319	481
319	320
319	393
320	351
320	710
320	911
321	564
322	323
322	328
323	328
323	549
324	326
324	327
324	466
324	361
325	362
325	366
326	327
326	363
326	356
327	368
329	333
329	607
329	562
329	635
329	751
329	668
330	335
330	520
330	616
330	775
330	784
330	999
331	336
331	760
331	332
331	746
331	534
331	549
332	534
332	760
332	549
333	784
333	736
333	749
333	607
333	616
334	635
334	784
334	668
334	562
334	699
335	668
335	736
335	635
335	607
335	615
335	798
335	562
336	746
337	343
337	340
337	339
337	342
337	418
338	339
338	344
339	343
339	340
339	420
339	417
340	344
340	419
340	852
341	343
341	344
341	422
341	417
342	422
342	344
343	418
343	693
344	417
344	419
345	349
345	352
345	351
345	346
345	350
345	347
345	625
346	348
346	502
347	350
347	349
347	352
348	352
348	746
348	972
349	350
349	351
349	577
350	351
350	733
351	399
351	490
352	799
353	374
353	356
353	355
353	358
353	354
354	359
354	357
354	358
354	790
355	356
355	358
355	360
355	512
355	357
355	389
355	451
355	892
356	360
356	605
357	359
357	358
357	494
358	360
358	880
359	360
361	363
361	365
361	364
361	368
361	367
361	461
361	458
361	457
362	366
363	365
363	364
363	459
364	368
364	461
364	365
364	367
365	367
365	368
367	459
367	458
367	368
367	465
368	466
369	374
369	371
369	634
369	376
370	374
370	376
370	676
370	818
371	372
372	373
372	374
372	376
372	769
372	953
373	973
374	375
374	520
375	376
376	421
377	382
377	380
377	378
378	382
378	511
379	384
379	383
379	401
380	382
380	745
380	955
381	383
381	384
381	974
381	862
382	910
383	727
384	386
384	898
385	388
385	389
385	392
385	391
385	390
386	388
386	389
387	392
387	388
387	734
387	729
387	448
387	391
388	391
388	389
388	997
389	390
389	772
390	392
390	391
391	482
392	850
393	394
393	400
393	396
393	395
393	398
393	823
394	396
395	399
396	399
396	397
396	478
396	718
397	399
397	400
397	398
398	399
398	400
398	505
399	400
399	535
401	762
401	714
402	404
402	403
402	630
402	804
402	675
402	405
403	406
403	630
403	795
403	592
403	804
403	776
404	406
404	762
404	776
405	744
405	620
405	441
406	545
406	597
406	630
407	546
407	738
407	684
408	516
408	515
408	559
409	411
409	413
409	414
409	714
410	414
410	416
410	412
410	413
411	414
411	413
412	415
412	416
412	414
412	413
413	414
414	415
414	416
415	416
417	419
417	421
417	424
418	424
418	422
418	420
418	423
419	423
419	421
419	422
419	420
420	423
421	424
422	424
422	453
422	662
423	424
425	431
425	433
425	427
425	432
425	430
425	428
426	427
426	429
426	432
427	432
427	428
428	429
428	431
429	431
430	431
430	432
431	433
434	440
434	441
434	439
434	437
435	440
435	436
435	437
436	437
436	441
436	442
436	558
437	438
437	441
437	439
438	441
438	440
438	439
439	442
439	440
440	442
441	442
442	651
443	448
443	449
443	453
443	450
443	715
444	445
444	447
444	446
444	451
445	453
445	452
445	451
445	446
446	450
446	453
447	769
447	451
447	449
449	453
450	453
450	451
450	452
451	452
452	899
453	901
454	456
454	464
454	462
454	468
455	468
455	460
455	456
455	462
455	463
455	808
456	464
456	463
456	460
457	466
457	458
457	459
457	461
458	459
458	461
459	466
460	462
460	467
460	465
460	966
461	466
462	465
462	468
462	467
463	467
463	465
464	468
464	467
464	465
464	996
465	467
465	468
465	891
469	473
469	480
469	481
469	476
469	474
469	478
469	479
469	483
469	471
469	482
470	472
470	484
470	477
470	475
470	485
471	474
471	482
471	480
471	478
471	476
471	473
471	481
471	635
472	485
472	477
472	484
473	474
473	483
473	480
473	478
473	479
473	756
473	482
473	476
473	543
473	747
474	478
474	479
474	480
474	656
475	484
475	477
475	485
476	481
476	479
476	482
476	483
476	478
477	484
477	485
478	480
478	483
478	482
478	915
479	482
479	481
479	483
479	629
480	482
480	481
480	483
482	483
482	828
484	485
486	503
486	505
487	513
487	502
487	506
487	501
487	920
488	494
488	496
488	512
488	510
488	497
488	511
488	490
488	489
488	507
489	513
489	504
489	506
490	498
490	497
490	500
490	642
490	511
491	501
491	511
491	498
491	510
491	513
491	494
492	504
492	513
492	499
492	495
493	500
493	504
493	510
493	506
494	496
494	498
494	504
495	497
495	506
496	510
497	507
498	502
498	507
499	508
499	509
500	508
501	508
503	504
503	982
504	508
504	513
504	507
504	980
505	508
505	507
505	510
507	508
509	512
510	511
510	925
513	910
514	766
514	716
514	518
514	680
514	718
514	575
514	801
514	683
514	752
515	684
515	556
515	516
515	602
516	603
516	590
516	583
516	550
517	761
517	642
517	747
517	521
517	612
517	543
517	624
517	568
518	586
518	570
518	531
518	644
518	633
518	801
518	580
518	551
518	771
519	627
519	656
519	700
519	703
520	668
520	784
520	635
520	616
520	607
520	798
520	736
520	562
520	749
521	624
521	634
521	642
521	612
521	543
521	747
522	679
522	646
522	681
522	629
522	759
522	677
522	621
522	800
522	807
523	789
523	785
523	715
523	696
523	530
523	572
523	806
524	526
524	708
524	632
525	794
525	780
525	588
525	703
525	591
525	558
525	871
525	872
525	666
526	708
527	555
527	664
527	792
527	652
527	608
527	779
527	658
528	657
528	781
528	611
528	791
528	788
528	698
528	677
528	679
529	542
529	631
529	692
529	630
529	782
529	725
530	757
530	593
530	572
530	783
530	789
530	785
531	767
531	716
531	587
531	633
531	680
531	711
531	774
531	644
531	638
532	678
532	623
532	604
533	608
533	658
533	652
533	544
533	649
533	569
533	599
534	549
534	743
535	589
535	547
535	750
535	689
535	671
535	690
536	664
536	727
536	731
536	649
536	554
537	561
537	777
537	729
537	540
537	721
537	756
538	728
538	743
538	571
538	598
538	623
539	614
539	620
539	744
539	592
540	758
540	674
540	676
540	705
541	685
541	697
542	796
542	782
542	620
542	795
543	761
543	747
543	634
543	772
543	612
543	642
544	582
544	727
544	755
545	553
545	675
545	630
546	602
546	583
547	722
547	648
547	809
547	750
547	763
548	790
548	645
548	769
548	600
548	596
548	770
548	773
548	669
548	691
548	719
549	760
550	684
550	799
550	566
550	738
551	767
551	682
551	766
551	587
551	570
551	771
551	638
551	713
551	581
552	693
552	737
552	618
552	564
552	585
552	771
553	795
553	709
553	732
553	630
553	796
553	782
554	765
554	608
554	702
554	792
554	582
555	704
555	643
555	577
555	658
555	754
555	664
556	626
556	787
556	628
556	602
557	717
557	698
557	741
557	621
557	679
557	759
557	695
557	687
557	565
558	563
558	794
558	700
558	703
558	588
558	830
559	633
559	801
559	811
559	711
559	699
559	586
559	638
559	595
560	707
560	640
560	594
560	745
560	827
561	584
561	617
561	748
561	705
561	674
561	803
561	777
562	736
562	751
562	615
562	749
562	775
562	784
563	794
563	703
563	591
563	588
563	780
563	978
563	962
563	889
564	693
564	625
564	737
564	733
564	712
565	739
565	735
565	797
565	948
566	590
566	602
567	662
567	654
568	747
568	772
568	624
569	608
569	702
569	641
569	754
569	765
569	727
569	664
570	682
570	575
570	724
570	606
570	683
570	934
571	598
572	613
572	655
572	663
572	696
572	778
572	789
573	647
573	789
573	613
573	663
573	637
573	778
573	757
573	655
573	806
574	659
574	658
574	779
574	641
575	683
575	801
575	718
575	682
575	768
575	644
575	610
575	595
576	783
576	593
576	647
576	655
576	789
576	609
576	696
576	578
577	608
577	649
577	731
577	664
577	754
577	582
577	792
578	662
578	722
578	689
578	786
578	622
579	742
579	722
579	686
579	589
579	654
580	811
580	723
580	768
580	713
580	724
580	793
580	801
580	730
580	595
581	698
581	800
581	695
581	611
581	717
581	629
581	665
582	727
582	652
582	599
583	787
583	626
584	748
584	676
584	758
584	660
584	756
585	712
585	618
585	737
585	726
585	733
586	711
586	638
586	768
586	610
586	723
586	683
586	587
587	713
587	638
587	716
587	606
588	794
588	780
588	591
588	889
588	843
588	991
589	750
589	648
589	686
589	671
590	701
590	626
591	794
591	869
591	819
592	675
592	630
592	709
592	714
592	692
593	637
593	757
593	696
593	783
593	778
593	715
593	613
594	640
594	707
594	745
594	784
595	730
595	606
595	810
595	774
595	811
595	683
596	773
596	740
596	691
596	769
596	665
597	631
597	776
597	732
598	678
598	604
598	728
598	743
598	655
598	949
599	704
599	641
599	649
599	754
599	731
600	769
600	645
600	770
600	666
600	669
601	689
601	671
601	742
601	786
601	722
602	603
602	799
602	787
603	626
603	787
604	678
604	728
604	623
604	720
604	743
605	673
605	670
605	667
605	650
606	774
606	730
606	706
606	810
606	644
607	798
607	775
607	616
607	751
607	635
608	755
608	779
608	641
608	704
608	659
609	613
609	808
609	789
609	696
610	793
610	683
610	730
610	711
610	699
610	766
611	687
611	657
611	807
611	677
611	639
612	634
612	624
612	747
612	761
612	790
612	777
613	696
613	647
613	757
613	637
613	742
614	631
614	725
614	732
614	795
614	782
615	736
615	751
615	784
615	668
615	749
615	635
616	635
616	751
616	736
616	798
616	784
617	660
617	803
617	729
617	674
617	705
618	712
618	802
618	737
618	726
619	750
619	786
619	654
619	690
619	809
619	742
620	804
620	795
621	800
621	646
621	657
622	671
622	690
622	648
622	750
623	720
623	728
624	772
624	761
624	747
624	634
624	884
625	712
625	726
625	693
625	737
625	802
626	738
626	636
626	684
627	700
627	656
627	934
628	787
629	646
629	679
629	698
629	657
629	788
629	717
630	804
630	782
631	796
631	651
631	675
631	691
632	805
633	771
633	811
633	767
633	752
633	699
634	747
634	761
635	798
635	784
635	749
635	736
636	738
636	701
636	684
636	796
637	647
637	808
637	783
638	680
638	682
638	706
638	699
639	741
639	687
639	677
639	679
639	698
639	665
639	807
640	745
641	754
641	658
642	747
642	761
643	664
643	727
643	649
643	702
644	711
644	811
644	752
644	790
645	666
645	773
645	740
645	719
645	790
645	770
646	677
646	717
646	681
646	800
646	665
646	759
647	715
647	785
647	663
647	655
648	722
648	662
648	786
648	689
648	690
648	686
649	702
649	704
649	755
649	659
650	670
650	661
650	673
651	762
652	765
652	727
653	694
654	750
654	786
654	763
654	742
655	808
655	715
655	663
656	700
657	687
657	665
657	781
657	788
657	679
657	800
658	765
658	792
658	731
658	779
659	702
659	765
660	734
660	721
660	777
660	748
660	674
661	670
661	753
662	786
663	757
663	696
663	789
663	715
664	702
664	792
665	741
665	807
665	781
665	791
666	740
666	669
666	691
666	790
666	770
666	769
666	773
666	883
667	753
667	670
668	784
668	749
668	775
668	798
668	751
668	736
669	770
669	773
669	691
669	769
670	673
672	708
672	805
673	753
674	729
674	734
674	748
674	756
675	714
675	709
675	762
676	748
676	803
676	729
676	758
676	721
676	777
677	741
677	807
677	781
677	695
678	720
678	743
679	759
679	741
680	699
680	793
680	723
680	718
680	766
680	724
680	730
681	741
681	717
681	800
681	807
681	791
681	695
681	687
682	716
682	793
682	771
682	766
682	724
683	724
683	752
683	699
684	787
685	688
686	763
687	759
687	791
687	695
687	807
688	697
688	764
689	809
689	763
689	786
690	809
690	750
690	742
691	773
692	782
692	709
692	762
692	776
693	712
693	733
693	737
695	788
695	741
695	698
695	791
696	778
698	717
698	788
699	766
699	793
699	801
699	713
701	738
701	799
702	727
702	755
703	780
703	794
703	910
703	930
704	731
705	758
705	777
705	721
705	734
706	810
706	774
706	718
706	752
706	767
706	723
709	762
709	804
710	797
710	735
710	739
711	793
711	767
711	810
711	752
712	737
712	802
713	716
713	801
713	718
713	723
713	767
714	732
714	725
714	804
715	808
715	806
715	778
715	783
716	768
716	766
716	752
716	723
717	741
717	800
717	791
719	740
719	773
719	770
719	790
720	728
721	756
721	758
721	803
722	742
723	811
723	771
723	767
723	724
724	793
724	771
724	774
724	810
725	804
725	776
725	744
726	737
726	733
727	731
727	755
728	743
729	756
729	758
729	777
729	734
730	810
730	774
730	768
730	767
731	792
732	868
733	802
733	737
734	748
734	758
735	739
735	797
736	775
736	751
736	798
736	749
739	797
740	770
741	807
741	791
742	786
744	796
744	837
746	760
747	761
748	758
748	777
749	775
749	784
751	775
751	784
751	887
752	793
753	789
753	968
754	765
754	779
756	758
756	803
757	808
757	778
757	789
758	803
759	781
759	800
759	788
759	791
762	782
762	776
763	809
766	811
766	793
767	793
768	801
768	771
768	811
769	790
769	770
769	773
770	790
770	773
771	811
771	801
774	810
775	784
776	796
776	795
776	782
780	947
780	823
780	871
781	800
781	788
783	785
783	808
783	806
784	798
785	789
785	808
787	799
788	807
788	791
789	806
791	800
794	950
797	935
801	811
803	947
806	808
810	811
812	867
812	909
812	856
812	879
813	968
813	936
813	905
813	956
813	929
813	923
814	995
814	830
814	934
814	987
814	960
814	868
814	997
814	943
814	962
815	822
815	966
815	900
815	964
815	877
815	988
815	944
816	841
816	873
816	976
816	857
816	886
816	927
816	958
817	911
817	842
817	890
817	896
817	894
817	966
818	898
818	836
818	881
818	932
818	890
818	999
818	854
818	840
819	882
819	934
819	872
819	851
819	971
819	871
819	953
819	839
819	950
819	995
819	991
819	987
820	993
820	865
820	966
820	948
820	920
820	959
820	911
820	935
820	898
820	840
821	993
821	970
821	928
821	988
821	933
822	920
822	881
822	864
822	948
823	869
823	962
823	833
823	834
823	897
823	960
823	987
823	883
823	872
823	980
823	876
823	944
823	828
823	839
824	890
824	864
824	829
824	840
824	911
824	959
824	937
824	999
824	992
824	854
824	941
825	961
825	912
825	841
825	878
825	942
825	984
825	863
825	887
825	915
825	873
825	874
826	829
826	870
826	986
826	865
826	937
826	948
826	836
827	930
827	871
827	987
827	944
827	897
827	837
827	997
828	930
828	996
828	871
828	953
828	998
828	839
828	876
828	833
828	830
828	884
828	971
828	910
828	943
828	872
828	897
829	990
829	831
829	959
829	898
829	836
829	909
829	966
829	988
829	999
829	896
830	995
830	851
830	839
830	850
830	944
830	861
830	947
830	960
830	987
831	975
831	964
831	903
831	848
831	870
831	938
831	969
831	900
831	877
832	836
832	994
832	842
832	908
832	975
832	854
832	928
832	945
833	995
833	882
833	991
833	850
833	897
833	953
833	910
833	996
834	934
834	851
834	930
834	884
834	871
834	850
834	960
834	991
834	886
834	883
835	878
835	874
835	841
835	976
835	979
835	886
835	942
835	912
835	931
836	853
836	977
836	966
836	999
836	937
836	856
836	928
836	988
836	922
837	950
837	996
837	871
837	924
837	998
837	882
837	930
837	978
837	861
837	960
837	947
837	907
837	944
838	973
838	931
838	961
838	841
838	844
838	989
838	857
838	942
839	882
839	953
839	998
839	889
839	960
839	876
839	943
840	948
840	896
840	898
840	986
840	881
840	959
840	903
840	969
840	975
841	974
841	863
841	984
841	979
841	899
841	967
841	951
841	887
841	958
842	993
842	964
842	933
843	876
843	996
843	960
843	850
843	924
843	962
843	980
843	910
843	953
843	995
843	997
844	951
844	942
844	885
844	878
845	921
845	940
845	891
845	985
845	946
846	925
846	940
846	983
847	899
847	887
847	906
847	961
847	873
847	878
847	974
847	976
847	874
848	875
848	928
848	922
848	937
848	917
848	970
848	908
848	911
848	938
849	953
849	960
849	995
849	884
849	991
849	889
849	962
849	869
849	882
849	876
849	998
850	995
850	861
850	953
850	962
850	960
851	998
851	947
851	960
851	882
851	991
851	872
851	910
851	962
851	869
851	889
851	943
851	971
851	897
852	902
852	963
852	907
852	954
853	898
853	890
853	928
853	922
853	877
853	964
853	860
853	856
853	865
854	896
854	999
854	890
854	870
855	896
855	870
855	981
855	966
855	999
855	904
855	881
855	911
855	994
855	990
855	894
856	865
856	970
856	938
856	988
857	874
857	958
857	906
857	942
858	919
858	929
858	956
858	923
858	893
858	895
859	918
859	880
859	926
859	955
860	966
860	992
860	986
860	896
860	937
860	867
861	869
861	997
861	960
861	953
861	987
861	897
861	871
861	944
862	951
862	967
862	915
862	873
862	863
863	878
863	973
863	885
863	912
863	888
863	942
864	986
864	911
864	909
864	922
864	928
864	969
864	898
864	984
865	870
865	945
865	935
865	881
865	928
865	879
865	966
865	990
866	963
866	907
866	902
867	975
868	997
868	882
868	971
868	872
868	924
868	987
868	889
869	944
869	978
869	872
869	934
869	884
869	910
869	950
869	924
869	882
869	995
869	947
869	997
870	894
870	911
870	904
871	950
871	971
871	884
871	872
871	943
871	960
871	910
872	995
872	943
872	910
872	971
872	998
872	897
872	960
872	947
872	950
872	953
873	958
873	878
873	957
873	927
873	887
874	878
874	912
874	906
874	951
874	927
875	993
875	964
875	975
875	977
876	950
876	978
876	971
876	930
877	911
877	981
877	970
877	990
877	969
877	903
877	908
877	917
878	906
878	976
878	984
878	961
878	888
878	886
878	885
879	981
879	964
879	932
879	988
880	949
880	926
881	898
881	909
881	964
881	970
881	908
881	935
882	889
882	987
882	978
882	924
882	897
882	960
882	962
882	998
883	998
883	997
883	889
883	924
883	962
883	991
883	884
884	998
884	978
884	980
884	962
884	960
885	927
885	888
885	976
885	974
885	989
885	886
886	916
886	989
886	887
886	942
886	899
886	931
887	961
887	967
887	974
887	984
888	951
888	961
888	915
888	957
889	996
889	991
889	998
889	910
889	995
889	934
889	924
889	962
889	950
889	971
890	896
890	920
890	908
891	985
891	925
892	913
892	985
893	905
893	982
893	968
893	952
893	929
894	903
894	939
894	977
894	945
895	936
895	968
895	952
895	905
896	903
896	911
896	993
896	999
896	920
896	992
897	998
897	910
897	924
897	943
897	996
897	997
898	992
898	908
898	903
898	909
898	939
899	974
899	961
899	989
899	958
900	959
900	945
900	938
900	909
900	994
900	903
901	956
901	919
901	923
901	936
901	905
902	963
902	907
903	964
903	928
903	981
903	959
903	945
903	994
903	917
903	937
904	993
904	970
904	994
904	999
904	935
904	941
905	956
905	936
905	923
906	973
906	957
906	958
906	927
907	963
908	981
909	933
909	969
909	922
909	935
909	932
909	986
909	941
909	920
910	971
910	943
911	959
911	977
911	938
912	942
912	974
912	961
912	989
914	972
914	926
914	955
915	957
915	984
915	974
916	958
916	942
916	974
916	989
917	992
917	969
918	972
918	949
918	926
918	955
919	952
919	968
919	956
919	982
920	970
920	990
921	940
922	970
922	941
922	959
923	968
923	982
923	956
923	929
924	991
924	943
924	934
924	995
924	997
925	965
926	972
927	984
927	951
927	942
927	976
927	973
927	961
927	967
927	974
928	937
928	994
928	992
928	939
929	952
929	968
930	971
930	998
930	944
930	991
930	995
930	950
931	989
931	984
931	958
931	976
932	977
932	945
932	948
933	993
933	970
933	945
933	986
934	995
934	962
934	978
935	964
935	981
935	986
935	999
936	968
938	939
938	981
939	975
939	964
939	988
940	983
941	999
941	992
941	993
942	974
942	973
943	950
943	947
943	953
943	960
944	978
944	953
944	996
944	950
945	966
946	983
946	965
946	985
947	996
947	953
947	998
947	962
948	999
948	990
949	972
950	960
950	980
950	978
950	953
950	995
951	974
951	958
951	967
951	979
951	984
952	982
953	962
953	978
953	995
953	996
953	980
954	963
956	968
957	989
957	984
958	979
959	981
960	978
960	996
960	962
961	974
962	971
962	997
962	980
964	969
966	988
967	973
968	982
969	977
969	999
970	981
971	978
971	987
974	979
975	990
975	986
975	994
976	989
977	993
977	981
977	992
977	999
978	991
978	998
980	991
980	998
981	986
987	998
987	996
988	990
991	998
991	996
992	999
995	996
995	997
996	997
997	998
