0	768
0	849
0	951
0	702
0	706
0	813
0	823
0	995
0	762
0	791
1	951
1	705
1	795
1	965
1	906
1	791
1	845
1	762
1	885
1	474
2	942
2	982
2	778
2	866
2	836
2	938
3	711
3	821
3	908
3	780
3	747
3	857
3	781
3	497
3	723
4	773
4	778
4	786
4	784
4	894
4	868
5	825
5	770
5	894
5	739
5	952
6	882
6	825
6	848
6	964
6	742
6	163
6	733
7	514
7	8
7	9
7	12
7	13
8	13
8	9
8	10
8	136
8	173
9	491
9	18
9	512
10	221
10	429
11	236
11	962
12	97
12	13
13	691
13	355
13	733
14	16
15	20
15	179
17	67
17	275
18	20
18	216
18	290
18	355
18	752
18	733
18	810
18	903
19	247
19	80
19	49
20	753
21	261
21	259
21	263
22	23
22	264
22	25
22	27
22	260
22	26
22	24
22	819
23	25
23	27
23	265
23	26
23	260
23	799
24	26
24	27
24	265
24	420
24	260
24	253
25	27
25	260
25	877
26	27
26	260
27	264
27	260
27	849
27	102
28	30
28	29
28	49
28	50
28	51
28	845
28	935
28	850
28	944
29	31
29	30
29	52
29	50
29	33
29	822
29	818
30	34
30	33
30	944
31	32
31	55
31	33
31	850
32	33
32	49
32	34
32	734
32	850
32	149
33	55
33	724
33	846
33	408
33	171
34	50
34	53
34	52
34	758
34	944
34	903
35	37
35	39
36	41
36	40
37	39
37	38
38	39
40	41
42	45
42	266
42	273
42	714
43	46
43	44
43	158
43	268
43	159
44	48
44	160
45	48
45	271
45	269
45	75
46	48
46	47
46	159
46	771
47	155
47	157
47	271
47	592
48	271
49	52
49	51
49	54
49	979
49	854
50	54
50	51
50	896
50	718
50	445
51	53
51	54
51	854
51	519
52	263
52	723
53	55
53	54
53	375
53	718
53	723
53	846
53	963
53	905
54	55
54	629
54	904
54	946
54	231
55	276
55	901
55	774
55	767
56	57
56	58
56	60
56	878
56	740
56	726
56	807
57	740
57	809
57	859
57	976
58	881
58	815
58	878
59	62
59	978
59	917
60	61
60	807
60	984
61	872
61	983
62	933
62	764
63	67
63	498
63	68
63	66
63	808
64	83
64	69
64	326
64	204
64	493
65	67
65	556
65	973
66	229
66	218
67	324
67	68
67	288
68	540
70	72
70	71
70	75
70	961
70	854
70	990
70	993
70	476
70	905
71	73
72	74
72	521
72	905
73	75
73	653
73	76
74	76
74	508
74	751
75	248
75	692
75	837
75	998
76	106
77	82
77	79
77	88
78	80
79	133
79	80
79	298
81	641
82	367
82	218
82	733
83	149
83	944
84	85
84	87
84	547
84	528
84	538
84	532
84	907
84	90
85	88
85	89
85	533
85	546
85	537
86	87
86	549
86	538
86	529
87	90
87	88
87	547
87	344
88	540
88	548
88	530
88	536
89	90
89	546
89	532
89	539
90	542
90	527
91	94
91	831
92	97
92	94
92	96
92	358
93	606
94	95
95	96
95	317
95	97
95	163
96	315
96	364
97	696
98	100
98	102
98	103
98	904
98	949
98	988
98	989
99	162
99	104
99	208
99	792
99	993
99	500
99	744
100	101
100	370
100	104
100	839
100	103
100	906
101	300
101	103
101	104
101	774
101	198
102	104
102	844
102	975
103	275
103	651
103	958
103	722
103	819
103	968
103	767
104	657
104	854
104	767
104	855
104	244
105	108
105	109
105	106
106	108
107	252
107	350
107	645
107	831
110	567
110	612
111	316
111	727
112	113
112	115
112	432
112	117
112	287
113	116
113	118
113	433
113	428
113	438
113	434
113	117
114	118
114	431
114	523
114	435
115	116
115	117
115	435
115	439
115	182
115	433
116	117
116	431
116	118
117	433
117	430
117	432
118	434
118	433
119	125
119	124
119	415
119	122
119	407
119	187
119	400
119	197
119	131
119	196
120	125
120	399
120	403
120	398
120	394
120	188
120	415
120	405
120	123
120	185
121	404
121	122
121	124
121	399
121	125
121	188
121	407
121	405
121	412
121	403
122	123
122	400
122	399
122	407
122	124
122	185
122	125
122	129
123	403
123	400
123	405
123	415
123	404
123	399
123	407
123	199
124	399
124	403
124	394
124	125
124	409
124	407
124	188
125	397
125	394
125	403
125	400
125	198
126	132
126	197
126	198
126	129
126	440
127	132
127	128
127	201
127	200
127	187
127	410
127	199
128	200
128	130
128	131
128	406
128	751
129	131
129	198
129	196
130	131
130	200
130	202
130	398
130	132
130	188
132	199
132	201
132	202
133	134
133	137
134	135
134	647
134	715
134	482
135	136
136	139
136	641
136	988
137	138
137	697
137	517
137	918
138	224
138	139
140	142
140	588
140	612
140	145
141	142
141	146
141	630
141	604
142	146
142	618
142	616
142	637
143	145
143	144
143	608
143	638
144	595
144	588
144	618
145	146
145	639
145	596
145	269
146	634
146	614
146	635
147	153
147	151
148	150
148	149
149	151
149	150
149	153
149	840
150	151
150	152
150	789
152	153
154	158
154	156
154	267
154	160
154	272
155	158
155	271
155	267
155	268
155	156
155	160
156	159
156	266
156	267
156	273
156	158
156	160
156	269
156	247
157	267
157	158
157	272
157	268
158	159
158	272
158	273
158	270
158	266
159	270
159	272
159	160
159	268
160	267
160	268
160	270
161	167
162	167
162	164
162	165
162	519
164	165
164	166
164	195
165	858
166	167
167	432
168	174
170	171
170	695
170	586
170	734
171	174
171	173
172	173
172	174
173	850
175	177
175	176
176	177
178	179
178	181
178	180
179	181
179	180
180	181
182	184
182	183
182	411
182	414
182	413
182	395
182	851
183	186
183	184
183	408
183	396
184	414
184	411
184	408
184	972
185	187
185	407
185	397
185	406
185	402
185	409
185	224
186	408
186	396
186	411
187	188
187	412
187	406
187	402
187	405
187	400
188	405
188	410
188	398
188	397
188	399
189	194
189	190
189	191
189	875
190	191
190	194
190	541
191	194
191	714
192	193
192	195
193	248
194	497
196	200
196	199
196	405
196	409
196	640
197	200
197	202
197	199
197	400
197	406
197	402
198	200
198	199
199	202
199	292
200	202
200	201
200	427
201	202
201	405
201	415
202	403
203	208
203	207
203	408
204	207
204	226
204	205
205	207
205	206
205	917
206	207
207	209
208	296
208	348
209	298
209	852
209	795
209	313
209	436
210	211
210	214
211	216
211	213
211	856
212	216
212	213
213	304
214	583
215	216
215	231
215	274
215	947
215	398
216	291
216	723
216	335
217	220
217	223
217	314
218	716
219	222
219	220
219	221
219	825
219	796
219	578
220	802
221	223
222	856
223	262
224	228
225	229
225	226
226	229
226	340
227	229
227	946
227	895
229	346
229	230
230	812
230	475
231	233
231	236
231	349
232	233
232	237
232	234
232	256
232	805
232	820
233	236
233	946
233	975
234	237
234	235
234	704
235	236
235	249
238	243
238	239
238	322
238	241
238	242
239	243
239	323
239	244
240	242
240	243
240	241
240	329
241	242
241	243
242	243
242	361
243	327
243	244
243	817
244	759
245	251
245	717
246	248
246	247
246	251
247	252
247	777
247	459
248	250
248	251
248	649
248	971
249	250
249	675
250	438
251	504
251	720
251	895
252	254
252	258
252	699
252	791
252	810
253	254
253	355
253	919
254	563
255	258
255	748
256	257
256	899
258	730
259	263
259	262
259	261
259	981
260	264
261	263
262	263
262	968
264	265
266	267
266	273
266	272
266	269
267	270
267	273
267	269
268	270
268	271
268	272
269	273
269	270
270	273
270	271
271	272
271	325
274	275
275	345
276	281
276	277
277	281
277	278
277	280
277	441
277	593
278	279
278	280
278	813
278	989
279	281
279	809
281	982
282	287
282	286
282	285
282	435
283	289
283	284
283	288
284	289
284	288
284	717
285	286
285	287
285	428
286	287
286	435
288	289
289	931
290	291
291	292
291	294
292	861
293	297
293	294
293	295
293	732
293	903
295	296
296	297
297	792
298	301
298	302
298	991
299	303
299	302
300	665
300	302
300	901
301	303
301	618
302	303
302	305
302	304
302	936
302	776
302	992
303	305
304	898
304	738
306	313
306	800
306	309
307	312
307	841
307	772
307	911
307	310
308	309
308	313
308	948
308	800
308	311
309	312
309	310
309	313
309	948
309	974
310	312
311	864
311	313
312	841
313	721
313	549
314	319
314	859
315	319
315	318
315	662
317	320
317	319
317	321
317	912
318	321
318	320
318	660
318	745
318	601
319	493
319	321
320	342
321	692
322	323
322	327
322	329
323	327
323	329
324	328
324	325
324	326
325	328
325	326
326	328
327	329
328	788
330	332
330	335
330	338
330	333
330	851
331	336
331	337
331	334
332	333
332	335
332	338
333	335
333	338
334	336
334	337
334	474
335	338
336	337
339	341
339	344
339	342
339	439
340	343
340	786
340	943
341	343
341	345
341	347
342	728
342	966
343	344
343	345
344	345
344	903
345	502
345	673
345	709
345	534
347	956
347	876
348	351
348	353
349	355
349	720
350	353
350	351
351	356
352	839
354	356
354	355
354	789
354	362
356	771
357	364
357	358
357	359
357	362
357	457
357	458
358	360
358	363
358	364
358	362
358	454
358	359
359	364
359	459
360	365
360	454
360	457
360	462
361	362
361	458
361	459
362	365
362	363
363	462
363	461
364	365
364	460
366	367
366	368
366	727
367	370
367	368
367	957
368	372
369	370
369	373
369	372
370	372
370	374
370	371
371	374
371	940
372	374
372	373
372	702
374	764
375	378
375	380
376	381
376	383
376	377
376	590
377	383
377	381
377	895
378	379
378	380
379	382
379	949
380	382
381	383
381	763
383	598
384	388
384	393
384	390
385	387
385	392
385	391
386	390
386	393
387	389
387	391
388	390
389	392
390	393
391	392
394	403
394	402
394	399
394	405
394	406
394	397
394	409
395	414
395	413
396	411
396	401
396	413
396	945
397	402
397	404
397	399
397	400
397	415
397	561
398	399
398	412
398	404
399	403
400	403
400	410
400	412
401	408
401	411
402	412
402	415
402	405
402	410
404	407
404	410
404	631
405	412
406	409
406	410
406	415
406	412
407	412
407	415
407	409
408	411
408	414
408	889
409	410
409	412
409	415
409	437
410	611
410	619
411	413
412	415
413	414
416	417
416	426
417	426
418	425
418	424
418	422
418	437
418	438
419	427
419	421
419	759
419	756
420	427
420	421
420	885
421	427
421	955
422	423
422	424
422	429
422	425
423	424
423	425
423	437
423	433
424	437
424	433
425	428
425	431
428	439
428	434
428	430
428	429
428	438
429	432
429	430
429	435
429	431
429	437
429	438
430	435
430	434
430	438
430	437
430	439
430	431
430	432
431	437
431	432
431	439
431	433
431	578
432	433
432	436
433	434
433	436
434	435
434	437
434	646
435	438
435	437
436	439
436	438
437	439
440	441
440	444
440	453
440	447
440	443
440	442
441	446
441	444
441	448
441	453
442	446
442	448
442	453
442	447
442	873
442	919
443	453
443	448
443	447
443	444
444	447
444	448
445	452
445	449
446	453
446	447
446	448
446	756
446	835
447	453
447	448
448	453
448	496
449	450
449	451
449	452
449	855
450	451
450	452
450	820
451	452
451	774
451	961
452	799
454	456
454	460
454	464
454	459
454	455
455	457
455	456
455	466
455	460
456	466
456	459
456	462
456	458
456	460
456	464
456	831
456	461
457	458
457	459
457	464
457	460
458	466
458	462
458	461
458	459
459	464
459	460
459	461
460	464
460	466
461	462
461	466
462	466
463	467
463	465
464	466
464	996
465	467
466	762
468	473
468	474
468	470
469	475
469	478
469	481
469	482
469	476
469	480
469	477
470	472
470	473
470	483
471	481
471	480
471	477
471	478
471	479
473	483
473	795
474	483
475	478
475	482
475	481
475	480
476	480
476	482
476	788
477	479
477	480
477	482
477	478
478	482
478	479
479	480
479	954
480	481
480	533
481	482
483	996
484	489
484	486
484	499
484	495
484	504
485	503
485	496
485	491
486	495
486	492
486	708
487	498
487	503
488	500
488	490
489	496
490	503
490	504
490	498
490	906
491	494
491	497
492	493
493	500
496	501
499	747
502	504
503	630
505	506
505	523
505	525
506	524
507	513
507	509
507	516
508	510
508	512
508	519
509	513
509	801
510	522
510	561
511	524
511	513
512	514
513	519
514	518
514	516
515	524
515	521
515	520
516	521
517	520
518	521
518	524
521	523
521	574
522	525
524	759
525	686
526	538
526	534
526	531
526	539
526	542
526	548
527	548
527	529
527	533
527	546
527	545
528	533
528	548
528	547
528	542
528	546
529	539
529	530
529	545
529	531
529	535
530	548
530	537
531	548
531	536
532	545
532	534
533	540
533	538
534	548
535	549
535	548
536	542
536	538
536	547
537	540
537	624
538	540
538	549
538	547
539	546
539	547
539	541
539	544
540	544
540	547
541	546
541	548
541	543
543	549
543	546
545	549
545	548
547	549
550	565
550	571
550	568
550	819
551	560
551	572
551	577
551	576
551	558
551	581
552	575
552	576
552	570
552	584
552	560
552	559
552	585
553	555
553	562
553	579
553	580
553	554
554	562
554	578
554	555
555	583
555	565
555	562
555	566
556	576
556	557
556	563
556	564
557	559
557	575
557	564
557	558
557	563
557	560
557	584
557	585
558	569
558	572
558	575
558	581
558	585
558	584
558	576
558	573
559	563
559	577
559	569
559	564
559	570
560	575
560	569
560	563
560	577
560	864
561	568
561	580
561	565
561	583
561	567
561	562
562	567
562	583
563	581
563	573
563	574
563	575
563	929
564	570
564	584
564	577
564	585
564	573
564	574
565	566
565	568
565	571
565	567
566	567
566	579
566	580
567	571
567	582
567	580
567	771
568	578
568	571
568	582
569	576
569	575
570	573
570	574
570	585
570	572
570	765
571	578
571	583
572	577
573	577
574	584
574	608
575	577
575	585
575	584
576	581
577	581
578	579
579	583
579	580
579	582
579	998
582	583
586	610
587	600
587	588
587	597
587	590
587	624
587	627
587	630
587	593
587	605
587	626
588	624
588	619
588	595
588	637
588	625
588	628
588	604
589	630
589	607
589	616
589	636
589	637
589	814
589	602
590	639
590	640
590	608
590	594
590	604
590	628
591	609
591	603
591	635
591	612
591	593
591	626
591	637
591	607
592	614
592	636
592	604
592	605
592	627
592	638
593	632
593	596
593	615
593	628
593	612
593	603
593	627
594	637
594	638
594	597
594	630
594	634
594	625
595	596
595	635
595	639
595	618
595	632
595	607
595	626
595	619
596	604
596	639
596	640
596	602
596	607
596	635
596	636
597	637
597	604
597	607
597	616
597	611
597	636
598	623
598	631
599	623
599	620
599	613
599	631
600	607
600	622
600	638
600	604
600	609
600	639
601	610
601	621
601	620
601	633
601	631
601	624
602	615
602	625
602	618
602	639
602	614
602	604
602	603
602	634
603	625
603	632
603	624
603	607
603	616
603	605
603	628
604	632
604	607
605	626
605	614
605	608
606	628
606	622
606	630
606	612
606	608
607	627
607	697
608	614
608	636
608	632
609	619
609	634
609	622
609	630
609	639
610	617
610	631
610	629
610	621
611	614
611	616
612	615
612	619
612	626
612	639
613	629
613	633
613	617
614	638
614	622
614	619
614	634
615	630
615	639
615	622
616	624
616	640
616	632
616	880
617	629
617	633
617	789
618	632
618	619
618	640
619	627
619	624
620	631
620	623
620	633
620	621
621	633
621	629
621	631
622	634
622	626
622	628
622	625
623	631
623	932
624	626
624	632
624	625
625	638
625	627
626	637
626	627
626	630
627	632
627	635
628	630
628	634
628	636
629	633
630	634
633	844
634	640
636	637
636	639
637	638
641	659
642	670
642	663
643	700
643	697
644	681
644	695
644	660
644	671
644	689
646	673
647	649
647	682
647	681
647	690
647	691
647	699
648	668
648	689
648	669
649	677
649	663
649	698
650	671
650	858
651	683
652	684
652	658
652	666
652	664
653	680
653	657
653	661
654	662
654	672
655	694
656	663
656	694
656	662
657	677
657	698
657	672
658	696
658	687
660	662
661	696
661	688
661	670
661	693
661	850
662	687
664	681
665	700
665	682
666	668
667	683
668	680
668	687
668	960
669	683
669	690
673	685
674	692
676	691
676	680
677	696
678	697
678	682
679	684
679	693
681	700
682	686
683	805
686	700
687	689
687	724
689	979
689	946
693	885
701	734
701	951
701	768
701	955
701	819
701	919
701	885
702	823
702	767
702	876
702	733
702	990
702	901
703	910
703	982
703	786
703	952
704	948
704	911
704	721
704	737
704	772
705	949
705	935
705	794
705	954
705	727
705	744
705	895
705	717
705	734
705	995
706	998
706	717
706	936
706	880
706	968
706	822
706	955
706	759
706	949
706	939
706	903
707	860
707	953
707	875
707	891
707	943
707	748
707	997
708	955
708	885
708	762
708	973
708	734
708	988
708	904
708	895
708	931
708	939
708	920
708	738
708	850
709	846
709	767
709	813
709	963
709	906
709	756
709	951
709	995
709	935
709	909
709	851
709	787
709	968
709	939
710	873
710	827
710	987
710	856
710	754
710	753
710	862
710	810
710	790
710	817
711	861
711	865
711	867
711	729
711	875
711	777
711	908
711	857
711	897
712	838
712	967
712	796
712	847
712	870
712	927
713	964
713	833
713	928
713	778
713	806
714	978
714	983
714	878
714	917
714	732
714	859
715	875
715	970
715	888
715	722
715	837
715	793
715	853
716	989
716	720
716	851
716	792
716	912
716	965
716	849
716	818
716	932
716	744
716	813
716	788
716	923
716	935
717	733
717	855
717	759
717	966
717	823
717	738
717	975
717	995
717	839
717	813
717	961
717	728
717	854
717	721
717	829
718	963
718	988
718	919
718	904
718	768
718	990
718	951
718	730
718	813
718	968
718	738
718	932
718	756
719	847
719	898
719	838
719	979
719	808
719	742
720	840
720	813
720	723
720	901
720	919
720	998
720	935
720	909
720	759
720	912
720	749
720	750
720	962
720	906
720	889
720	937
720	940
720	795
720	844
720	855
720	818
721	772
721	977
721	737
721	948
722	875
722	897
722	867
722	908
723	949
723	803
723	939
723	965
723	733
723	946
723	812
723	759
723	724
723	889
724	949
724	728
724	923
724	812
724	813
724	955
724	801
724	995
724	794
724	788
724	730
724	789
724	787
724	758
724	989
725	985
725	797
725	984
725	881
725	815
725	900
725	764
725	761
726	945
726	802
726	764
726	913
726	807
726	797
726	914
726	893
726	915
727	791
727	937
727	905
727	901
727	844
727	795
727	738
727	973
727	880
727	966
727	998
727	965
727	995
728	889
728	965
728	839
728	876
728	819
728	846
728	803
728	794
728	750
728	973
728	896
728	906
728	730
728	774
728	961
728	850
728	909
729	865
729	821
729	782
729	869
729	760
729	965
730	904
730	762
730	733
730	839
730	880
730	988
730	823
730	905
730	940
730	734
730	738
730	789
730	749
730	803
730	920
731	825
731	833
731	778
731	979
731	877
732	978
732	976
732	890
732	757
732	814
732	914
732	736
733	955
733	968
733	854
733	965
733	749
733	751
733	738
733	768
733	966
733	846
733	792
733	787
733	758
733	920
733	951
733	850
733	818
733	912
733	988
734	758
734	840
734	858
734	855
734	989
734	935
734	820
734	749
734	951
734	822
734	904
734	813
734	795
734	854
734	767
734	896
734	830
734	906
735	862
735	926
735	790
735	753
735	902
735	987
735	775
736	986
736	917
736	971
736	893
736	984
736	807
736	978
736	976
736	878
736	915
736	950
736	761
737	841
737	800
737	772
737	948
738	889
738	919
738	820
738	751
738	954
738	965
738	776
738	963
738	876
738	789
738	937
739	960
739	879
739	836
739	833
739	870
739	811
740	913
740	971
740	802
740	972
740	945
740	809
740	976
740	807
740	893
741	811
741	898
741	922
741	882
742	922
742	924
742	770
742	882
742	889
743	748
743	852
743	970
743	997
743	837
743	747
744	955
744	849
744	855
744	794
744	795
744	858
744	767
744	791
744	935
744	903
744	932
744	850
744	901
744	831
744	962
744	776
745	863
745	994
745	781
745	997
745	888
745	852
745	891
745	860
745	830
745	837
745	821
745	755
745	826
746	957
746	874
746	974
746	785
747	857
747	852
747	777
747	760
747	781
748	752
748	897
748	943
748	861
748	994
748	782
749	774
749	989
749	968
749	771
749	934
749	940
749	919
749	799
749	769
749	990
749	845
749	858
750	845
750	824
750	889
750	818
750	876
750	968
750	858
750	820
750	839
750	935
750	769
750	937
750	954
750	756
750	849
750	896
750	932
750	767
751	951
751	968
751	823
751	935
751	813
751	955
751	791
751	801
751	919
751	889
751	776
751	995
751	962
751	989
751	940
752	826
752	798
752	782
752	869
752	847
753	754
753	827
753	926
753	959
753	832
753	856
753	817
754	981
754	992
754	996
754	775
754	763
754	929
754	828
754	856
754	835
755	793
755	897
755	907
755	891
755	826
755	869
755	837
756	789
756	839
756	787
756	824
756	895
756	795
756	880
756	955
756	855
756	990
756	975
757	956
757	984
757	881
757	802
757	913
757	783
757	933
758	840
758	968
758	989
758	937
758	932
758	846
758	823
758	767
758	771
758	988
758	940
758	955
758	787
759	813
759	822
759	789
759	880
759	849
759	901
759	812
759	762
759	975
759	968
759	776
760	865
760	999
760	863
760	780
760	958
760	793
760	857
760	943
760	994
760	860
761	976
761	945
761	797
761	815
761	978
761	915
761	859
761	783
761	986
761	892
762	854
762	788
762	940
762	768
762	990
762	850
762	812
762	955
762	840
762	949
762	818
762	801
762	920
762	889
762	771
762	937
762	954
762	876
762	906
762	961
762	846
762	939
762	774
762	823
762	973
763	843
763	832
763	930
763	862
763	810
763	987
763	856
763	902
764	986
764	878
764	950
764	765
764	890
764	809
764	913
764	972
764	956
765	913
765	881
765	971
765	802
765	950
765	900
766	879
766	928
766	784
767	768
767	776
767	789
767	823
767	940
767	975
767	955
767	824
767	961
767	923
767	988
767	831
767	801
767	840
767	968
767	990
768	844
768	946
768	920
768	906
768	896
768	989
768	792
768	803
768	919
768	776
768	819
768	990
768	849
768	993
768	839
768	923
768	840
768	820
769	995
769	904
769	795
769	998
769	903
769	818
769	988
769	896
769	801
769	803
769	840
769	955
769	846
769	787
770	925
770	980
770	887
770	991
770	784
770	979
771	831
771	855
771	932
771	966
771	931
771	939
771	801
771	993
771	794
771	968
771	812
771	949
772	948
772	800
772	864
772	899
773	778
773	868
773	969
774	949
774	968
774	849
774	919
774	839
774	901
774	920
774	803
775	790
775	883
775	996
775	902
775	832
775	930
776	849
776	905
776	903
776	820
776	823
776	792
776	839
776	968
776	851
776	846
776	990
776	794
777	821
777	857
777	907
777	793
777	970
777	891
777	798
777	958
777	994
779	784
779	922
779	806
779	886
780	805
780	869
780	782
780	891
780	994
780	916
781	865
781	863
781	842
781	860
781	852
781	869
783	978
783	814
783	802
783	915
783	945
783	985
783	913
783	917
783	872
783	984
783	881
784	928
784	942
784	967
784	980
785	921
785	974
786	887
786	879
787	919
787	820
787	920
787	931
787	889
787	932
787	812
787	795
787	963
787	801
787	788
787	880
788	955
788	831
788	968
788	905
788	818
788	840
788	936
788	855
788	854
788	791
788	901
788	931
789	993
789	919
789	812
789	840
789	937
789	951
789	905
789	920
789	818
790	959
790	902
790	926
790	873
790	817
790	816
790	996
790	929
791	935
791	955
791	822
791	993
791	795
791	963
791	988
791	808
791	931
791	990
791	904
791	919
791	813
791	906
792	819
792	812
792	829
792	820
792	990
792	880
792	896
792	803
792	989
793	821
793	861
793	860
793	830
794	844
794	965
794	824
794	904
794	973
794	932
794	795
794	951
795	951
795	965
795	920
795	844
795	845
795	998
795	995
795	936
795	949
795	906
796	979
796	833
797	917
797	983
797	892
797	881
797	913
797	809
797	985
797	972
798	863
798	958
798	916
798	970
798	888
798	861
798	999
798	826
799	936
799	946
799	934
799	955
799	895
799	909
799	995
799	951
799	989
800	899
800	948
800	977
800	841
801	968
801	901
801	876
801	988
801	955
801	903
801	963
801	839
801	998
801	905
801	895
801	855
801	857
802	983
802	986
802	978
802	950
802	985
802	913
803	903
803	923
803	846
803	995
803	813
803	906
803	855
803	954
803	845
803	939
803	854
803	940
804	857
804	916
804	970
804	860
804	999
805	999
805	857
805	953
805	821
806	910
806	838
806	811
807	986
807	918
807	984
807	814
808	825
808	910
808	898
808	982
808	886
808	836
809	950
809	900
809	917
809	872
809	985
809	815
809	984
809	933
809	893
810	930
810	929
810	828
810	996
810	835
810	902
811	866
811	833
811	960
812	876
812	840
812	855
812	820
812	923
812	904
812	858
812	849
813	820
813	844
813	905
813	966
813	932
813	963
813	885
813	949
814	872
814	984
814	917
814	878
814	900
815	950
815	956
815	872
815	945
816	827
816	959
816	992
816	981
816	987
816	828
817	987
817	827
817	843
817	902
817	996
817	992
817	959
817	832
818	988
818	932
818	840
818	993
818	934
818	939
819	855
819	824
819	995
819	939
819	934
819	844
819	940
819	912
819	909
820	919
820	989
820	909
820	912
820	824
820	920
820	876
821	997
821	891
821	826
821	842
822	963
822	920
822	940
822	906
822	903
822	824
822	934
822	937
823	946
823	851
823	824
823	858
823	896
823	895
823	855
823	954
823	880
823	846
823	936
824	831
824	966
824	846
824	845
824	850
824	932
824	880
824	905
825	836
825	879
826	970
826	999
826	863
826	830
827	883
827	929
827	959
827	843
828	862
828	981
828	926
828	929
829	934
829	989
829	931
829	901
829	896
829	845
829	975
829	944
829	889
829	880
829	932
830	994
830	908
830	891
831	885
831	975
831	895
831	998
831	849
832	835
832	843
832	883
833	894
833	927
833	935
834	871
834	884
835	992
835	862
836	942
836	838
836	882
836	910
837	891
837	970
837	897
837	875
838	964
838	877
838	991
839	880
839	990
839	901
839	944
839	940
839	846
839	903
839	919
839	975
839	855
839	968
840	990
840	961
840	946
840	851
840	849
840	931
840	966
840	845
840	937
841	911
841	899
842	958
842	857
842	888
842	853
842	863
843	926
843	862
843	902
843	959
844	846
844	993
844	965
844	854
844	955
844	998
844	961
844	876
844	889
844	932
844	923
845	909
845	988
845	940
845	846
845	998
845	989
845	854
846	998
846	940
846	849
846	966
846	937
846	932
846	920
847	969
848	980
848	947
848	941
848	964
849	855
849	923
849	962
849	937
849	934
849	939
849	944
849	963
849	940
850	965
850	919
850	988
850	968
851	889
851	973
851	934
851	998
852	857
853	888
853	907
853	861
853	857
854	904
854	951
854	903
855	995
855	975
856	987
856	929
856	883
856	959
857	943
857	867
857	916
857	888
857	875
858	966
858	963
858	949
858	905
858	955
859	976
859	915
859	933
859	890
859	956
859	914
859	945
859	917
859	878
860	875
860	867
860	970
860	979
861	897
861	997
861	953
862	959
862	873
862	987
863	891
863	953
863	943
864	977
864	899
864	948
865	997
865	867
866	952
866	882
867	907
867	897
868	947
868	982
868	894
869	999
869	907
870	952
870	942
870	980
870	877
870	927
871	884
872	976
872	878
872	900
872	917
873	992
873	902
873	981
873	996
873	930
874	921
875	994
875	953
876	973
876	895
876	989
876	936
876	954
876	998
876	990
876	889
876	951
877	960
878	976
878	972
878	892
878	956
879	928
879	969
879	991
879	922
879	947
880	968
880	935
880	905
881	971
881	972
882	960
882	952
882	991
882	941
883	959
883	987
883	981
883	996
883	992
885	906
885	937
885	973
885	901
886	941
886	928
887	898
888	908
888	999
889	998
889	944
889	935
889	896
889	954
890	900
890	913
891	970
891	943
891	916
891	958
892	917
892	914
892	986
892	971
892	933
893	900
893	985
893	986
894	922
895	919
895	912
895	934
895	965
895	923
896	995
896	968
896	951
896	990
896	963
896	988
897	970
897	953
897	999
898	982
898	942
899	977
900	986
900	971
900	950
901	937
901	955
901	993
901	940
901	931
901	966
901	920
901	951
902	992
902	996
903	919
903	975
903	912
903	963
904	905
904	998
904	963
904	975
904	934
904	951
904	944
905	973
905	940
905	949
905	934
905	920
905	939
906	961
906	998
906	949
906	937
907	908
907	999
908	958
908	943
909	990
909	955
909	939
909	936
909	919
910	969
910	941
910	924
911	977
911	948
912	949
913	914
913	917
913	976
914	971
914	978
914	918
914	917
915	918
916	997
917	985
917	945
917	933
917	950
918	985
918	972
918	976
918	984
919	966
919	993
919	989
919	965
919	962
919	963
919	973
920	975
920	954
920	988
921	974
922	952
922	947
922	924
923	946
923	966
923	963
923	998
924	925
924	982
924	947
925	941
925	942
926	929
926	981
927	947
927	964
927	969
928	938
929	930
929	996
930	987
930	992
930	981
930	996
931	990
931	944
932	966
932	998
933	985
933	978
933	972
933	956
934	944
934	937
934	968
934	965
934	935
935	954
935	975
935	993
936	946
936	968
936	961
936	990
937	988
937	995
937	990
937	998
938	969
938	952
939	989
939	961
940	968
940	951
940	955
940	949
941	960
942	980
944	990
944	975
944	949
945	985
945	950
945	978
946	962
946	968
947	952
947	980
949	965
949	951
950	985
950	986
951	973
954	990
954	998
954	966
954	993
955	962
955	966
955	968
956	983
956	985
956	971
956	976
956	978
957	974
958	970
959	987
960	969
961	975
961	990
962	989
962	966
963	998
966	973
967	980
968	995
969	982
970	997
971	985
972	986
973	988
973	998
976	984
979	982
985	986
987	992
988	993
989	998
990	993
997	999
