0	797
0	898
1	550
1	841
2	133
3	370
4	768
5	616
6	166
6	854
7	11
7	996
8	393
9	12
9	855
10	12
10	13
11	178
11	644
12	78
12	404
13	719
14	20
14	15
15	363
16	20
16	303
17	20
18	20
18	84
19	243
19	593
20	383
21	24
21	460
21	771
21	896
22	23
23	291
23	46
24	180
24	25
25	575
26	206
26	27
26	120
26	587
27	464
27	724
28	31
29	291
29	166
30	287
30	506
31	512
31	33
32	34
32	261
32	652
32	916
33	945
34	311
34	437
35	38
35	725
36	249
36	616
37	48
37	186
37	707
38	459
38	39
38	747
39	40
40	663
41	796
41	149
41	874
41	979
42	46
42	45
43	44
43	238
43	334
44	46
44	246
45	816
45	880
46	48
47	370
47	570
47	853
49	55
49	204
49	519
50	97
50	147
51	288
52	158
52	629
53	267
53	55
53	418
54	55
55	521
56	60
57	248
58	60
58	738
59	353
59	76
60	436
60	492
60	528
60	797
61	144
62	111
63	218
63	64
63	125
64	69
65	66
67	68
68	263
68	467
69	361
69	537
69	992
70	74
70	73
70	597
71	72
71	482
71	502
72	74
73	997
74	242
74	181
74	220
75	351
75	372
76	132
76	978
77	83
77	81
77	276
78	80
79	80
79	741
80	83
80	82
80	311
81	718
81	737
83	126
84	88
84	473
85	86
86	357
86	90
86	574
86	686
87	90
87	151
88	91
88	638
89	278
89	975
92	268
92	354
93	94
93	95
94	314
94	589
95	97
95	656
96	335
98	104
98	100
98	102
99	317
99	185
99	536
100	194
101	226
101	103
101	104
102	158
102	454
102	865
103	708
105	111
105	419
105	640
106	109
106	110
106	196
106	349
106	803
107	296
107	206
107	681
108	110
109	110
109	711
110	111
112	187
112	683
112	860
113	446
113	114
113	117
113	949
114	221
114	403
115	226
116	118
117	376
118	358
119	204
121	133
121	190
122	502
123	528
124	224
126	130
127	129
127	428
128	219
128	150
128	785
130	405
131	580
131	252
131	300
131	410
132	278
132	608
133	134
134	139
135	190
135	481
136	278
136	446
137	254
137	138
139	380
140	501
141	142
141	922
142	146
143	144
143	145
144	310
145	796
147	153
147	840
148	152
150	279
150	643
152	188
153	665
153	713
153	799
154	155
155	156
156	255
156	257
156	281
157	159
157	497
159	188
160	345
161	245
162	164
162	457
162	472
162	946
163	164
164	166
165	366
165	167
166	227
166	584
168	173
168	169
169	172
169	173
169	554
170	171
171	174
172	174
173	888
174	432
174	517
175	520
175	177
176	569
177	179
177	367
177	911
178	180
178	207
180	196
180	231
182	183
183	186
184	508
184	729
185	368
186	187
187	809
187	952
189	195
190	192
190	307
190	556
191	200
192	193
192	988
193	195
196	316
196	886
197	468
197	198
197	544
197	750
198	199
198	201
198	993
199	202
200	265
200	286
203	275
204	208
204	371
205	361
206	968
207	571
209	249
209	869
210	211
211	215
211	213
212	366
212	214
212	222
213	902
214	216
215	222
215	817
216	960
217	757
217	223
217	499
218	220
219	220
219	917
223	386
224	228
224	541
225	230
225	228
225	806
225	940
226	324
226	232
227	230
228	381
228	734
229	557
230	477
230	848
231	233
231	391
233	235
234	236
234	689
234	768
235	237
236	237
236	455
236	623
239	369
239	243
239	427
240	242
240	450
241	264
242	694
243	244
245	251
245	790
247	248
247	251
247	787
249	250
250	368
250	365
251	401
252	255
253	256
253	254
254	258
254	678
254	828
255	375
256	340
257	370
257	868
259	265
259	600
260	263
260	264
261	263
261	505
262	456
262	476
262	498
264	430
265	318
266	271
266	755
267	317
267	269
267	389
267	475
268	273
270	272
270	328
271	273
272	273
274	278
275	276
276	808
277	279
280	281
280	942
281	580
281	625
282	390
283	286
283	603
284	288
285	720
285	289
286	288
287	415
287	765
288	798
290	292
290	294
290	986
291	294
291	292
292	630
293	521
294	295
294	296
296	479
297	420
298	299
298	637
299	304
299	301
299	350
302	304
302	594
304	305
304	447
305	368
306	311
306	668
307	309
307	312
307	746
308	509
308	812
310	530
311	843
312	313
314	320
314	317
314	577
315	320
317	318
317	319
318	611
319	320
320	321
320	438
320	857
321	529
322	325
323	327
323	440
324	577
324	329
324	559
325	327
325	905
326	426
327	849
328	779
328	900
328	987
330	333
331	333
331	337
332	337
332	674
333	337
333	336
333	405
333	613
334	512
335	336
336	872
337	561
338	344
339	343
340	342
341	344
341	343
341	726
342	901
343	345
343	451
343	788
343	876
344	345
345	685
345	826
345	939
346	447
346	516
346	660
347	351
347	581
348	351
348	967
349	351
349	969
350	353
350	744
351	352
351	452
355	356
356	360
356	807
357	360
357	618
358	414
359	955
360	361
360	915
362	366
362	364
362	407
362	496
362	824
362	863
363	804
365	369
365	712
366	499
366	924
367	626
368	468
368	823
370	677
371	373
371	377
373	546
373	966
374	375
374	378
374	735
377	962
379	381
380	387
380	514
381	906
382	391
382	385
383	387
383	384
385	387
386	751
387	666
388	392
388	390
389	881
390	395
392	396
393	395
394	440
394	415
395	396
397	514
398	402
399	435
400	411
402	603
403	406
403	920
404	897
406	504
408	413
408	495
409	410
409	412
410	413
410	414
410	417
411	415
413	416
413	954
419	421
420	572
420	425
422	426
423	426
424	428
426	446
427	429
430	431
430	980
431	439
431	441
431	442
431	449
432	435
433	480
434	440
436	440
436	873
443	451
444	449
445	455
447	941
448	453
453	471
453	592
454	710
456	532
457	461
458	465
458	530
459	469
459	466
461	463
461	469
461	728
462	470
462	471
462	999
463	934
464	944
465	470
465	478
467	534
467	722
467	982
472	484
472	485
474	550
474	487
476	563
477	871
480	483
483	546
483	486
488	492
489	503
489	491
490	498
493	500
494	503
497	821
500	502
501	503
502	503
504	511
504	520
504	903
507	511
507	510
508	521
508	515
509	514
513	517
515	518
516	523
518	943
519	793
521	698
522	532
524	543
524	550
525	531
526	581
526	542
527	529
527	582
529	533
530	543
532	536
533	539
534	773
535	541
538	539
539	540
539	560
543	794
544	549
545	556
546	565
547	548
548	562
551	557
551	552
552	564
553	556
553	558
555	874
556	990
557	829
558	562
559	566
562	676
565	835
567	570
568	601
569	573
570	846
572	584
572	585
573	579
573	602
575	596
576	584
576	590
578	586
579	588
579	591
581	601
582	588
583	591
586	587
595	596
598	601
599	600
604	841
604	839
604	919
605	912
606	892
607	973
609	899
609	736
610	773
612	859
612	702
612	782
613	699
614	834
615	737
616	647
617	813
619	628
619	664
620	818
621	888
622	830
623	631
623	745
624	720
626	645
627	844
628	924
631	936
632	863
632	813
633	856
634	997
634	714
635	901
636	824
639	892
639	789
639	925
641	791
641	964
642	845
642	739
645	882
646	664
647	893
647	998
648	974
649	982
649	662
650	669
651	729
653	889
653	899
654	972
655	731
655	753
655	947
656	948
657	848
658	795
659	994
660	675
660	703
661	825
661	762
661	887
665	850
666	866
666	885
666	909
667	690
667	931
669	751
670	874
671	753
671	984
672	842
673	967
673	749
674	983
675	832
675	974
677	907
678	687
679	812
679	890
680	775
680	914
682	741
683	716
684	804
685	858
686	845
687	775
687	838
688	954
688	878
690	968
691	769
691	761
691	833
692	851
693	812
694	996
695	745
695	811
695	904
696	851
697	946
700	884
700	883
701	933
701	721
703	805
704	887
705	900
706	913
706	981
708	929
709	756
709	889
710	820
714	818
715	981
717	809
717	776
720	849
723	913
726	774
726	864
727	956
730	751
731	754
732	748
732	781
733	966
733	783
733	963
740	930
740	837
740	910
742	960
742	786
742	851
743	753
745	831
748	999
748	884
749	908
751	867
752	882
752	822
753	769
754	908
754	763
756	795
756	767
757	984
758	950
759	982
759	970
760	766
762	815
764	824
766	922
770	787
772	773
773	802
776	795
776	985
777	971
778	803
780	886
783	973
784	937
786	930
790	957
791	922
792	913
792	938
800	824
801	887
803	847
803	989
804	830
806	836
810	874
810	852
812	918
814	840
819	950
819	928
819	955
825	875
827	909
828	935
831	965
832	842
832	994
834	868
836	937
838	971
838	995
844	853
848	926
848	933
851	861
856	872
859	965
859	892
861	932
862	952
865	877
870	882
875	957
876	959
879	994
881	956
891	992
891	923
892	951
894	950
894	921
895	934
909	961
912	961
912	953
913	949
913	972
919	958
927	974
944	977
950	972
958	976
971	991
