0	931
0	825
0	844
0	841
0	916
0	936
0	942
0	568
0	958
0	826
1	881
1	864
1	855
1	990
1	815
1	145
1	836
1	894
1	981
1	822
2	986
2	854
2	898
2	994
2	836
2	922
2	939
2	937
2	933
2	877
3	909
3	988
3	959
3	168
3	347
3	948
3	941
3	827
4	852
4	45
4	5
4	43
4	399
5	852
5	45
5	795
5	43
6	953
6	828
6	849
6	995
6	851
6	861
6	794
6	823
6	827
6	525
7	220
7	11
7	221
7	235
7	237
7	231
8	236
8	232
8	234
9	12
9	219
9	13
9	10
9	223
9	218
9	222
9	217
10	12
10	13
10	219
10	218
10	217
11	221
11	220
11	231
11	720
11	678
12	223
12	13
12	217
12	222
12	218
12	362
13	218
13	219
13	222
13	217
13	223
14	197
14	18
14	19
14	312
14	16
15	17
15	196
15	202
15	260
16	19
16	18
16	197
16	200
16	242
17	196
17	202
17	932
18	200
18	197
18	242
19	200
19	197
19	242
19	312
20	198
20	201
20	238
20	243
20	669
20	310
20	309
21	26
21	612
22	24
22	747
23	27
23	25
24	747
24	642
25	27
26	612
28	31
28	33
28	32
28	136
29	30
29	34
30	34
30	273
31	33
31	32
31	137
32	33
32	697
33	75
35	40
35	36
35	37
35	39
35	90
35	89
35	38
35	84
35	296
36	37
36	40
36	131
36	130
36	260
37	38
37	85
37	656
37	685
37	89
37	39
38	39
38	40
38	41
38	86
38	87
38	861
38	85
39	41
39	472
39	40
39	89
39	311
40	84
40	86
40	89
40	90
41	132
41	89
41	90
41	189
41	389
42	44
42	866
42	954
42	902
42	907
42	963
42	159
42	160
43	45
43	852
43	622
44	907
44	866
44	902
44	954
44	159
44	154
44	156
45	852
45	865
46	47
46	48
47	48
49	286
49	281
49	51
49	283
49	285
49	58
49	425
49	710
50	282
50	53
50	55
50	280
50	284
50	426
50	427
50	739
51	286
51	52
51	285
51	283
51	281
51	61
51	427
52	283
52	286
52	285
52	281
52	433
52	432
52	60
53	280
53	284
53	282
53	55
53	54
53	432
53	429
54	284
54	282
54	55
54	710
54	432
54	430
54	552
55	284
55	280
55	282
55	429
55	426
56	745
56	59
56	707
56	57
56	62
56	560
56	640
56	594
56	708
57	707
57	640
57	594
57	745
57	62
57	805
57	59
57	672
57	632
57	560
58	61
58	653
58	60
58	694
59	62
59	707
59	594
59	708
59	640
59	672
59	632
59	560
59	745
60	61
60	694
60	653
61	653
61	694
62	707
62	745
62	708
62	794
62	966
62	786
62	632
62	414
63	65
63	534
63	746
63	760
63	345
63	349
64	66
64	68
64	69
64	336
64	67
64	352
64	332
64	298
65	549
65	346
65	349
65	347
65	534
65	348
65	520
65	345
65	760
66	69
66	67
66	68
66	331
66	352
66	336
67	69
67	331
67	332
67	207
67	352
67	957
67	973
68	69
68	352
68	332
68	331
68	336
69	332
69	336
69	323
69	331
69	520
70	75
70	133
70	72
70	135
70	71
70	134
71	75
71	136
71	133
71	135
71	837
71	72
71	769
71	160
72	134
72	133
72	135
72	137
72	75
72	321
72	817
73	138
73	74
73	100
73	712
74	76
74	139
75	137
75	134
75	133
75	136
75	135
75	824
76	139
76	138
76	304
76	491
77	423
77	417
77	420
77	421
77	81
77	342
77	246
77	340
77	338
77	239
78	420
78	79
78	417
78	82
78	422
78	424
78	337
78	418
78	83
78	208
79	81
79	82
79	83
79	420
79	421
79	424
79	80
79	248
79	342
80	82
80	420
80	418
80	422
80	249
80	251
80	247
80	182
80	206
81	421
81	423
81	424
81	419
81	420
81	82
81	341
81	344
82	424
82	418
82	342
82	340
82	247
82	249
83	417
83	419
83	418
83	339
83	423
83	246
83	247
83	340
84	86
84	88
84	477
84	485
84	85
84	87
84	90
84	714
85	484
85	87
85	705
86	87
86	89
86	475
86	470
86	472
86	477
86	138
87	88
87	90
87	475
87	89
87	485
87	870
88	472
88	89
88	173
88	90
88	193
89	90
90	470
90	484
90	475
91	92
91	93
91	97
91	96
91	94
91	293
91	292
91	871
91	780
91	911
92	95
92	97
92	288
92	291
92	290
92	93
92	96
92	353
92	168
93	95
93	96
93	290
93	94
93	292
93	97
93	943
93	354
94	97
94	95
94	289
94	287
94	288
94	293
94	998
94	96
95	97
95	96
95	292
95	354
95	871
95	563
95	943
96	97
96	290
96	289
96	551
96	291
97	293
97	291
97	292
97	588
98	100
98	400
98	397
98	393
98	101
98	396
98	99
98	102
98	394
98	395
99	399
99	398
99	400
99	102
99	394
99	316
99	395
99	103
100	395
100	396
100	104
100	101
100	400
100	836
100	393
100	180
101	104
101	103
101	394
101	398
101	396
102	395
102	394
102	400
102	104
102	617
102	752
102	103
103	394
103	104
103	395
103	399
103	396
103	398
104	395
104	394
104	393
104	397
105	107
105	106
105	110
105	109
105	432
105	108
105	284
105	316
105	111
105	890
106	107
106	111
106	110
106	109
106	426
106	780
107	108
107	282
108	111
108	110
108	109
108	559
108	433
108	748
108	177
109	110
109	111
109	432
109	426
109	869
109	455
110	111
110	426
110	428
110	429
110	322
110	433
111	428
111	433
112	116
112	409
112	114
112	115
112	123
112	414
112	125
112	401
112	726
112	765
113	114
113	414
113	416
113	118
113	409
113	117
113	410
113	412
113	542
113	124
114	409
114	410
114	412
114	116
114	118
114	122
114	802
114	592
115	116
115	409
115	410
115	118
115	117
115	416
115	121
115	744
115	261
116	118
116	410
116	414
116	412
116	121
116	782
117	409
117	412
117	416
117	410
117	123
117	124
117	120
117	542
118	416
118	412
118	121
118	120
118	125
118	409
119	411
119	659
120	124
120	121
120	122
120	125
120	702
120	414
120	123
120	409
121	124
121	125
121	409
121	410
121	443
121	754
122	123
122	124
122	409
122	410
122	762
122	702
122	782
122	536
123	124
123	125
123	553
123	412
123	762
123	649
124	125
124	782
124	625
124	536
125	614
125	658
125	744
125	592
126	132
126	130
126	127
126	316
126	131
126	245
126	830
126	709
127	394
127	128
127	129
127	130
127	132
127	320
127	448
128	130
128	132
128	131
128	950
128	882
128	718
129	132
129	130
129	131
129	990
130	132
130	939
130	767
130	629
131	132
131	396
131	443
132	289
132	805
133	136
133	137
133	134
133	135
133	561
134	136
134	135
134	861
134	415
135	137
136	137
136	304
136	311
136	368
137	202
137	296
137	554
138	139
138	767
139	846
140	892
140	142
140	965
140	940
140	925
140	921
140	891
141	903
141	824
141	877
141	864
141	964
141	977
141	999
141	672
141	881
141	939
142	965
142	913
142	892
142	921
142	889
143	906
143	957
143	838
143	899
143	905
143	816
143	951
143	857
143	989
143	278
144	989
144	887
144	899
144	916
144	835
144	974
144	841
144	838
144	936
144	956
145	146
145	935
145	820
145	922
145	981
145	937
145	840
145	990
146	832
146	928
146	875
146	829
146	986
146	964
146	939
146	894
146	938
147	151
147	440
147	150
147	152
147	441
147	442
147	436
147	435
147	437
147	149
148	150
148	435
148	149
148	152
148	442
148	167
148	538
148	151
148	233
149	153
149	435
149	151
149	439
149	152
149	167
149	162
149	598
150	153
150	435
150	152
150	438
150	439
150	532
150	728
150	167
151	152
151	441
151	439
151	437
151	438
151	743
151	598
152	153
152	434
152	435
152	440
152	571
153	442
153	434
153	440
153	436
153	435
153	604
153	167
154	158
154	156
154	159
154	160
154	155
154	157
154	902
154	172
155	157
155	158
155	159
155	160
155	954
155	156
155	753
155	670
155	715
156	158
156	907
156	902
156	674
157	160
157	954
157	866
157	907
157	159
157	158
157	753
157	667
158	160
158	530
158	186
158	670
159	963
159	160
159	884
160	963
160	673
160	661
161	162
161	166
161	163
161	167
161	728
161	165
161	720
161	237
161	604
162	163
162	164
162	437
162	532
162	904
163	164
163	743
163	571
163	604
163	678
163	439
163	165
163	237
164	167
164	165
164	728
164	571
164	538
164	532
165	167
165	166
165	623
165	538
165	728
165	743
166	167
166	604
166	678
166	743
166	436
166	438
166	231
166	235
167	538
167	258
168	904
168	909
168	988
168	387
168	970
169	880
169	949
169	859
169	972
169	914
169	455
170	172
170	918
170	926
170	831
171	874
171	862
171	967
171	919
171	873
171	885
171	863
172	918
172	926
173	174
173	983
173	892
173	921
173	965
173	845
173	891
173	913
173	393
174	985
174	940
174	965
174	918
174	299
175	620
175	709
175	796
175	692
175	795
176	408
176	550
176	636
176	546
176	626
176	684
176	579
176	478
177	603
177	566
177	483
177	799
177	407
177	471
177	589
177	583
178	403
178	402
178	401
178	179
178	406
178	529
178	181
178	536
178	725
178	592
179	181
179	675
179	545
179	401
179	658
179	542
179	731
179	631
179	802
180	763
180	809
181	401
181	762
181	725
181	614
181	702
181	406
181	737
181	675
182	183
182	188
182	770
182	187
182	790
182	596
183	790
183	254
183	187
183	548
183	188
184	258
184	256
184	669
184	255
184	257
184	615
185	740
185	186
185	666
185	769
186	773
186	252
186	740
186	769
187	188
187	596
187	548
187	681
187	784
188	254
188	600
188	548
189	195
189	193
189	191
189	194
190	194
190	191
190	192
190	193
190	738
190	690
191	193
191	192
191	195
191	767
192	195
192	209
192	764
192	380
193	194
193	195
193	319
193	395
194	316
194	777
194	705
194	944
194	712
194	554
195	453
195	745
196	202
197	234
198	201
198	240
198	309
199	241
199	239
199	313
199	311
199	244
200	555
201	310
201	240
201	243
203	207
203	208
203	204
203	209
203	205
204	207
204	206
204	205
204	208
204	341
205	208
205	206
205	209
205	207
205	591
206	209
206	207
206	721
206	208
206	549
206	510
207	209
207	208
207	944
208	209
208	816
208	936
209	640
209	861
209	706
210	211
210	212
211	212
213	215
213	872
213	780
213	356
214	960
214	591
214	930
214	924
215	872
215	834
215	357
216	978
216	627
216	997
216	814
217	223
217	219
217	218
217	222
218	223
218	222
218	219
219	222
219	223
220	221
220	233
220	231
220	297
220	438
221	235
221	237
221	441
221	532
221	564
221	623
222	223
224	227
224	229
224	230
224	771
225	228
225	226
226	228
227	230
227	229
227	638
229	230
229	980
230	683
231	233
231	235
231	440
232	234
232	236
233	237
233	235
234	236
235	237
235	678
237	678
237	351
237	914
238	309
238	310
238	314
238	240
239	313
239	244
239	308
239	241
240	243
240	309
241	244
241	313
241	524
242	312
243	314
243	309
243	310
243	669
244	311
244	308
245	247
245	246
245	248
245	342
245	419
245	420
245	251
246	249
246	250
246	247
246	248
246	337
246	423
246	338
247	249
247	250
247	251
247	248
247	577
248	250
248	338
248	632
248	421
249	251
249	344
249	250
249	342
249	343
249	423
250	251
250	337
250	339
250	344
250	340
250	343
251	337
251	344
251	421
251	424
251	571
252	666
252	740
252	773
253	257
253	256
253	255
253	719
253	567
253	365
254	691
254	790
254	850
255	256
255	257
255	645
255	258
255	719
256	258
256	257
256	669
256	645
257	669
257	719
257	258
258	719
258	645
258	669
259	263
259	261
259	637
259	609
259	778
259	573
259	789
259	593
259	647
259	785
260	262
260	263
260	261
260	264
260	647
260	265
260	785
260	778
260	609
261	262
261	264
261	265
261	696
261	655
261	783
261	593
262	265
262	264
262	263
262	655
262	637
262	573
262	713
262	783
263	264
263	785
263	783
263	778
263	265
263	663
263	789
264	265
264	637
264	647
264	572
264	655
264	796
265	572
265	647
265	573
265	783
265	696
266	564
266	712
266	585
266	618
266	552
266	760
267	271
267	621
267	788
267	557
267	781
267	528
267	307
267	807
267	581
267	717
268	269
268	717
268	611
268	788
268	271
268	681
268	621
268	800
268	557
268	741
269	611
269	687
269	581
269	271
269	272
269	306
269	741
269	781
269	557
270	706
270	570
270	767
270	551
270	575
270	699
270	633
270	271
271	611
271	800
271	681
271	687
271	307
271	306
272	788
272	781
272	307
272	807
272	621
272	791
272	445
272	306
273	279
273	276
274	275
274	278
274	781
274	744
275	278
275	277
276	279
277	278
277	481
280	284
280	282
280	427
280	431
280	429
281	283
281	285
281	286
281	427
281	425
282	284
282	431
283	285
283	286
283	431
283	427
284	433
285	694
285	653
285	286
286	432
286	431
287	293
287	290
287	289
287	288
287	291
287	780
287	353
287	950
287	563
288	289
288	291
288	290
288	359
288	944
288	356
288	304
289	290
289	291
289	448
289	679
289	998
290	291
290	293
290	356
290	998
291	293
291	292
291	998
292	293
292	843
292	834
292	943
292	939
293	780
293	356
293	360
294	300
294	299
294	296
294	920
295	296
295	298
295	297
295	299
295	300
295	338
295	840
296	298
296	300
296	297
297	300
297	298
297	299
297	786
298	300
298	299
299	300
299	436
300	938
300	545
301	629
301	759
301	919
301	302
301	639
301	837
302	303
302	305
302	759
302	695
302	629
302	967
302	893
303	305
303	759
303	629
303	639
303	695
303	893
303	919
304	698
304	679
304	522
304	665
305	639
305	695
305	919
305	677
306	621
306	807
306	307
306	557
306	528
306	781
306	799
307	781
307	557
307	621
307	687
307	717
307	741
308	311
308	313
309	310
309	314
309	530
310	314
310	607
311	313
315	318
315	321
315	317
315	320
316	321
316	319
316	318
316	320
317	318
317	321
317	924
317	452
317	845
318	319
318	320
318	321
319	320
319	393
319	688
319	321
319	764
320	991
322	323
324	327
324	466
324	361
324	368
325	362
325	366
326	367
326	379
326	383
327	368
327	363
327	386
328	760
328	351
329	607
329	562
329	635
329	751
329	668
329	798
329	372
330	335
330	520
330	775
330	784
330	736
330	333
330	749
330	744
331	336
331	332
332	336
332	352
332	910
333	784
333	736
333	749
333	775
333	674
333	334
333	520
334	784
334	615
334	749
334	335
334	520
334	691
334	736
335	736
335	615
335	784
335	520
337	343
337	340
337	339
337	342
337	418
337	421
338	339
338	344
338	903
338	422
338	343
339	343
339	340
339	420
339	417
339	953
339	422
340	344
340	419
340	341
340	343
341	343
341	344
341	422
341	417
341	815
341	342
341	426
342	422
342	344
342	423
343	418
343	766
343	671
344	417
344	419
345	349
345	351
345	346
345	350
345	347
345	760
345	746
345	534
346	348
346	549
346	760
346	349
346	704
346	482
347	350
347	349
347	534
347	351
347	549
347	746
347	760
347	687
348	746
348	350
348	351
348	534
348	349
348	449
348	760
349	350
349	351
349	549
349	534
349	746
350	351
350	746
350	760
350	552
350	534
351	549
351	760
351	534
351	657
351	746
351	905
353	356
353	355
353	358
353	354
353	780
353	360
353	871
353	736
354	359
354	357
354	358
354	998
354	360
354	943
354	588
355	356
355	358
355	360
355	357
355	830
355	359
355	871
355	971
355	943
356	360
356	357
356	943
356	588
357	359
357	358
357	834
357	360
357	843
358	360
358	872
358	679
358	998
358	899
358	600
359	360
359	872
359	843
359	588
359	998
359	563
360	588
360	834
361	363
361	365
361	364
361	368
361	461
361	458
361	457
361	381
361	446
362	366
363	365
363	364
363	459
363	383
363	368
364	368
364	461
364	365
364	384
364	383
364	561
365	368
365	383
367	379
368	466
368	384
369	374
369	371
369	376
369	373
369	370
369	751
369	798
370	374
370	376
370	373
370	372
370	635
371	372
371	374
371	373
371	376
372	373
372	374
372	376
372	668
373	374
373	798
374	375
374	751
374	755
375	376
375	697
376	668
376	562
376	798
377	382
377	380
377	378
377	797
378	382
378	684
378	601
380	382
380	722
381	383
381	384
381	458
382	665
384	459
385	392
385	386
386	392
387	388
387	391
387	389
387	390
388	391
388	389
388	390
388	869
389	390
389	391
390	391
391	833
393	394
393	400
393	396
393	395
393	398
394	396
394	397
395	399
395	519
396	399
396	397
397	399
397	400
397	398
397	884
397	677
397	719
398	399
398	400
398	697
398	539
399	400
399	817
401	762
401	631
401	744
401	776
401	733
401	406
402	403
402	804
402	675
402	405
402	542
402	744
402	592
402	782
402	414
403	406
403	592
403	804
403	776
403	725
403	553
403	631
403	405
404	597
404	630
404	732
404	714
404	758
404	777
404	756
405	744
405	804
405	536
405	542
405	726
405	553
405	776
406	545
406	804
406	592
406	776
406	731
406	536
407	482
407	483
407	481
407	471
407	567
407	651
407	619
408	590
408	787
408	546
408	547
409	414
410	414
410	416
410	412
411	413
411	659
411	577
411	415
412	416
412	414
412	947
413	415
413	539
413	577
413	650
414	416
415	659
415	651
416	782
416	553
416	702
417	419
417	421
417	424
417	831
418	424
418	422
418	420
418	423
419	423
419	421
419	422
419	420
420	423
421	424
422	424
422	453
423	424
425	431
425	433
425	427
425	432
425	430
425	428
425	987
425	429
426	427
426	429
426	432
426	431
427	432
427	428
427	565
428	429
428	431
428	565
428	433
428	430
428	890
429	431
429	430
429	433
430	431
430	432
430	735
430	433
430	777
431	433
434	440
434	441
434	439
434	437
434	538
434	532
434	436
434	598
435	440
435	436
435	437
435	442
436	437
436	441
436	442
436	571
437	438
437	441
437	439
437	442
438	441
438	440
438	439
438	571
438	598
439	442
439	440
439	538
440	442
440	441
441	442
441	623
442	604
443	448
443	449
443	453
443	450
443	445
443	447
443	451
444	445
444	447
444	446
444	451
445	453
445	452
445	451
445	446
445	640
445	888
445	492
446	450
446	453
446	447
446	448
446	934
447	451
447	449
447	450
448	450
448	449
448	602
449	453
449	843
450	453
450	451
450	452
450	705
451	452
453	764
453	980
454	456
454	464
454	462
454	468
454	467
454	460
454	955
455	468
455	460
455	456
455	462
455	463
455	914
455	859
456	464
456	463
456	460
456	465
456	880
456	955
456	468
457	466
457	458
457	459
457	461
458	459
458	461
459	466
460	462
460	467
460	465
460	463
461	466
462	465
462	468
462	467
462	463
462	464
462	880
462	859
463	467
463	465
463	468
464	468
464	467
464	465
464	972
465	467
465	468
465	880
465	731
467	914
467	859
469	473
469	480
469	481
469	476
469	474
469	479
469	483
469	471
469	482
469	583
469	628
469	556
469	581
470	472
470	484
470	477
470	475
470	485
471	474
471	482
471	480
471	476
471	473
471	481
471	535
471	483
472	485
472	477
472	484
473	474
473	483
473	480
473	479
473	482
473	476
473	481
473	622
473	800
474	479
474	480
474	476
474	481
474	619
474	535
474	705
475	484
475	477
475	485
476	481
476	479
476	482
476	483
476	583
476	799
476	567
476	515
477	484
477	485
478	684
478	722
478	671
478	648
478	550
479	482
479	481
479	483
479	480
479	567
479	589
479	696
479	599
479	690
480	482
480	481
480	483
480	516
480	799
480	689
480	628
481	583
481	689
481	566
481	628
481	482
482	483
482	689
482	583
482	791
483	799
483	566
483	689
483	628
483	583
484	485
486	503
486	505
486	513
486	507
487	493
487	497
488	494
488	511
488	491
488	508
488	501
489	513
489	504
489	510
489	512
490	498
490	500
490	509
490	507
490	505
490	513
490	510
490	502
491	501
491	511
491	494
491	499
491	506
492	504
492	513
492	495
492	496
492	509
493	497
494	501
494	508
494	499
494	738
495	512
495	500
496	510
496	504
496	500
496	512
498	502
498	507
498	510
498	509
498	504
499	508
499	511
499	506
500	502
500	512
500	510
501	508
501	674
502	509
503	504
503	505
503	926
503	955
504	513
504	507
504	509
504	640
504	505
504	516
505	507
505	510
505	513
506	511
506	508
507	513
507	951
508	511
509	512
509	510
513	924
514	766
514	680
514	718
514	801
514	683
514	752
514	606
514	810
514	774
514	587
515	556
515	516
515	603
515	567
515	799
515	535
515	601
516	603
516	583
516	556
516	589
516	628
516	619
516	566
517	521
517	543
517	624
517	729
518	570
518	644
518	633
518	551
518	771
518	716
518	767
518	699
518	575
519	627
519	700
519	839
520	784
520	736
520	749
520	775
521	624
521	543
521	826
522	679
522	646
522	698
522	665
522	843
523	715
523	530
523	806
523	808
523	576
523	757
523	866
523	661
524	526
524	708
524	632
524	805
524	789
524	707
525	794
525	703
525	591
525	558
525	656
525	889
525	995
525	996
526	708
526	745
526	805
526	876
526	944
526	668
527	792
527	652
527	608
527	779
527	544
527	569
527	643
527	727
528	657
528	781
528	611
528	791
528	788
528	681
528	760
528	741
529	542
529	631
529	782
529	725
529	553
529	731
529	658
529	744
530	757
530	715
530	806
530	576
531	587
531	680
531	711
531	774
531	766
531	610
531	752
531	985
531	768
531	683
532	678
532	623
532	604
532	720
533	649
533	574
533	664
533	582
534	549
534	760
534	820
534	901
535	589
535	689
535	690
536	731
536	804
536	693
536	675
536	762
536	791
537	561
537	777
537	729
537	540
537	721
537	756
537	660
537	865
537	734
537	808
538	728
538	743
538	571
538	598
538	623
538	720
539	651
539	555
540	758
540	674
540	676
540	705
540	561
540	597
540	756
540	729
541	685
541	697
541	800
541	834
542	782
542	614
542	545
542	658
543	624
543	594
544	727
544	643
544	608
544	641
544	792
544	569
544	754
544	779
545	553
545	675
545	658
545	592
545	725
545	765
546	686
546	662
546	654
547	722
547	648
547	750
547	550
548	790
548	600
548	596
548	770
548	691
549	760
549	746
550	684
550	671
550	590
550	787
550	626
551	767
551	570
551	771
551	638
551	713
551	716
551	706
552	618
552	564
552	585
552	712
553	782
553	776
553	765
553	614
554	630
554	732
554	597
554	705
554	748
555	577
555	651
555	659
556	628
556	583
556	603
556	566
556	622
557	717
557	741
557	621
557	687
557	807
558	794
558	703
558	851
558	897
558	884
558	960
558	591
558	564
559	801
559	811
559	711
559	586
559	595
559	810
559	766
559	713
559	803
560	707
560	640
560	594
560	745
561	584
561	617
561	748
561	705
561	674
561	803
561	777
561	721
561	620
561	630
562	751
562	616
562	635
563	588
563	780
563	998
563	834
563	950
563	943
563	843
563	698
564	712
564	585
565	739
565	735
565	797
566	619
566	628
566	603
567	601
568	772
568	634
568	761
569	608
569	641
569	754
569	727
569	779
569	652
570	575
570	724
570	706
570	618
570	767
570	638
570	633
571	598
571	720
571	728
571	743
572	613
572	655
572	663
572	696
572	778
572	789
572	785
572	783
573	647
573	789
573	613
573	663
573	637
573	778
573	655
574	649
574	582
574	755
575	644
575	633
575	706
575	962
575	699
575	713
576	808
576	715
576	661
578	662
578	722
578	654
578	671
579	722
579	686
579	654
579	787
580	811
580	723
580	768
580	793
580	801
580	730
580	595
580	682
580	680
580	752
581	800
581	611
581	717
581	687
581	807
581	657
581	979
582	664
582	649
583	628
583	799
584	748
584	676
584	758
584	660
584	756
584	803
585	712
585	618
585	995
586	711
586	768
586	610
586	723
586	683
586	587
586	811
586	853
586	830
587	606
587	768
587	774
587	766
587	718
587	950
588	780
588	843
588	830
588	834
588	646
588	871
588	950
590	701
590	626
591	794
591	819
591	953
591	960
591	995
592	675
592	765
592	733
593	637
593	696
593	783
593	778
593	613
593	655
593	663
593	839
594	640
594	707
594	745
594	672
595	730
595	606
595	810
595	774
595	811
595	683
595	843
596	691
596	770
597	732
597	714
597	630
597	734
598	678
598	604
598	728
598	743
598	623
599	704
599	641
599	754
599	643
599	727
599	779
599	608
600	770
600	946
600	790
601	689
601	664
602	786
602	742
602	763
602	809
602	897
603	619
604	678
604	728
604	623
604	720
604	743
605	673
605	670
605	667
605	650
605	753
605	954
606	774
606	730
606	810
606	610
606	801
606	711
607	798
607	616
607	751
607	635
607	668
608	779
608	641
608	704
608	652
608	754
608	792
608	718
609	613
609	789
609	696
609	655
609	785
609	783
609	778
610	793
610	683
610	730
610	711
610	766
610	718
610	810
611	687
611	657
611	807
611	788
611	871
613	696
613	647
613	637
613	663
613	785
613	778
614	631
614	725
614	782
614	762
614	658
614	733
615	736
615	784
615	749
615	617
616	635
616	751
616	798
617	660
617	803
617	729
617	674
617	705
617	688
617	748
617	732
617	821
617	995
618	712
618	844
619	690
619	622
620	795
620	692
620	709
620	796
620	628
621	800
621	657
621	717
621	807
622	690
622	689
623	720
623	728
623	678
625	726
625	693
625	737
625	802
625	804
625	675
626	636
626	684
627	700
627	814
628	690
629	677
629	695
629	759
629	639
630	714
630	705
630	758
631	675
631	744
631	804
631	776
631	702
632	805
632	707
633	771
633	767
633	699
633	644
634	761
634	772
634	936
635	798
636	701
636	684
636	654
637	647
637	783
637	663
638	706
638	699
638	872
639	677
639	759
639	695
640	745
640	805
640	707
641	754
641	643
641	779
641	792
641	652
641	727
642	747
642	949
643	727
643	704
643	652
643	779
644	910
644	716
645	719
646	665
646	698
646	679
646	872
646	998
647	785
647	663
647	655
647	778
648	722
648	662
648	686
648	701
649	755
650	670
650	661
650	673
650	753
650	667
652	727
652	704
653	694
654	750
654	662
654	671
654	722
654	686
655	663
655	789
655	785
656	930
656	794
657	687
657	781
657	788
657	800
657	791
657	807
658	765
658	731
658	702
658	737
658	809
660	734
660	721
660	777
660	748
660	674
660	729
660	732
661	670
661	753
661	667
661	673
662	701
662	848
662	750
663	696
663	789
663	783
665	679
665	698
665	943
666	740
666	769
666	773
667	753
667	670
667	963
668	798
668	751
670	673
670	753
672	708
672	805
672	897
673	753
674	729
674	734
674	748
674	756
674	777
675	762
675	804
675	765
676	748
676	803
676	729
676	758
676	721
676	777
676	734
677	695
678	720
678	743
678	728
679	872
680	793
680	723
680	718
680	766
680	730
680	774
680	711
681	741
681	717
681	800
681	807
681	791
681	687
681	788
682	793
682	766
682	768
682	718
682	811
682	998
683	752
683	793
683	711
683	801
683	872
684	787
684	701
684	686
685	688
685	898
686	750
687	791
687	807
688	697
688	764
689	980
690	799
691	790
692	709
692	796
692	795
693	733
693	737
693	726
693	802
693	702
695	759
695	858
695	893
695	982
696	778
696	783
696	789
698	872
699	713
700	978
700	814
701	750
702	765
702	731
702	725
702	802
703	794
703	930
703	897
703	924
703	953
703	849
704	792
704	754
705	758
705	777
705	721
705	734
705	714
705	908
706	767
706	716
706	826
706	771
707	793
707	745
709	796
709	795
709	734
710	797
710	735
710	739
711	793
711	810
711	752
711	723
713	716
713	767
713	724
713	999
713	771
714	732
714	756
715	808
715	806
715	757
716	724
717	741
717	800
717	791
717	781
718	811
718	801
718	768
718	872
720	728
721	756
721	758
721	803
721	909
722	750
722	787
723	811
723	793
723	730
723	989
723	843
723	943
724	771
725	804
725	776
725	744
725	731
726	737
726	733
726	802
727	754
727	779
728	743
729	756
729	758
729	777
729	734
730	810
730	774
730	768
731	765
731	737
731	821
732	756
733	802
733	737
734	748
734	758
734	803
735	739
735	797
736	775
736	749
736	882
738	742
738	763
738	786
739	797
740	773
741	807
741	791
741	788
741	903
742	786
744	765
745	980
746	760
748	758
748	777
748	756
749	775
749	784
751	798
752	793
752	811
752	950
754	779
756	758
756	803
756	784
757	808
757	806
758	803
758	777
759	967
761	772
761	825
762	782
762	776
762	765
762	804
763	809
765	776
766	811
766	793
766	968
768	801
768	811
768	793
769	773
770	790
770	920
770	774
771	940
772	942
774	810
775	784
776	782
776	804
778	785
779	792
780	871
780	834
780	971
780	998
780	830
781	800
781	788
783	785
785	789
786	809
787	972
788	807
788	791
789	883
791	800
794	876
794	827
795	796
795	873
801	811
801	950
806	808
810	811
812	867
812	879
812	818
812	999
812	939
812	994
813	968
813	936
813	905
813	956
813	929
813	923
813	927
813	887
814	997
814	962
814	947
814	978
814	909
815	822
815	966
815	900
815	964
815	877
815	928
815	881
815	937
816	841
816	857
816	927
816	958
816	968
816	844
816	906
817	911
817	896
817	959
817	904
817	864
817	988
818	898
818	836
818	881
818	932
818	890
818	999
818	854
818	840
818	970
818	993
818	935
818	853
819	934
819	851
819	953
819	995
819	991
819	987
819	828
819	850
819	996
819	876
820	993
820	966
820	920
820	935
820	898
820	840
820	875
820	970
820	994
820	822
821	988
821	948
821	911
821	941
821	959
822	920
822	881
822	864
822	853
822	867
822	935
822	922
822	829
822	832
823	833
823	897
823	960
823	987
823	883
823	980
823	876
823	828
823	934
823	953
824	890
824	864
824	829
824	840
824	937
824	999
824	992
824	854
824	842
824	881
824	836
825	961
825	841
825	942
825	887
825	915
825	958
825	923
825	905
825	974
825	838
825	968
826	829
826	870
826	986
826	937
826	836
826	860
826	964
826	922
826	999
827	930
827	987
827	897
827	876
827	849
827	828
827	861
827	884
828	930
828	996
828	953
828	876
828	833
828	884
828	897
828	924
828	849
828	831
828	934
828	861
829	990
829	831
829	898
829	836
829	966
829	999
829	840
829	842
829	964
830	843
830	872
830	971
830	943
830	834
830	871
830	950
831	975
831	964
831	903
831	848
831	870
831	938
831	969
831	900
831	877
831	932
831	993
831	864
831	928
832	836
832	994
832	842
832	908
832	975
832	854
832	928
832	945
832	969
832	964
832	890
833	995
833	991
833	850
833	897
833	953
833	996
833	987
833	884
834	871
834	950
834	872
834	843
834	943
835	841
835	979
835	942
835	931
835	844
835	916
835	927
835	929
835	957
835	895
836	853
836	977
836	966
836	999
836	937
836	928
836	922
836	842
836	854
836	938
836	867
837	882
837	978
837	947
837	944
837	869
837	997
837	910
837	839
838	973
838	931
838	961
838	841
838	844
838	989
838	857
838	942
838	956
838	927
838	951
838	887
838	968
838	936
838	981
839	882
839	910
839	962
839	921
839	864
840	898
840	986
840	881
840	903
840	969
840	975
840	938
840	867
840	864
840	933
840	922
840	932
841	974
841	979
841	899
841	951
841	887
841	958
841	857
841	905
841	844
842	993
842	964
842	933
842	860
842	922
842	994
842	970
842	986
842	854
842	920
843	971
843	871
843	872
843	998
844	951
844	942
844	899
844	901
844	931
844	857
844	961
844	923
845	921
845	940
845	891
845	985
845	946
845	846
845	965
846	925
846	940
846	983
846	882
846	985
847	873
847	878
847	976
847	874
847	888
847	919
847	862
847	967
847	912
848	875
848	928
848	922
848	937
848	917
848	970
848	908
848	938
848	879
848	986
849	953
849	960
849	995
849	884
849	991
849	889
849	876
849	934
849	850
850	995
850	861
850	953
850	960
850	930
851	960
851	991
851	889
851	897
851	953
853	898
853	890
853	928
853	922
853	877
853	964
853	860
853	945
853	867
853	977
853	938
853	978
854	999
854	890
854	870
854	860
854	990
854	903
854	993
855	870
855	981
855	966
855	999
855	881
855	994
855	990
855	894
855	900
855	890
855	964
856	865
856	988
856	904
856	909
857	958
857	906
857	942
857	929
857	956
857	905
857	989
857	957
857	916
857	973
857	974
857	927
858	919
858	893
858	885
858	873
858	862
858	886
858	982
859	880
859	955
859	972
859	949
860	966
860	992
860	986
860	937
860	867
860	939
860	928
861	960
861	953
861	987
861	897
862	967
862	873
862	863
862	952
862	982
862	874
863	878
863	885
863	912
863	888
863	976
863	919
863	873
864	986
864	922
864	928
864	969
864	898
864	867
864	977
864	932
865	941
865	911
865	948
866	963
866	907
866	902
866	954
867	975
867	992
867	928
867	964
867	898
868	924
868	987
868	889
868	884
869	944
869	978
869	910
869	882
869	947
869	997
870	894
870	920
870	945
870	992
870	900
870	932
870	933
871	950
871	971
871	872
871	943
871	894
872	943
872	971
872	998
872	950
873	878
873	885
873	967
873	984
873	874
873	976
873	886
874	878
874	912
874	885
874	982
874	893
874	919
875	993
875	964
875	975
875	977
875	922
875	935
875	938
875	920
876	930
876	934
876	987
876	953
876	889
876	991
877	981
877	970
877	990
877	969
877	903
877	908
877	917
877	966
877	994
877	920
877	922
878	976
878	984
878	888
878	886
878	885
878	982
878	967
879	981
879	964
879	932
879	970
879	975
879	917
879	986
879	996
880	949
880	955
880	972
881	898
881	964
881	970
881	908
881	935
881	937
881	938
882	978
882	962
882	910
883	889
883	924
883	991
883	884
883	934
883	995
883	980
884	980
884	960
884	947
885	888
885	976
885	886
885	912
885	984
886	919
887	961
887	974
887	973
887	905
887	899
887	906
887	901
888	912
888	984
889	996
889	991
889	995
889	934
889	924
890	920
890	908
890	898
890	969
890	903
890	975
891	985
891	925
891	940
891	991
892	913
892	985
893	982
893	952
893	912
893	919
894	903
894	939
894	977
894	945
894	966
895	936
895	968
895	905
895	916
895	951
895	942
895	915
895	956
895	958
896	911
896	959
897	924
897	996
897	930
897	934
897	980
897	995
898	992
898	908
898	903
898	939
898	975
898	993
899	974
899	961
899	989
899	958
899	942
899	927
899	968
899	901
900	945
900	938
900	994
900	903
900	939
900	981
900	933
900	920
901	956
901	923
901	936
901	905
901	931
901	929
901	957
901	979
902	963
902	907
902	954
903	964
903	928
903	981
903	945
903	994
903	917
903	937
903	908
903	993
904	941
904	909
904	988
905	956
905	936
905	923
905	916
905	958
905	989
906	973
906	957
906	958
906	927
906	951
906	946
906	916
907	963
907	954
908	981
908	964
908	993
908	935
908	992
908	945
908	937
909	941
909	911
909	988
909	948
910	944
910	978
910	962
910	983
911	959
911	941
912	982
912	976
912	952
913	921
913	946
914	972
914	955
915	957
915	974
915	961
915	973
915	979
915	968
915	989
915	936
915	929
915	942
915	951
916	958
916	942
916	974
916	989
916	923
916	961
916	931
916	968
917	992
917	969
917	920
917	975
917	922
917	928
918	926
919	952
919	982
920	970
920	990
920	986
920	939
920	994
920	969
920	992
921	940
921	985
922	970
922	935
923	968
923	956
923	929
923	979
923	942
923	961
923	951
923	936
924	991
924	934
924	995
924	996
924	953
925	965
925	985
927	951
927	942
927	973
927	961
927	974
927	931
927	989
927	929
927	957
928	937
928	994
928	992
928	939
928	964
928	977
928	986
929	968
929	956
929	936
929	951
929	979
930	991
930	995
930	980
930	987
931	989
931	958
931	979
931	961
931	974
932	977
932	945
932	938
932	992
932	969
933	993
933	970
933	945
933	986
933	992
934	995
934	996
934	987
934	971
935	964
935	981
935	986
935	999
935	970
936	968
936	951
936	956
937	990
938	939
938	981
939	975
939	964
939	969
940	983
940	965
941	959
942	974
942	973
942	979
942	961
943	950
943	998
943	971
944	978
944	962
944	947
945	966
945	975
945	964
945	993
945	969
945	992
946	983
946	965
946	985
947	962
947	978
947	952
948	988
949	972
949	955
950	971
950	998
951	974
951	958
951	979
951	956
952	982
953	995
953	996
953	980
953	987
954	963
955	972
956	968
957	989
957	973
957	968
958	979
960	996
960	991
961	974
961	968
962	997
962	978
964	969
964	981
966	993
966	969
968	973
969	977
969	999
969	986
970	981
970	990
970	975
970	977
970	994
971	998
973	989
973	979
974	979
974	989
975	990
975	986
975	994
975	980
976	982
977	993
977	981
977	992
977	999
978	997
980	991
981	986
981	993
981	992
986	994
986	993
987	996
987	995
990	992
991	996
992	999
995	996
