0	895
0	908
0	885
0	999
0	862
0	865
0	917
0	898
1	909
1	929
1	892
1	881
1	864
1	844
1	965
1	915
1	918
1	855
2	957
2	986
2	854
2	841
2	898
2	921
2	994
2	836
2	880
2	352
3	909
3	891
3	880
3	870
3	886
3	892
3	988
3	915
3	893
4	834
4	980
4	971
4	954
4	897
4	947
4	382
4	910
5	995
5	963
5	849
5	27
6	953
6	837
6	828
6	963
6	872
6	843
6	309
6	849
7	13
7	546
8	210
8	556
9	12
9	11
10	12
11	100
11	893
12	316
12	720
13	173
13	820
14	68
14	951
14	975
14	708
15	17
15	19
15	656
16	19
16	592
17	353
17	317
17	872
17	929
18	170
18	20
19	792
19	966
19	773
20	25
21	22
22	26
22	53
23	26
23	27
23	177
24	58
24	288
25	808
25	666
26	166
26	681
28	31
29	32
29	31
29	465
29	787
30	415
30	32
30	34
30	108
30	632
31	703
33	106
35	40
35	892
36	37
37	38
37	716
38	39
38	40
38	41
39	550
39	890
39	735
42	46
42	546
42	758
42	689
43	203
43	145
43	98
44	173
44	591
45	48
45	46
46	428
46	436
47	330
47	96
48	221
49	55
49	259
50	52
51	55
51	447
52	53
52	650
52	807
53	920
54	138
55	244
55	606
57	308
59	156
59	167
59	260
60	61
61	62
62	199
63	64
63	69
64	284
65	66
65	76
66	69
66	420
66	510
66	880
67	69
67	263
67	531
68	260
68	633
69	417
70	74
70	498
70	788
71	343
71	448
71	900
72	497
72	73
73	638
74	226
74	75
75	281
76	983
77	270
78	146
78	486
79	81
79	82
79	384
79	682
80	82
80	702
81	416
81	155
82	882
83	337
83	390
83	461
84	86
84	88
84	717
85	213
85	526
86	266
86	87
86	89
86	575
90	198
90	372
91	338
91	92
91	93
91	97
92	724
92	652
94	212
94	726
94	677
95	97
98	100
98	400
98	397
98	393
98	101
98	396
98	901
99	399
99	398
99	400
99	102
99	394
99	316
100	395
101	104
101	103
101	394
101	398
102	395
102	394
102	400
102	104
103	394
103	104
103	395
103	264
103	685
104	395
104	571
105	206
105	107
105	210
105	337
106	107
106	111
106	140
109	412
109	923
110	425
111	836
112	116
112	459
113	291
113	114
113	414
115	116
116	118
117	291
118	967
119	124
119	123
120	374
121	124
121	147
123	198
123	366
124	125
124	999
126	132
126	130
127	289
127	507
128	130
128	132
129	132
129	857
130	817
131	132
133	136
134	262
135	137
136	413
137	359
137	565
138	537
139	462
141	215
141	557
141	903
141	572
142	265
144	438
144	340
145	146
145	744
147	151
147	279
147	419
147	178
147	399
147	980
148	150
149	153
150	524
150	877
150	809
151	163
151	990
152	416
152	153
154	158
154	156
154	159
157	304
161	162
161	166
161	245
162	163
162	320
164	306
165	167
168	296
169	173
169	239
170	174
170	277
170	808
171	172
171	454
171	185
172	201
172	543
173	174
173	983
174	746
175	405
175	177
175	408
176	177
176	408
176	401
176	403
176	404
176	406
176	405
176	407
177	179
177	401
177	408
178	180
178	403
178	402
178	401
178	408
178	179
178	406
178	713
179	181
179	407
179	408
180	401
180	406
181	401
181	404
181	407
181	807
182	186
182	255
182	183
182	184
182	256
182	744
183	185
183	256
183	195
184	188
184	187
184	258
185	188
185	253
186	254
186	188
186	253
186	311
187	188
187	258
187	252
188	253
188	254
188	252
189	195
190	244
191	193
192	195
192	848
193	194
194	316
194	747
194	917
195	453
195	724
195	858
196	202
196	821
197	198
197	202
199	460
200	299
201	439
201	895
202	825
203	207
203	853
204	207
204	206
205	312
205	208
205	506
206	209
208	478
208	904
208	811
209	224
209	667
209	887
210	213
210	214
210	596
211	410
211	742
212	214
213	994
214	907
215	313
216	305
216	989
217	417
218	223
218	220
219	246
219	222
220	739
221	223
222	223
222	248
224	692
225	227
225	761
226	227
227	236
228	251
229	230
231	505
231	233
232	959
233	234
233	237
233	278
233	564
233	824
234	236
235	237
237	628
237	843
238	259
238	242
238	244
238	534
238	858
239	563
239	672
239	972
240	997
241	821
243	244
245	946
246	249
246	410
246	582
247	327
247	249
248	250
248	783
248	846
249	521
252	257
252	253
252	255
252	256
252	254
253	257
253	256
253	255
254	255
254	258
254	257
255	256
256	258
256	878
259	819
260	262
260	870
261	262
261	620
264	265
265	332
265	929
266	269
266	270
267	271
268	422
268	269
268	755
269	816
273	468
273	792
273	865
274	275
275	278
276	377
276	302
280	285
280	515
281	282
281	579
283	285
284	285
285	474
286	379
286	689
286	881
286	962
286	931
287	293
287	290
288	289
288	291
288	660
292	295
292	633
292	743
293	919
294	300
295	296
295	298
297	300
298	300
298	553
299	327
299	719
300	334
300	921
301	409
301	304
301	993
301	855
302	303
302	307
303	305
303	881
304	378
304	944
304	952
305	306
305	795
305	639
307	502
308	310
309	310
309	402
309	954
310	311
310	832
311	314
311	993
312	313
312	314
313	451
313	642
315	318
315	529
316	321
317	318
317	675
317	880
318	319
319	375
320	351
320	671
322	325
323	466
323	444
323	625
324	326
325	326
325	446
326	336
327	328
328	619
328	704
329	333
329	412
329	429
330	336
330	335
330	704
330	895
331	336
332	588
333	718
335	777
336	673
337	520
337	395
338	339
339	343
341	343
341	344
342	612
343	424
345	349
345	352
346	348
347	350
347	976
349	350
352	685
353	374
354	359
354	357
354	358
354	411
354	602
354	814
355	356
356	360
356	687
356	826
358	427
360	458
361	362
361	363
361	365
362	364
362	368
364	366
364	585
365	367
365	966
366	909
369	374
369	371
370	374
371	869
372	373
372	713
372	723
375	376
376	916
377	382
377	380
377	383
378	418
379	382
379	689
380	470
380	552
381	383
381	382
381	919
382	786
383	654
385	388
385	992
386	388
387	392
387	388
387	734
388	391
389	390
389	602
390	751
392	801
393	394
393	400
393	396
393	395
393	398
394	987
395	399
396	399
396	397
397	399
397	883
398	399
398	400
399	400
402	407
402	404
402	403
402	641
403	406
404	408
404	406
405	614
405	611
406	407
407	776
409	411
410	618
411	685
412	415
412	416
415	904
416	545
419	423
419	937
420	481
423	424
424	803
425	431
425	914
426	427
427	569
428	833
430	431
430	432
433	435
434	440
435	440
436	437
436	441
436	442
436	531
436	885
438	441
438	802
439	449
440	622
442	973
443	448
443	449
445	453
445	452
447	731
451	452
452	867
454	806
455	468
456	464
460	462
460	466
460	467
461	762
463	467
464	466
464	643
466	468
467	933
468	509
469	473
469	480
469	481
469	476
469	474
469	478
469	479
469	483
469	550
470	472
470	484
470	477
470	475
470	485
471	474
471	482
471	480
471	478
471	476
471	473
471	845
472	485
472	477
472	484
473	474
473	483
473	480
473	478
473	479
473	756
474	478
474	479
474	480
474	902
475	484
475	477
475	485
476	481
476	479
476	482
476	483
476	813
477	484
477	485
478	480
478	483
478	482
479	482
479	481
479	483
480	482
480	481
482	483
483	579
484	485
486	503
486	505
487	513
488	494
488	496
488	512
489	513
490	498
490	497
490	500
491	501
491	511
492	504
492	513
493	500
493	504
494	496
498	727
499	508
505	956
507	508
510	659
514	766
514	574
514	589
514	612
514	550
514	778
514	728
514	716
514	744
514	796
515	536
515	623
515	711
515	555
515	772
515	597
515	684
515	735
515	683
516	809
516	545
516	642
516	771
516	587
516	603
516	597
516	582
516	796
516	576
517	532
517	633
517	704
517	782
517	744
517	765
517	597
517	622
517	672
517	545
518	671
518	550
518	601
518	586
518	747
518	637
518	570
518	538
518	555
518	572
519	627
519	548
519	666
519	656
519	596
519	740
520	525
520	588
520	668
520	563
520	558
520	780
520	784
520	794
520	635
521	587
521	533
521	675
521	710
521	688
521	546
521	728
521	638
521	667
522	618
522	679
522	646
522	693
522	681
522	564
522	706
522	737
522	774
522	629
523	592
523	536
523	571
523	672
523	805
523	586
523	680
523	631
523	587
523	787
524	554
524	589
524	624
524	546
524	799
524	690
524	532
524	576
524	614
525	616
525	794
525	746
525	780
526	701
526	711
526	622
526	571
526	735
526	697
526	602
526	583
526	673
527	644
527	605
527	670
527	553
527	768
527	750
527	673
527	601
527	555
527	806
528	657
528	618
528	693
528	781
528	611
528	606
528	802
528	712
528	774
529	642
529	786
529	542
529	767
529	631
529	570
529	724
529	605
529	559
530	739
530	619
530	643
530	757
530	623
530	630
530	599
530	626
530	580
530	682
531	743
531	767
531	572
531	538
531	613
531	648
531	716
531	587
532	559
532	590
532	659
532	630
532	628
532	804
532	692
532	612
533	708
533	808
533	633
533	539
533	715
533	686
533	608
533	612
533	626
534	751
534	784
534	780
534	591
534	635
534	615
534	736
534	890
535	571
535	589
535	547
535	766
535	725
535	701
535	610
535	685
535	688
535	750
536	686
536	556
536	543
536	809
536	678
536	753
536	610
536	539
537	561
537	777
537	729
537	540
538	797
538	658
538	632
538	806
538	551
538	761
538	662
538	545
539	647
539	697
539	754
539	808
539	590
539	610
539	778
539	634
540	758
540	674
540	676
541	587
541	555
541	785
541	689
541	650
541	728
541	544
541	710
541	592
542	796
542	782
542	550
542	752
542	642
542	697
542	602
542	701
542	643
543	675
543	697
543	761
543	684
543	688
543	806
543	795
543	601
544	583
544	716
544	806
544	619
544	655
544	605
544	786
544	771
544	570
545	628
545	643
545	704
545	571
545	553
545	753
546	673
546	723
546	766
546	724
546	568
546	547
547	799
547	731
547	570
547	715
547	714
547	779
547	783
547	728
548	700
548	790
548	656
548	645
548	769
548	600
548	596
549	749
549	588
549	562
549	591
549	751
550	642
550	709
550	630
550	762
551	697
551	744
551	767
551	735
551	688
551	568
551	728
551	702
551	682
552	693
552	621
552	706
552	606
552	717
552	695
552	737
553	783
553	670
553	624
553	786
553	565
553	622
553	793
554	735
554	765
554	804
554	678
554	718
554	723
554	565
554	579
554	795
555	634
555	663
555	604
555	622
555	638
555	579
556	650
556	805
556	626
556	752
556	580
556	806
556	795
556	577
557	717
557	698
557	741
557	621
558	563
558	775
558	798
558	749
558	884
559	761
559	567
559	799
559	663
559	623
559	701
559	641
559	786
560	707
560	640
560	594
560	653
561	584
561	617
561	748
561	705
561	674
561	803
561	806
562	760
562	736
562	751
562	615
562	746
562	794
563	794
563	607
563	760
563	977
564	595
564	693
564	807
564	629
564	681
565	664
565	601
565	787
565	739
565	768
565	575
565	590
566	671
566	732
566	793
566	644
566	739
566	641
566	754
566	582
566	590
566	576
567	783
567	702
567	620
567	662
567	649
567	636
567	776
567	680
567	610
568	598
568	659
568	763
568	604
568	603
568	580
568	655
568	836
569	762
569	655
569	576
569	572
569	671
569	609
569	608
569	801
569	804
570	684
570	709
570	692
570	787
570	659
570	682
571	578
571	637
571	670
571	778
571	671
572	623
572	670
572	684
572	718
572	731
572	664
573	792
573	614
573	647
573	750
573	685
573	789
573	628
573	710
573	683
573	699
574	590
574	659
574	658
574	779
574	761
574	811
574	651
574	662
574	738
575	779
575	648
575	702
575	688
575	612
575	683
575	801
575	799
576	619
576	783
576	587
576	630
576	685
576	799
577	632
577	578
577	686
577	763
577	667
577	608
577	808
577	699
577	649
578	650
578	776
578	792
578	662
578	649
578	667
578	696
578	731
579	649
579	805
579	728
579	599
579	632
579	631
580	811
580	738
580	723
580	686
580	636
580	671
580	626
581	802
581	595
581	706
581	693
581	698
581	800
581	695
581	611
582	620
582	590
582	684
582	785
582	727
582	789
582	699
583	761
583	742
583	766
583	664
583	708
583	743
583	709
583	593
584	748
584	676
585	665
585	764
585	730
585	810
586	696
586	738
586	673
586	711
586	763
586	661
586	776
586	598
587	727
587	785
587	662
587	713
588	794
588	986
589	754
589	801
589	752
589	792
589	767
589	750
589	605
590	747
590	743
590	776
590	811
591	749
591	746
591	607
591	668
592	720
592	724
592	593
592	708
592	675
592	598
592	805
593	637
593	761
593	672
593	716
593	796
593	601
593	757
593	641
594	640
594	653
594	707
594	745
595	625
595	730
595	726
595	712
595	629
595	800
596	773
596	740
597	765
597	631
597	761
597	696
597	763
597	789
597	641
598	610
598	601
598	811
598	599
598	795
598	797
598	688
599	696
599	633
599	782
599	804
599	622
599	776
599	704
600	769
600	627
600	645
600	770
601	762
601	718
601	801
601	670
602	663
602	632
602	797
602	765
602	647
602	658
603	652
603	648
603	626
603	743
603	613
603	755
603	739
603	672
604	699
604	709
604	739
604	772
604	689
604	753
604	771
604	688
605	789
605	735
605	614
605	747
605	647
605	690
606	687
606	611
606	657
606	764
606	639
606	774
607	798
607	780
608	619
608	724
608	755
608	720
608	678
608	752
608	650
609	796
609	742
609	747
609	680
609	613
609	678
609	808
609	755
609	738
610	670
610	652
610	720
610	793
610	667
611	774
611	687
611	657
611	807
611	764
612	680
612	699
612	658
612	692
612	641
613	805
613	644
613	725
613	762
613	768
613	794
613	636
614	654
614	631
614	785
614	725
614	732
614	772
615	736
615	751
615	784
616	760
616	635
616	746
616	751
617	660
617	803
617	729
617	674
618	706
618	730
618	687
618	646
618	712
618	802
619	792
619	696
619	765
619	636
619	683
620	768
620	662
620	623
620	727
620	696
620	655
620	793
621	810
621	800
621	726
621	646
621	733
621	657
622	643
622	647
622	661
622	638
623	655
623	631
623	714
623	637
623	804
624	709
624	720
624	714
624	688
624	772
624	686
624	630
624	684
625	677
625	759
625	712
625	726
626	731
626	772
626	650
626	662
626	722
627	691
627	740
627	700
627	790
628	757
628	696
628	752
628	644
628	808
628	661
629	646
629	679
629	698
629	657
629	788
629	802
629	717
630	683
630	642
630	686
630	768
630	804
631	664
631	648
631	661
631	789
632	642
632	799
632	704
632	738
632	731
633	755
633	643
633	753
633	772
633	754
634	671
634	793
634	776
634	667
634	765
634	809
634	732
634	725
635	798
635	784
635	749
636	664
636	738
636	701
636	739
636	684
636	651
637	727
637	675
637	725
637	690
637	744
637	720
638	651
638	743
638	663
638	792
638	710
638	755
639	737
639	741
639	687
639	802
640	745
640	653
641	804
641	699
641	801
641	644
641	754
642	689
642	678
642	651
642	778
643	766
643	809
643	678
643	682
643	696
644	715
644	765
644	711
644	811
644	752
644	753
645	666
645	773
645	740
645	850
646	677
646	810
646	712
647	715
647	799
647	652
647	753
647	768
647	743
648	796
648	752
648	678
648	732
648	722
648	683
648	724
649	682
649	786
649	787
649	701
649	702
649	778
649	767
650	658
650	718
650	713
650	670
650	747
651	728
651	801
651	731
651	763
651	673
651	713
651	710
652	662
652	747
652	724
652	678
652	723
652	715
652	761
653	694
653	745
654	714
654	716
654	659
654	672
654	776
654	795
654	673
654	750
654	663
655	732
655	752
655	754
655	809
655	658
655	686
656	790
656	719
656	666
656	700
656	669
657	687
657	665
657	781
657	788
657	679
657	737
658	709
658	701
658	783
658	710
658	722
659	805
659	735
659	722
659	686
659	697
660	734
660	721
660	777
660	748
661	663
661	765
661	713
661	670
661	682
661	680
661	795
662	704
662	714
662	732
663	713
663	809
663	684
663	757
663	685
664	702
664	763
664	750
664	742
664	739
664	708
665	764
665	726
665	733
665	741
665	693
666	740
666	669
666	700
666	691
666	790
667	727
667	767
667	797
667	690
667	671
668	784
668	749
668	780
668	760
668	775
669	770
669	773
669	691
670	804
670	686
670	704
671	701
671	754
671	720
672	750
672	692
672	701
672	680
672	743
673	738
673	688
673	808
673	690
674	729
674	734
674	748
674	756
675	690
675	753
675	779
675	683
675	714
675	709
676	748
676	803
676	729
676	758
676	721
677	741
678	782
678	724
678	710
679	759
679	741
679	802
680	808
680	805
680	779
680	699
680	725
681	712
681	706
681	737
681	730
681	810
681	741
681	733
682	747
682	799
682	786
682	685
683	783
683	742
683	688
683	727
684	787
684	752
684	771
685	710
685	772
685	783
686	696
686	753
687	733
687	759
687	764
688	808
689	783
689	692
689	779
689	789
689	738
690	809
690	796
690	750
690	772
690	804
691	700
691	773
692	697
692	806
692	735
692	722
692	718
693	712
693	698
693	733
693	717
693	791
694	707
694	745
694	695
695	788
695	774
695	741
695	698
696	755
696	801
697	744
697	765
697	782
697	753
698	717
698	810
698	774
698	788
698	712
699	776
699	714
699	772
699	766
700	769
701	805
701	762
702	785
702	797
702	757
702	789
702	715
703	780
703	736
703	775
703	749
703	990
704	722
704	742
704	710
705	758
705	777
705	721
705	822
706	726
706	737
706	788
706	764
706	810
706	800
708	720
708	779
708	750
708	783
708	718
708	722
709	735
709	785
709	728
709	762
710	786
710	766
711	747
711	757
711	753
711	793
711	750
711	722
711	714
712	810
712	800
712	807
713	716
713	743
713	792
713	778
714	787
714	732
714	725
715	808
715	754
715	792
715	806
715	722
716	768
716	797
716	766
716	744
717	726
718	782
718	809
718	747
718	754
719	740
719	773
720	738
720	797
720	796
721	756
722	728
722	761
723	725
723	811
723	805
723	771
723	789
723	806
724	738
724	776
725	750
725	768
725	731
726	737
726	800
726	781
727	772
727	763
727	797
727	809
728	782
728	995
729	756
729	758
730	810
730	802
730	774
730	781
730	746
731	804
731	811
731	805
732	778
732	763
732	789
732	755
733	802
734	748
734	758
735	761
735	739
736	760
736	794
736	775
737	759
737	741
737	791
738	786
739	766
739	757
741	807
742	786
742	779
742	767
742	755
742	801
743	757
743	786
744	811
744	754
744	785
745	888
745	842
746	798
746	760
746	775
747	767
748	758
748	925
749	794
749	775
749	784
751	794
752	797
752	792
753	796
754	762
755	762
755	795
756	758
757	776
757	793
757	809
759	781
759	800
759	788
760	798
762	767
762	782
763	771
763	806
763	804
764	788
764	774
765	796
765	768
766	799
766	779
767	805
767	793
768	801
768	771
769	790
769	770
769	773
770	790
771	811
771	778
771	806
771	789
772	782
775	784
775	780
778	779
778	793
778	792
779	796
781	802
782	793
782	809
783	785
784	798
785	787
785	795
785	789
787	799
787	811
787	795
788	807
791	800
793	808
795	797
797	801
798	974
799	811
812	844
812	942
812	867
812	887
812	909
812	856
812	906
813	977
813	968
813	927
813	863
813	912
814	995
814	852
814	907
814	830
814	934
814	987
814	960
814	868
815	822
815	966
815	900
815	964
815	931
815	892
815	847
815	859
815	926
815	877
816	836
816	841
816	969
816	854
816	985
816	938
817	911
817	842
817	890
817	985
817	976
817	979
818	898
818	921
818	836
818	881
818	892
818	916
818	932
818	926
818	946
818	890
818	999
818	854
819	882
819	934
819	872
819	851
819	971
819	871
819	907
819	953
819	839
820	993
820	865
820	966
820	948
820	920
820	901
820	959
821	958
821	878
821	993
821	858
821	983
821	923
821	970
821	965
822	893
822	920
822	914
822	881
823	869
823	962
823	833
823	834
823	897
823	960
824	841
824	890
824	864
824	965
824	829
825	938
825	917
825	961
825	912
825	841
826	885
826	838
826	829
826	870
826	986
827	930
827	871
827	987
827	944
828	930
828	996
828	871
828	953
828	998
828	839
829	990
829	831
829	976
829	940
829	959
829	841
829	955
830	902
830	995
830	866
831	956
831	940
831	967
831	975
831	845
831	915
831	964
831	885
832	841
832	874
832	836
832	994
832	842
833	995
833	954
833	882
833	991
834	852
834	907
834	934
834	851
835	878
835	860
835	966
835	959
835	874
835	841
835	981
835	988
836	853
836	977
836	966
836	999
836	858
836	925
837	950
837	954
837	996
837	871
838	879
838	870
838	982
838	920
838	964
838	973
838	985
838	968
838	926
838	931
838	961
839	882
839	953
839	998
840	957
840	948
840	896
840	886
840	898
840	986
840	881
840	959
840	927
841	896
841	923
841	974
841	949
841	948
841	863
841	977
841	917
841	842
841	984
841	900
842	967
842	880
842	993
842	964
843	876
843	996
843	960
843	850
843	924
844	969
844	952
844	914
844	903
844	951
844	932
844	911
844	894
845	857
845	867
845	932
845	921
846	935
846	970
846	957
846	925
846	986
847	877
847	899
847	880
847	887
847	906
847	961
847	952
847	858
848	912
848	875
848	949
848	928
848	922
848	937
848	913
848	905
849	954
849	953
849	960
849	995
850	995
850	954
850	861
850	953
850	963
851	998
851	947
851	960
852	980
852	889
852	883
852	869
852	950
852	871
852	995
852	910
852	876
853	898
853	890
853	928
853	912
853	922
854	859
854	896
854	913
854	874
854	999
855	896
855	870
855	888
855	901
856	919
856	865
856	926
857	881
857	898
857	903
857	970
857	994
857	901
857	860
857	928
858	958
858	983
858	888
858	972
859	899
859	890
859	935
860	961
860	923
860	958
860	880
860	891
861	907
861	869
861	997
861	960
861	953
862	898
862	951
862	955
862	966
862	925
863	903
863	949
863	964
863	905
863	920
863	893
863	898
864	986
864	911
864	965
864	955
864	909
864	984
865	870
865	979
865	916
865	945
865	886
865	892
865	936
865	955
865	935
866	962
866	996
866	978
866	971
866	882
866	924
867	899
868	997
868	882
868	902
868	954
869	944
869	902
869	978
869	872
870	929
870	955
870	913
871	950
871	963
871	971
871	884
871	872
871	943
872	995
873	969
873	964
873	958
873	878
873	993
874	938
874	892
874	905
874	936
875	958
875	892
875	993
875	964
875	914
876	950
877	984
877	911
877	921
877	981
877	970
877	990
877	969
877	903
878	906
878	976
878	981
879	925
879	974
879	955
879	961
879	931
879	929
880	932
880	966
880	981
880	920
881	898
881	949
882	963
882	889
882	987
882	954
883	907
884	998
884	978
884	980
885	945
885	949
885	922
885	891
886	966
886	890
886	916
886	936
886	903
887	961
887	970
887	948
887	967
887	974
887	969
887	966
887	925
888	969
888	970
889	954
889	963
889	996
889	991
889	998
889	910
890	918
890	895
891	973
891	915
891	939
891	985
892	993
892	896
893	976
893	905
893	918
893	933
893	982
893	927
894	903
894	914
894	939
894	977
895	979
895	985
895	975
895	958
895	896
896	903
896	911
896	984
896	993
897	998
897	963
897	910
897	924
897	943
898	992
898	921
899	926
899	939
899	965
899	925
899	945
899	908
900	959
900	951
900	945
900	938
900	909
900	957
900	927
900	994
901	940
901	956
901	917
901	946
902	998
903	964
903	913
903	916
903	906
903	928
903	981
904	927
904	993
904	906
904	956
904	970
904	994
905	957
905	915
906	966
906	946
906	949
906	973
906	964
906	941
907	963
907	971
908	976
908	968
908	973
908	989
908	965
909	933
909	969
909	936
909	922
909	935
909	932
911	957
911	959
912	955
912	977
912	933
912	928
912	994
912	986
913	961
913	938
914	925
914	933
915	933
915	957
915	984
916	958
916	969
917	983
917	992
918	938
918	939
918	988
918	933
919	922
919	949
919	931
920	974
920	982
920	989
921	964
922	976
922	923
922	970
923	958
923	949
923	948
924	991
924	943
924	934
925	979
926	986
926	969
927	988
927	981
927	940
927	941
928	937
928	949
928	994
928	957
928	992
928	983
929	974
929	985
929	972
930	971
930	998
930	944
930	991
931	989
931	984
931	948
932	977
933	993
933	970
933	976
934	995
934	962
934	978
935	964
935	981
936	975
936	974
937	942
938	939
939	961
939	946
939	940
940	989
940	945
941	999
941	992
942	974
942	985
942	966
942	981
942	988
943	950
944	978
944	954
945	966
945	952
946	983
947	996
947	953
948	982
949	952
949	974
949	957
950	960
951	965
952	959
953	962
953	954
954	991
956	990
956	992
957	993
957	994
958	969
959	979
963	996
964	965
967	973
968	972
968	983
971	978
972	974
972	990
974	977
975	982
976	994
976	989
977	993
977	981
977	992
978	991
983	992
985	993
987	998
989	990
991	998
991	996
992	999
996	997
