0	937
0	2
0	670
0	827
0	809
0	803
0	725
0	714
0	968
0	778
0	68
1	715
1	955
1	812
1	620
1	871
1	906
1	618
1	761
1	987
1	884
2	670
2	803
2	989
2	940
2	725
3	872
3	738
3	783
3	609
3	667
3	646
3	510
3	964
3	708
3	622
4	964
4	613
4	846
4	639
4	656
4	997
4	699
4	738
4	982
4	835
5	867
5	728
5	606
5	953
5	698
5	41
6	954
6	852
6	877
6	671
6	624
6	621
6	886
6	712
6	826
6	998
7	13
7	9
7	120
7	10
7	558
7	459
7	560
7	471
7	59
8	124
8	11
8	119
8	62
8	447
9	12
9	13
9	10
9	120
9	558
9	465
10	12
10	13
10	120
10	559
10	160
10	462
10	465
10	798
10	560
10	556
10	463
10	327
11	125
11	124
11	119
11	765
12	13
12	471
12	463
12	556
12	559
12	465
12	120
12	462
13	120
13	463
13	559
13	306
13	821
14	15
14	19
14	107
15	19
16	20
16	17
16	415
16	958
17	20
17	18
17	969
18	20
18	520
18	979
20	743
21	26
21	25
22	23
22	27
22	24
22	63
23	24
23	27
23	69
24	27
24	67
25	26
27	67
28	147
28	166
29	30
29	152
29	153
29	33
29	32
29	161
29	167
29	594
29	586
29	582
30	150
30	32
30	33
30	161
30	31
30	575
30	602
30	603
30	164
31	33
31	151
31	152
31	32
31	225
31	598
31	573
31	844
31	161
32	150
32	148
32	33
32	574
32	393
32	594
32	597
33	152
33	151
33	148
33	153
33	167
33	161
34	149
34	568
34	599
34	315
35	38
35	41
35	36
35	37
35	39
35	40
35	606
36	38
36	39
36	40
36	37
36	41
36	867
37	40
37	39
37	38
37	41
38	39
38	41
38	40
39	40
39	728
39	873
39	714
40	953
42	46
42	44
43	48
43	45
43	47
43	107
44	46
45	47
45	48
45	106
47	48
47	107
48	106
49	55
49	467
49	51
49	464
49	52
49	54
49	460
49	608
49	660
49	469
49	309
50	458
50	466
50	468
50	464
51	469
51	52
51	467
51	464
51	55
51	54
51	446
51	53
52	469
52	467
52	53
52	464
52	55
52	624
52	175
52	317
52	54
53	55
53	54
53	469
53	460
53	464
53	800
53	542
53	378
53	483
54	55
54	467
54	460
54	464
54	315
54	469
54	750
54	190
55	464
55	469
55	193
55	861
55	467
55	473
56	60
56	62
56	337
56	59
56	61
56	861
56	58
56	57
56	328
56	176
57	59
57	261
57	60
57	62
57	61
57	973
57	418
57	58
57	91
58	60
58	59
58	999
58	607
58	98
58	545
58	62
58	61
59	76
59	230
59	61
59	982
59	60
59	181
60	62
60	61
61	76
61	100
61	62
61	66
61	955
62	987
62	938
62	721
63	64
63	69
63	67
63	65
63	68
63	66
64	69
64	65
64	68
64	66
64	67
64	311
64	191
64	815
65	66
65	67
65	68
65	330
65	813
65	956
66	68
66	69
66	67
66	614
67	68
67	745
67	191
67	914
68	69
68	871
69	336
69	179
69	792
70	74
70	73
70	76
70	863
70	151
70	810
70	799
70	75
70	72
71	72
71	73
71	76
71	74
71	75
71	231
71	492
71	566
71	998
72	74
72	312
72	73
72	648
72	75
72	945
72	76
73	76
73	131
73	772
73	75
74	181
74	75
74	76
74	908
74	920
75	300
75	94
76	745
76	168
76	257
77	83
77	81
77	78
77	503
77	488
77	496
77	80
77	494
77	495
78	80
78	81
78	83
78	491
78	493
78	495
78	498
78	488
78	547
78	246
78	503
79	82
79	216
79	489
79	789
80	83
80	81
80	496
80	502
80	494
80	503
80	488
80	214
80	498
81	503
81	210
81	491
81	493
81	495
81	496
81	83
81	502
81	498
81	606
82	489
82	216
82	660
83	498
83	502
83	488
83	494
83	491
83	496
83	723
84	89
84	87
85	86
85	88
85	446
85	126
86	90
86	88
86	619
87	89
88	90
88	666
90	327
90	696
91	94
91	95
91	93
92	97
92	96
93	94
93	95
93	129
94	95
95	568
96	97
97	270
98	104
98	100
98	102
98	220
98	223
98	103
98	217
98	221
98	726
99	220
99	222
99	217
99	223
99	104
99	102
99	218
99	100
99	435
99	221
100	222
100	102
100	101
100	218
100	609
100	104
100	223
101	103
101	104
101	221
101	222
101	220
101	219
101	223
101	310
101	830
102	222
102	104
102	220
102	173
102	191
102	218
103	223
103	337
103	217
103	218
104	220
104	222
104	219
104	458
105	111
105	106
105	107
105	110
105	108
105	813
105	358
105	109
106	109
106	110
106	107
106	111
106	310
106	108
106	877
107	109
107	111
107	108
107	110
107	926
108	110
108	109
108	111
108	946
109	110
109	111
109	691
109	122
109	855
109	919
110	111
110	745
110	331
110	558
110	282
111	448
111	915
111	372
112	116
112	117
113	114
113	115
113	118
113	370
114	118
114	115
114	767
115	118
115	373
116	117
116	208
118	504
119	124
119	125
119	236
120	471
120	459
121	123
121	122
121	158
121	457
121	470
121	693
121	327
122	123
122	470
122	461
123	461
123	470
123	922
124	125
124	441
125	975
125	291
126	128
126	816
126	614
126	663
126	785
126	129
126	765
126	616
126	132
126	888
126	810
126	638
127	625
127	911
127	838
127	626
127	404
127	528
127	403
127	525
127	934
127	948
127	131
127	399
127	699
127	742
127	939
127	706
128	129
128	616
128	132
128	505
128	638
128	888
128	785
128	632
128	810
128	765
128	925
128	795
129	888
129	616
129	810
129	632
129	505
129	663
129	765
129	144
129	614
130	836
130	824
130	881
130	687
130	509
130	450
130	744
131	706
131	818
131	626
131	808
131	742
131	939
131	402
131	540
131	955
131	399
131	531
131	264
131	957
131	911
131	350
131	934
132	505
132	765
132	663
132	785
132	614
132	810
132	186
132	816
132	638
133	134
133	136
133	137
133	395
133	615
133	691
133	195
133	135
133	245
133	830
134	139
134	136
134	389
134	137
134	768
134	250
134	392
134	856
134	615
135	138
135	139
135	391
135	392
135	611
135	136
135	393
135	660
135	344
136	396
136	390
136	138
136	389
136	139
136	833
136	768
137	138
137	394
137	392
137	396
137	660
137	772
137	918
137	473
138	396
138	391
138	897
138	390
138	658
138	830
138	180
139	396
139	388
139	630
139	918
139	661
139	611
140	146
140	142
140	143
140	144
140	145
140	789
140	199
140	324
141	142
141	144
141	146
141	143
141	991
141	145
142	146
142	144
142	143
142	145
142	775
142	962
142	996
143	144
143	145
143	893
143	146
143	904
144	145
144	146
144	374
144	702
145	146
145	176
145	851
145	746
146	196
146	904
146	509
146	694
147	166
148	152
148	151
148	153
148	164
148	161
148	162
148	584
148	689
149	599
149	568
149	733
150	151
150	152
150	165
150	600
150	161
150	573
150	910
150	603
151	161
151	567
151	592
151	574
151	535
152	153
152	162
152	586
152	576
152	165
153	576
153	578
153	598
153	161
153	330
153	575
154	564
154	565
155	545
155	566
155	552
155	562
155	763
156	555
156	159
156	544
156	557
156	548
156	157
156	982
156	679
156	794
156	872
156	807
156	839
157	159
157	555
157	544
157	553
157	557
157	550
157	673
157	874
157	708
157	807
157	783
158	461
158	782
158	446
158	457
158	633
159	555
159	561
159	550
159	553
159	548
159	557
159	982
159	646
159	508
159	510
160	549
160	547
160	558
160	462
160	559
160	459
160	560
160	729
161	164
161	167
162	164
162	165
162	163
162	167
162	602
162	435
162	179
162	578
163	164
163	597
163	601
163	165
163	600
163	167
163	567
163	706
164	167
164	165
164	233
164	588
164	575
165	167
165	573
165	570
165	598
165	584
167	594
167	571
167	574
168	173
168	169
168	172
168	275
168	171
168	280
168	188
168	176
168	186
169	172
169	173
169	280
169	277
169	278
169	279
169	183
169	624
169	324
170	171
170	172
170	277
170	174
170	280
170	173
170	187
170	185
170	863
170	885
171	174
171	279
171	274
171	281
171	187
171	696
171	852
171	731
172	174
172	274
172	275
172	281
172	185
172	183
172	276
173	280
173	279
173	174
173	281
173	278
173	188
174	275
174	279
174	281
174	274
174	280
174	182
175	177
175	180
175	179
175	176
175	491
175	240
175	857
175	178
175	181
176	179
176	950
176	177
176	181
176	178
176	180
177	179
177	178
177	325
177	704
177	180
177	715
178	180
178	181
178	757
179	181
179	949
179	624
179	513
180	231
180	181
180	871
181	998
181	475
181	520
182	183
182	274
182	280
182	512
182	776
182	671
182	696
183	186
183	184
183	187
183	276
183	185
183	713
183	696
184	186
184	188
184	185
184	278
184	624
184	863
184	506
184	703
184	336
185	188
185	281
185	187
185	277
185	275
185	764
186	187
186	188
186	279
186	555
186	744
186	512
187	188
187	278
187	279
187	277
187	280
188	277
188	281
188	769
188	801
189	195
189	190
189	194
189	191
189	192
189	864
189	481
190	192
190	307
190	226
190	194
190	191
190	195
190	872
190	897
191	193
191	192
191	194
191	807
191	195
192	193
192	195
192	332
192	715
192	755
192	443
192	656
193	195
193	959
193	194
193	647
193	221
193	757
193	480
194	195
194	808
194	962
195	438
195	316
196	739
196	981
196	200
196	904
196	514
196	202
196	716
196	851
196	694
197	198
197	200
197	201
197	929
197	991
197	981
197	202
197	775
197	784
197	904
198	199
198	201
198	202
198	739
198	981
198	996
198	200
198	514
198	904
199	202
199	200
199	981
199	935
199	991
199	929
199	201
199	775
200	201
200	202
200	739
200	702
200	980
200	929
201	996
201	935
201	904
201	739
201	514
201	694
202	981
202	929
202	851
202	702
202	991
203	206
203	208
203	205
203	204
203	207
203	758
203	209
204	208
204	209
204	515
204	205
204	842
204	207
204	206
205	206
205	207
205	209
205	686
205	758
205	208
206	209
206	686
206	983
206	208
207	208
208	983
208	209
209	983
210	214
210	215
210	493
211	213
211	212
211	428
212	213
214	495
214	498
215	498
215	495
215	503
216	489
217	223
217	219
217	221
217	726
217	222
217	218
217	942
218	220
218	223
218	793
218	219
218	221
219	220
219	223
219	222
219	221
219	658
219	373
220	477
220	222
221	222
221	768
221	223
222	460
224	228
224	230
224	261
224	260
224	264
224	227
224	262
224	229
224	263
224	225
225	230
225	228
225	260
225	262
225	226
225	227
225	264
225	263
226	261
226	228
226	260
226	651
226	230
226	616
226	262
226	259
227	230
227	260
227	262
227	229
227	265
227	656
227	264
227	463
228	265
228	229
228	260
228	259
228	263
228	261
229	259
229	263
229	264
229	722
229	308
229	244
229	260
230	265
230	259
230	332
230	262
230	261
231	233
231	235
231	237
231	325
231	985
231	236
231	232
232	233
232	237
232	234
232	235
232	236
232	737
233	235
233	234
233	237
233	236
233	452
233	847
233	879
234	236
234	917
234	235
234	966
234	237
234	544
234	647
235	237
235	682
235	236
236	237
236	872
236	906
237	431
237	323
237	665
238	240
238	244
238	239
238	387
238	381
238	384
238	241
238	379
238	386
238	243
238	849
239	243
239	379
239	240
239	381
239	341
239	244
239	384
239	385
239	241
239	386
239	400
239	927
239	380
240	241
240	381
240	379
240	342
240	380
240	737
240	385
240	482
241	243
241	385
241	380
241	338
241	386
241	676
241	793
241	381
242	382
242	383
242	415
242	339
243	244
243	386
243	379
243	380
243	385
243	381
243	384
243	387
243	641
244	384
244	379
244	385
244	386
244	381
244	387
244	774
244	380
245	246
245	250
245	485
246	250
246	248
247	722
247	895
247	421
248	250
248	870
248	707
249	251
249	938
251	779
252	255
252	258
252	254
252	257
252	256
252	267
253	256
253	254
253	255
253	258
253	257
253	591
254	258
254	256
254	255
255	257
255	258
255	256
255	581
256	258
257	258
259	265
259	261
259	264
259	262
259	260
259	263
260	263
260	264
260	265
261	263
261	262
261	265
261	487
262	265
262	263
262	264
263	265
264	265
264	371
265	479
266	271
266	368
266	367
266	446
266	443
266	450
266	453
266	516
266	267
267	366
267	273
267	369
267	368
267	454
267	362
267	453
267	434
268	273
268	366
268	271
268	367
268	368
268	369
268	453
268	450
268	454
268	443
269	456
269	455
269	437
269	439
270	365
270	364
270	445
270	988
270	643
271	273
271	453
271	366
271	450
271	454
271	449
271	516
271	443
272	273
272	450
272	368
272	367
272	366
272	369
272	454
272	453
272	430
272	443
273	362
273	369
273	368
273	453
273	449
273	443
274	278
274	280
274	281
274	277
274	645
275	276
275	280
275	278
275	279
275	886
275	954
276	279
276	277
276	278
276	281
276	816
276	923
276	713
277	279
277	278
277	487
278	279
280	281
281	352
282	284
282	866
282	700
282	771
282	286
282	627
283	287
283	288
283	674
283	698
284	286
284	700
284	771
284	866
284	462
285	289
285	749
286	866
286	700
286	446
286	766
287	288
287	674
287	409
288	674
288	408
289	749
290	711
290	729
290	899
290	697
291	294
291	292
291	850
292	294
292	850
292	795
293	296
293	295
293	297
293	781
294	850
294	837
295	296
295	297
295	319
296	297
296	382
297	891
298	299
298	302
299	302
299	420
300	303
300	304
300	832
300	599
301	303
301	326
301	738
301	779
301	498
303	304
303	305
303	658
304	305
304	607
304	693
305	917
305	722
305	331
306	311
306	310
306	312
306	308
306	307
306	679
306	313
307	309
307	312
307	311
307	710
307	521
307	310
307	944
308	312
308	311
308	309
308	742
308	724
309	310
309	924
309	313
309	669
309	862
309	911
309	811
310	312
310	788
310	311
311	318
311	844
311	313
311	469
312	313
312	891
313	912
314	320
314	317
314	318
314	321
314	920
314	746
314	951
314	907
314	910
314	319
315	316
315	915
315	831
315	757
315	813
315	936
315	864
315	668
315	607
315	324
316	607
316	762
316	668
316	915
316	936
316	876
316	813
317	318
317	319
317	321
317	959
317	644
317	910
317	920
317	652
318	320
318	910
318	319
318	321
318	870
318	649
318	750
319	320
319	321
319	724
319	754
319	959
320	321
320	951
320	910
320	644
320	920
320	750
321	724
321	644
321	689
321	610
321	959
322	325
322	324
322	326
322	329
322	327
322	941
322	328
322	323
323	327
323	329
323	326
323	328
323	325
324	329
324	328
324	327
324	856
324	472
324	942
325	327
325	328
325	326
325	329
325	630
326	329
326	327
327	329
327	385
328	329
328	633
328	650
329	721
329	840
330	333
330	331
330	334
330	336
330	337
330	371
331	333
331	337
331	334
331	332
331	754
331	838
331	336
332	337
332	334
332	972
332	818
333	337
333	336
333	801
333	334
333	335
334	335
334	340
334	336
334	508
335	336
335	337
335	414
336	986
336	968
337	760
337	825
337	817
338	342
338	341
338	384
339	382
339	383
339	703
340	345
340	343
340	344
340	708
341	342
341	379
342	791
343	345
343	344
343	918
344	345
345	454
346	350
346	352
346	348
346	626
347	351
347	349
347	353
347	650
348	350
348	352
348	844
348	540
349	351
349	353
349	841
350	352
351	353
351	774
353	774
354	359
354	357
354	355
354	358
354	371
355	357
355	358
355	359
355	374
356	360
356	361
357	359
357	358
357	736
358	359
359	370
360	361
360	739
362	366
362	367
362	453
362	450
362	446
362	434
362	440
362	449
363	452
363	513
363	912
363	448
364	447
364	445
364	952
364	642
365	636
365	642
365	668
365	707
366	367
366	450
366	454
366	443
366	449
367	446
367	443
367	453
367	450
368	369
368	450
368	454
368	443
368	808
369	449
369	443
369	454
369	868
369	930
370	376
370	375
370	373
370	371
370	372
370	374
371	373
371	377
371	376
371	374
371	378
371	372
372	375
372	377
372	378
372	376
373	378
373	376
373	377
373	504
373	948
374	375
374	378
374	376
374	377
374	687
374	762
375	377
375	376
376	378
376	611
377	771
377	378
377	770
378	834
379	381
379	385
379	386
379	387
379	676
379	680
380	387
380	381
380	384
380	385
380	386
380	777
381	384
381	387
381	385
381	386
381	650
382	383
383	724
384	387
384	386
384	517
384	874
385	387
385	386
385	841
385	849
386	777
388	392
388	390
388	393
388	391
388	891
388	661
388	611
388	788
388	414
389	390
389	393
389	394
389	833
389	772
389	660
389	891
389	768
390	395
390	393
390	394
390	772
390	615
390	891
391	392
391	395
391	661
391	772
391	918
391	611
392	396
392	393
392	394
392	395
392	897
393	395
393	396
393	658
393	833
394	772
394	788
394	611
394	891
394	918
394	833
395	396
395	833
395	658
395	897
395	918
396	691
396	615
396	611
397	405
397	399
397	543
397	403
397	542
397	537
397	540
397	939
397	742
397	796
398	402
398	529
398	406
398	530
398	539
398	399
398	934
398	524
398	527
398	808
399	540
399	530
399	403
399	529
399	706
399	934
400	401
400	688
400	536
400	407
401	688
401	407
401	536
401	830
402	535
402	541
402	540
402	530
402	538
402	626
402	526
402	406
403	406
403	404
403	530
403	532
403	525
403	742
403	625
404	535
404	531
404	526
404	541
404	532
404	527
404	911
404	934
405	528
405	537
405	533
405	532
405	406
405	535
405	742
405	916
405	838
406	526
406	533
406	534
406	528
406	524
406	626
407	536
407	688
408	409
408	417
408	416
409	416
409	417
410	413
410	412
411	415
411	418
411	414
411	488
412	413
414	418
415	418
416	417
416	728
417	674
419	420
419	422
420	422
421	423
421	427
421	428
422	473
423	427
423	428
423	909
424	425
424	499
424	497
424	490
424	450
425	499
425	497
425	490
425	886
426	429
426	492
426	501
426	500
427	428
427	617
428	909
429	492
429	500
429	501
429	739
430	434
430	440
430	436
430	450
430	443
430	453
431	441
431	438
431	646
432	433
432	442
433	442
434	440
434	436
434	454
434	967
435	438
435	441
436	440
436	443
436	454
436	449
436	951
437	439
437	456
438	441
439	456
440	495
440	651
440	449
443	454
443	453
443	450
443	449
444	522
444	956
444	975
444	620
445	447
445	636
445	988
446	450
446	516
446	449
446	511
446	453
446	454
446	611
447	952
447	732
448	452
448	513
449	454
449	511
449	450
449	931
450	511
450	453
450	454
450	516
451	522
451	871
451	945
451	975
452	681
453	454
453	745
454	511
455	456
455	637
455	896
456	969
457	461
457	470
458	468
458	466
459	471
459	463
459	462
459	465
459	549
459	854
460	469
460	464
460	467
460	705
461	470
461	773
461	941
462	471
462	465
463	465
463	471
463	558
463	547
464	469
464	467
464	869
465	471
465	556
465	547
466	468
466	659
467	469
467	866
467	894
468	943
470	817
471	560
471	556
472	475
472	481
472	479
472	483
472	639
472	620
473	480
473	477
473	485
473	476
473	486
473	482
473	478
473	549
473	474
474	484
474	478
474	480
474	477
474	486
474	476
474	485
474	910
475	481
475	483
475	487
475	531
475	767
476	486
476	482
476	480
476	477
476	485
476	484
477	480
477	486
477	485
477	482
477	478
478	486
478	484
478	480
478	485
478	665
479	487
479	481
479	483
479	964
480	485
480	482
480	486
480	484
480	875
481	487
481	483
481	655
482	485
482	486
482	484
483	487
483	771
484	485
484	486
485	486
486	505
487	627
488	496
488	493
488	495
488	498
488	491
488	502
488	494
489	499
490	499
490	497
490	864
491	498
491	495
491	494
491	493
491	496
491	503
492	500
492	501
493	498
493	502
493	494
493	495
493	496
494	503
494	496
494	495
494	498
494	502
494	893
495	502
495	498
495	496
496	502
496	503
497	499
497	795
498	502
498	503
498	634
500	501
500	979
501	628
502	503
504	933
504	928
504	922
504	754
504	645
505	638
505	816
505	614
505	785
505	810
505	888
505	765
505	720
506	519
506	731
506	804
506	921
506	671
506	903
506	741
506	857
506	779
506	879
506	624
506	815
506	890
506	826
506	710
506	985
507	510
507	508
507	675
507	846
507	908
507	823
507	704
507	667
507	828
507	653
507	608
507	673
507	640
507	517
507	699
507	723
508	946
508	973
508	872
508	908
508	889
508	846
508	835
508	964
508	807
508	748
508	738
508	550
508	646
508	987
509	755
509	836
509	726
509	881
509	806
509	896
509	932
509	970
510	517
510	738
510	863
510	814
510	832
510	823
510	946
510	982
510	640
510	639
510	619
510	746
510	653
510	919
510	646
510	656
511	516
512	519
512	921
512	901
512	731
512	776
512	903
512	804
512	710
512	992
512	682
512	734
512	707
512	644
512	887
512	628
513	620
514	851
514	739
514	991
514	929
514	904
514	935
514	996
514	789
515	842
515	686
515	983
515	758
517	946
517	639
517	898
517	656
517	874
517	783
517	673
517	807
517	653
517	555
517	832
517	748
517	862
517	814
518	520
518	797
518	845
518	941
518	947
518	793
518	865
518	990
518	979
518	969
518	878
518	900
518	634
518	854
518	663
518	751
519	804
519	923
519	741
519	731
519	882
519	887
519	954
519	523
519	712
519	647
519	921
519	986
519	826
519	681
519	890
519	705
519	885
519	678
519	764
520	969
520	900
520	751
520	797
520	865
520	944
520	743
520	817
520	793
520	894
520	958
520	629
520	719
520	707
521	523
521	885
521	801
521	764
521	696
521	826
521	678
521	713
521	886
521	938
521	852
521	707
521	621
521	890
521	992
521	681
522	715
522	975
523	647
523	800
523	886
523	713
523	678
523	705
523	707
523	992
523	885
523	710
523	760
523	712
523	986
523	703
523	682
523	764
523	769
524	543
524	542
524	527
524	535
524	533
524	528
524	534
524	948
525	531
525	537
525	526
525	527
525	529
525	818
525	948
525	934
526	542
526	534
526	541
526	529
526	625
526	533
527	529
527	539
527	528
527	742
527	541
527	531
528	539
528	533
528	706
528	911
528	626
529	533
529	539
529	542
529	543
529	535
530	543
530	532
530	808
530	542
530	540
530	818
531	541
531	532
531	533
531	538
531	706
532	541
532	537
532	818
532	706
532	545
533	539
533	543
533	534
534	539
534	543
534	948
534	934
534	625
534	537
535	541
535	537
535	543
535	538
536	688
536	899
537	543
537	541
537	538
537	625
538	539
538	542
538	838
538	948
538	742
538	808
539	540
539	541
539	818
540	541
540	542
540	543
540	939
542	626
542	808
543	625
544	557
544	548
544	630
544	889
544	553
544	908
544	699
544	814
545	566
545	562
546	551
546	563
546	554
546	662
547	559
547	560
547	558
547	556
547	549
548	550
548	555
548	561
548	553
548	557
548	667
548	823
548	608
548	673
549	556
549	559
549	560
549	558
550	553
550	561
550	555
550	612
550	839
550	946
550	973
550	704
551	554
551	563
551	756
552	562
552	566
552	569
553	561
553	557
553	704
553	898
553	633
553	646
553	675
554	563
554	672
555	561
555	557
555	748
555	862
555	619
556	560
556	558
556	559
557	561
557	807
557	622
557	832
557	908
558	559
559	560
560	799
561	835
561	612
561	708
561	919
561	828
561	619
562	566
563	756
564	565
567	570
567	580
567	588
567	571
567	592
567	600
567	595
567	590
568	599
569	573
569	580
569	577
569	578
569	602
569	603
569	598
569	585
569	600
570	575
570	589
570	594
570	595
570	582
570	588
570	583
570	592
571	575
571	582
571	586
571	577
571	572
571	580
571	601
571	590
572	584
572	585
572	576
572	593
572	600
572	580
572	589
572	574
572	583
573	579
573	602
573	595
573	580
573	576
573	593
574	582
574	600
574	593
574	594
574	588
574	602
575	597
575	603
575	585
575	583
575	598
576	584
576	590
576	583
576	587
576	598
576	586
577	584
577	601
577	593
577	598
577	602
577	580
577	583
577	597
578	586
578	587
578	601
578	598
578	600
578	588
578	592
579	588
579	592
579	602
579	580
579	585
579	600
579	583
579	603
580	597
580	603
580	589
581	596
582	588
582	597
582	594
582	590
582	586
582	587
583	595
583	598
583	584
584	603
584	592
584	587
584	597
585	602
585	595
585	589
585	594
585	603
585	590
586	587
586	593
586	597
586	589
587	601
587	592
587	590
587	595
587	588
588	589
588	601
589	594
589	600
589	592
589	590
590	593
590	595
590	597
591	596
592	601
592	603
593	594
593	595
593	603
593	602
594	601
595	601
595	602
597	600
598	601
604	976
604	848
604	945
604	917
604	812
604	733
604	620
605	735
605	927
605	677
605	664
605	792
605	957
605	811
605	729
605	767
606	953
606	728
606	873
606	698
606	867
607	876
607	864
607	831
607	762
607	670
608	612
608	946
608	823
608	997
608	708
608	675
608	846
608	794
609	646
609	704
609	783
609	874
609	862
609	832
609	639
609	679
609	839
610	920
610	870
610	951
610	652
610	724
610	666
610	950
610	787
610	959
610	644
610	649
611	856
611	615
611	772
611	897
611	648
611	891
611	630
611	691
611	860
611	661
612	639
612	908
612	823
612	640
612	839
612	653
612	673
612	814
612	919
612	646
612	738
612	667
613	699
613	863
613	738
613	679
613	862
613	946
613	898
613	646
613	823
613	748
613	807
613	708
614	765
614	638
614	795
614	632
614	816
614	785
615	856
615	897
615	658
615	768
615	630
615	660
615	974
615	648
615	833
616	816
616	765
616	795
616	810
616	888
616	638
617	895
617	657
617	695
617	723
617	961
617	943
617	977
617	722
617	912
617	930
617	913
617	869
617	802
617	965
617	909
617	637
618	812
618	955
618	976
618	848
618	987
618	690
618	733
618	917
618	620
618	715
618	761
618	956
618	945
618	759
619	814
619	846
619	982
619	862
619	964
619	946
619	832
619	738
619	646
619	898
619	633
620	875
620	715
620	690
620	812
620	753
620	914
620	871
620	945
620	848
620	956
620	987
620	761
620	759
620	906
620	975
621	967
621	696
621	890
621	815
621	800
621	826
621	804
621	954
621	731
621	853
621	986
621	710
621	764
621	882
621	857
621	707
621	734
621	681
621	998
622	839
622	653
622	964
622	667
622	699
622	898
622	862
622	640
622	919
622	738
622	673
622	828
622	946
622	704
622	820
622	816
622	832
622	997
622	807
622	874
622	794
622	889
623	717
623	822
623	701
623	960
623	737
623	994
623	747
624	967
624	986
624	852
624	764
624	671
624	801
624	877
624	703
624	712
624	921
624	734
624	885
624	890
625	808
625	706
625	742
625	818
625	838
625	911
625	939
625	948
626	838
626	818
626	939
626	934
626	706
626	948
626	883
626	742
627	847
627	782
627	766
627	966
627	834
627	635
627	889
627	934
628	796
628	819
628	693
629	990
629	900
629	743
629	751
629	969
629	843
629	878
629	793
629	947
629	763
629	845
629	958
630	768
630	648
630	658
630	691
630	897
630	772
630	918
630	856
630	833
630	974
630	891
631	689
631	820
631	985
631	972
631	669
631	721
632	785
632	810
632	765
632	888
632	663
632	795
632	705
633	653
633	823
633	748
633	828
633	699
633	708
633	863
633	835
633	794
633	667
633	673
634	865
634	958
634	878
634	979
634	797
634	990
634	941
634	763
634	751
634	969
634	817
634	894
634	793
635	966
635	770
635	834
635	766
635	995
635	782
635	764
635	832
635	847
636	988
636	952
636	643
637	723
637	965
637	860
637	943
637	912
637	781
637	909
637	695
637	895
637	869
637	913
637	876
637	734
638	795
638	785
638	810
638	850
638	663
638	765
639	828
639	832
639	708
639	964
639	839
639	823
639	946
639	846
639	640
639	738
639	862
639	675
639	874
639	908
639	807
640	846
640	656
640	814
640	699
640	919
640	889
640	733
640	653
640	832
640	704
640	679
641	683
641	933
641	963
641	928
641	840
642	952
642	988
642	643
643	988
643	952
644	870
644	907
644	910
644	746
644	750
644	652
644	787
645	710
645	887
645	734
645	779
645	741
645	671
645	967
645	886
645	998
645	769
645	852
645	800
645	882
645	678
645	885
645	877
646	748
646	862
646	807
646	823
646	738
646	946
646	783
646	653
646	679
646	740
647	998
647	879
647	769
647	712
647	707
647	703
647	890
647	678
647	671
647	887
647	696
647	760
647	885
647	826
648	830
648	660
648	918
648	768
648	974
648	661
648	788
648	897
648	755
648	772
649	754
649	652
649	724
649	666
649	750
649	870
649	907
650	849
650	676
650	777
650	841
651	924
651	950
651	861
651	844
651	779
651	936
651	685
652	907
652	666
652	709
652	750
652	951
652	754
652	724
652	910
652	692
652	787
652	746
653	889
653	846
653	704
653	872
653	982
653	863
653	946
653	794
653	997
653	656
653	708
653	862
653	667
654	892
654	780
655	806
655	755
655	824
655	744
656	973
656	675
656	889
656	919
656	832
656	964
656	708
656	898
656	748
656	862
656	863
656	794
656	846
656	699
656	823
657	723
657	965
657	695
657	869
657	909
657	943
657	855
657	722
657	802
657	860
657	930
657	884
657	913
658	772
658	833
658	918
658	768
658	830
658	856
658	691
658	897
659	994
659	719
659	880
659	717
659	684
659	822
659	978
659	747
659	773
659	827
660	691
660	830
660	891
660	974
660	788
660	661
660	897
660	738
661	974
661	691
661	788
662	672
662	942
662	837
662	821
662	902
663	785
663	795
663	816
663	810
664	730
664	735
664	729
664	721
664	957
664	711
664	792
664	767
665	701
665	994
665	880
665	993
665	978
666	907
666	724
666	920
666	731
666	870
666	750
666	709
667	862
667	675
667	699
667	946
667	846
667	982
667	814
667	832
667	909
668	757
668	936
668	876
668	915
668	926
668	813
669	972
669	820
669	985
669	689
670	825
670	827
670	778
670	940
670	803
670	968
670	858
670	736
671	779
671	710
671	776
671	923
671	890
671	712
671	885
671	731
671	788
671	886
671	882
671	948
671	938
671	800
672	902
672	756
672	837
672	942
672	821
673	846
673	675
673	828
673	946
673	814
673	874
673	748
673	783
673	973
675	832
675	835
675	748
675	839
675	919
675	807
675	828
675	982
675	872
675	946
675	794
676	841
676	777
676	849
676	774
677	805
677	735
677	927
677	957
677	899
677	752
677	767
677	931
678	885
678	998
678	707
678	954
678	705
678	853
678	710
678	762
678	886
678	877
678	771
678	882
679	862
679	823
679	973
679	874
679	982
679	704
679	814
679	794
679	828
679	946
679	898
679	997
679	699
680	949
680	798
680	905
681	938
681	967
681	764
681	921
681	853
681	760
681	707
681	769
681	857
681	705
681	826
681	986
682	741
682	804
682	921
682	779
682	887
682	903
682	992
682	852
682	882
682	703
682	707
682	970
683	933
683	840
683	883
683	928
684	773
684	880
684	790
684	737
684	960
684	786
684	820
684	967
685	861
685	924
685	950
685	745
685	916
685	886
685	824
685	844
686	842
686	758
687	755
687	726
687	970
687	932
687	836
687	806
687	881
687	896
687	706
688	718
689	985
689	820
689	972
690	906
690	987
690	759
690	999
690	976
690	848
690	812
690	715
690	733
690	874
690	914
690	761
691	918
691	772
691	788
691	833
691	897
691	718
691	830
691	856
691	925
692	959
692	754
692	907
692	920
692	910
692	870
692	951
693	819
693	791
694	893
694	980
694	716
694	775
694	784
694	851
695	895
695	781
695	869
695	965
695	913
695	909
695	961
695	912
695	855
695	860
695	723
695	806
696	938
696	703
696	954
696	705
696	801
696	986
696	800
696	852
696	903
696	877
696	779
696	992
696	887
696	890
696	804
696	769
696	710
697	899
697	792
697	767
697	729
697	931
697	811
697	721
697	957
697	752
697	805
698	953
698	867
698	873
698	728
699	964
699	908
699	748
699	738
699	863
699	835
699	823
699	783
699	794
699	874
700	771
700	866
701	786
701	790
701	719
701	994
701	960
701	859
701	978
701	829
701	717
701	737
702	775
702	893
702	716
702	980
702	935
702	991
703	886
703	998
703	815
703	713
703	826
703	779
703	800
703	852
704	982
704	898
704	807
704	823
704	828
704	919
704	889
704	862
704	832
704	997
704	846
704	708
704	908
704	964
705	954
705	967
705	712
705	713
705	998
705	890
705	986
705	760
705	801
706	939
706	742
706	838
706	911
706	948
706	934
706	808
706	957
707	815
707	712
707	776
707	853
707	877
707	734
707	971
707	760
707	992
707	762
708	997
708	794
708	846
708	835
708	832
708	908
708	738
708	863
709	750
709	959
709	754
709	724
709	920
709	746
709	907
709	787
710	741
710	923
710	921
710	731
710	903
710	901
710	779
710	967
710	887
710	853
710	801
710	886
710	764
710	885
710	734
710	760
710	826
711	767
711	899
711	811
711	721
711	729
711	931
711	957
711	730
711	927
711	805
711	792
712	886
712	998
712	760
712	971
712	826
712	800
712	779
712	734
712	885
712	713
712	852
712	804
712	938
712	921
712	901
712	853
713	954
713	826
713	903
713	923
713	857
713	734
713	852
713	972
713	887
713	986
713	938
713	901
713	776
713	801
714	825
714	858
714	736
714	803
714	984
714	868
715	917
715	759
715	761
715	848
715	999
715	718
715	975
715	812
715	866
715	945
715	883
716	789
716	893
716	980
716	996
716	784
716	840
717	747
717	786
717	773
717	994
718	914
718	884
718	733
718	753
718	875
718	945
718	956
718	976
718	761
718	987
718	808
718	955
718	917
718	999
719	773
719	859
719	978
719	994
719	960
719	822
719	786
719	790
720	829
720	727
720	740
720	799
721	729
721	957
721	792
721	811
721	931
721	805
721	730
721	927
721	962
721	767
721	945
722	869
722	855
722	943
722	909
722	930
722	860
722	723
722	977
722	895
722	802
722	912
722	965
723	869
723	912
723	965
723	930
723	802
723	860
723	913
723	977
723	855
724	746
724	959
724	787
724	951
725	940
725	825
725	778
725	736
725	809
725	868
725	968
726	881
726	744
726	836
726	896
726	762
726	824
726	932
726	738
727	989
727	740
727	799
727	857
728	867
728	873
729	957
729	792
729	811
729	931
729	899
729	767
729	752
730	805
730	752
730	957
730	931
730	811
730	735
731	887
731	804
731	741
731	901
731	923
731	734
731	815
731	852
731	776
731	971
731	886
732	979
732	990
732	947
732	843
732	894
732	944
732	969
732	763
733	761
733	987
733	906
733	914
733	976
733	917
733	945
733	875
733	956
733	812
733	975
734	887
734	741
734	882
734	776
734	923
734	903
734	779
734	971
734	815
734	800
734	877
735	752
735	805
735	767
735	811
735	927
736	940
736	803
736	937
736	809
736	778
736	825
736	883
737	994
737	747
737	978
737	880
738	872
738	889
738	973
738	898
738	814
738	964
739	935
739	981
739	991
739	929
740	799
740	829
740	989
740	871
741	801
741	877
741	992
741	967
741	760
741	887
741	890
741	836
741	923
741	901
742	838
742	939
742	948
742	808
742	818
742	902
742	977
743	817
743	751
743	797
743	854
743	947
743	979
743	793
743	900
743	763
743	958
743	894
744	755
744	836
744	932
744	896
744	824
744	881
744	806
744	970
745	950
745	844
745	916
745	924
746	787
746	870
746	951
746	907
746	750
746	796
747	978
747	859
747	786
747	880
748	874
748	982
748	862
748	919
748	807
748	846
748	973
748	898
748	946
748	908
748	872
748	783
750	870
750	910
750	754
750	959
750	951
750	787
750	924
751	843
751	944
751	865
751	990
751	958
751	900
751	845
751	793
751	797
751	817
751	969
752	805
752	792
752	811
752	931
753	906
753	761
753	975
753	884
753	976
753	955
753	945
753	999
753	917
753	914
753	956
754	910
754	920
754	951
755	824
755	932
755	970
755	881
755	931
755	870
755	896
755	836
756	902
756	821
757	926
757	831
757	813
757	876
757	795
757	864
757	915
758	842
759	871
759	956
759	812
759	906
759	761
759	884
759	976
759	955
759	987
759	875
759	975
760	967
760	986
760	971
760	769
760	800
760	903
760	804
760	921
760	882
760	852
761	955
761	906
761	917
761	975
761	871
761	875
761	884
761	812
761	956
761	848
761	999
762	926
762	864
762	936
762	831
762	876
762	813
763	843
763	845
763	900
763	941
763	944
763	990
763	854
763	979
763	793
763	831
764	879
764	776
764	971
764	815
764	852
764	779
765	816
765	785
765	795
766	925
766	770
766	962
766	782
766	995
766	966
767	792
767	811
767	899
767	931
767	805
767	957
767	946
768	830
768	788
768	897
768	974
768	918
769	954
769	971
769	879
769	886
769	819
770	782
770	995
770	962
770	925
770	869
770	847
771	866
772	891
772	788
772	856
773	993
773	960
773	978
773	786
773	822
773	790
774	841
774	777
774	849
775	980
775	784
775	789
775	929
776	992
776	887
776	923
776	886
776	971
776	901
776	972
776	967
776	801
776	852
777	841
777	849
778	827
778	940
778	825
778	803
778	804
779	992
779	887
779	938
779	921
779	886
779	800
780	892
781	860
781	913
781	909
781	855
781	961
781	895
781	912
781	930
781	943
781	802
781	869
782	925
782	995
782	962
782	834
782	847
783	863
783	982
783	814
783	964
783	889
783	973
783	794
783	839
783	946
784	893
784	980
784	981
784	789
784	851
785	810
785	888
785	892
785	795
785	816
786	978
786	880
786	859
786	822
786	960
787	870
787	907
787	951
787	956
787	910
788	833
788	856
788	830
788	918
788	974
788	931
788	897
789	935
789	893
789	880
790	993
790	880
790	960
790	859
791	819
791	796
791	954
792	957
792	811
792	931
792	899
792	927
793	865
793	969
793	797
793	894
793	854
793	979
793	838
794	835
794	823
794	863
794	832
794	997
794	973
794	872
794	846
795	816
795	810
795	888
796	819
797	979
797	958
797	944
797	969
797	843
797	900
797	854
797	845
797	941
797	923
798	905
798	949
799	829
799	989
800	852
800	826
800	815
800	967
800	801
800	992
800	921
801	853
801	857
801	998
801	852
802	977
802	855
802	895
802	909
802	869
802	961
802	912
803	868
803	937
803	825
803	809
804	882
804	971
804	954
805	927
806	836
806	896
806	932
806	881
806	922
807	828
807	832
807	872
807	835
807	997
807	862
808	934
808	838
808	939
808	818
808	911
809	968
809	868
809	858
809	827
809	825
810	888
810	943
811	957
811	899
811	931
811	927
811	882
811	960
812	955
812	975
812	871
812	945
812	987
812	875
812	956
813	915
813	926
814	919
814	973
814	889
814	997
814	839
814	846
814	823
814	964
814	863
815	877
815	852
815	882
815	938
815	921
815	986
816	888
816	975
817	990
817	865
817	944
817	941
817	979
817	854
817	958
817	843
818	948
818	939
818	838
818	864
818	918
820	985
820	907
821	942
821	902
821	837
821	822
822	859
822	994
822	978
822	993
823	874
823	839
823	832
823	964
823	862
823	835
823	919
823	872
824	970
824	896
824	932
825	868
826	852
826	885
826	886
826	986
826	921
827	984
827	968
827	858
828	919
828	839
828	997
828	835
828	889
828	898
828	874
828	973
828	982
828	872
829	989
830	974
831	936
831	864
831	926
831	915
831	876
832	889
832	872
832	898
832	835
832	997
833	856
833	918
833	897
834	995
834	925
834	962
834	847
835	946
835	982
836	932
836	970
837	902
837	942
837	838
838	911
838	939
838	934
839	846
839	964
839	872
839	908
839	946
839	874
840	928
840	933
841	849
842	983
843	900
843	845
843	894
843	941
843	990
843	878
843	958
843	947
843	854
844	916
844	950
844	861
845	958
845	878
845	894
845	947
845	941
845	900
845	944
845	990
846	872
846	982
846	898
846	964
847	962
847	966
847	995
848	875
848	956
848	906
848	955
848	999
848	884
848	914
848	917
851	996
851	929
851	981
851	935
851	991
852	877
852	998
852	954
852	992
852	901
852	971
852	879
852	853
852	903
852	885
853	903
853	967
853	886
853	879
854	941
854	944
854	990
854	969
854	900
854	958
854	894
854	993
855	943
855	930
855	912
855	965
856	891
856	918
857	986
857	890
857	887
857	886
857	992
857	877
858	968
858	937
859	994
859	993
859	960
860	943
860	909
860	965
860	930
860	913
860	869
860	961
860	977
861	916
861	950
861	919
861	924
862	874
862	982
862	908
863	919
863	964
863	997
863	908
864	936
864	915
865	878
865	990
865	941
865	900
865	894
865	947
867	953
868	984
868	968
868	940
869	909
869	961
869	913
869	943
870	910
870	959
870	907
871	875
871	976
871	917
871	906
871	956
871	971
871	884
872	874
872	908
872	997
872	964
872	898
873	953
874	946
874	973
875	955
875	884
875	906
875	956
875	999
875	914
875	976
876	936
877	971
877	885
877	938
877	887
878	894
878	979
879	971
879	998
879	890
879	954
879	903
879	986
880	960
880	993
881	896
881	970
882	923
882	992
882	901
882	954
882	890
883	922
883	928
883	933
884	945
884	917
884	987
884	975
884	999
884	914
885	998
885	890
886	938
886	954
886	901
887	901
887	992
887	903
887	986
887	967
888	959
889	973
889	919
889	997
889	908
890	998
890	901
890	923
891	918
891	897
891	974
893	980
894	941
894	947
894	990
894	900
894	979
894	958
894	944
895	965
895	977
895	961
895	930
895	912
895	919
896	932
897	974
897	918
897	971
898	982
898	964
898	997
898	908
899	957
899	931
899	998
900	941
900	969
900	979
900	944
901	903
901	921
901	967
901	992
901	998
902	942
903	921
903	938
903	986
903	923
904	991
904	996
904	935
904	980
905	949
905	934
906	945
906	917
906	955
906	976
906	914
906	999
906	975
907	920
907	959
908	919
909	912
909	965
909	930
909	913
909	943
910	959
910	951
910	920
911	934
911	939
912	930
912	943
912	977
912	913
913	977
913	930
913	965
913	961
914	945
914	956
914	955
914	999
914	975
915	926
915	936
916	924
916	930
916	950
917	999
917	976
917	945
917	975
917	921
918	948
918	966
919	964
919	997
920	959
920	978
921	992
921	923
921	971
922	928
922	963
922	933
923	992
923	954
923	967
923	938
923	971
924	950
924	998
925	966
925	995
925	945
928	963
928	933
928	984
929	996
929	935
929	980
930	965
932	970
933	963
934	939
935	981
935	996
937	968
938	967
939	948
940	968
943	965
943	977
945	999
945	987
946	973
946	964
946	982
947	990
947	958
951	959
954	992
954	967
954	971
955	956
955	987
955	976
955	999
956	976
956	999
956	975
956	987
958	969
958	990
960	994
960	993
962	995
964	997
965	977
966	995
967	986
967	971
969	979
971	998
972	985
975	976
975	987
976	987
976	999
978	993
979	990
981	996
981	991
982	997
986	992
987	999
991	996
