0	759
0	944
0	973
0	101
0	31
0	855
1	965
1	791
1	762
1	727
1	49
1	844
1	923
1	998
1	445
1	659
2	942
2	982
2	836
2	766
2	894
2	356
2	838
2	359
3	907
3	57
3	829
3	357
3	971
3	209
3	280
3	326
4	778
4	866
4	952
4	838
4	833
4	739
4	969
5	825
5	980
5	786
5	806
5	927
6	811
6	712
6	731
6	924
6	773
6	629
6	606
6	879
6	741
7	8
7	363
7	817
7	881
7	779
7	513
8	10
8	881
8	714
8	864
8	757
9	521
9	515
9	508
9	281
9	13
9	774
9	905
9	718
9	510
10	519
10	881
10	278
10	620
10	757
10	737
11	520
11	12
11	275
11	509
11	958
11	281
11	508
11	208
11	993
12	13
12	275
12	524
12	510
12	521
12	520
12	774
12	361
12	458
13	520
13	508
13	361
13	718
13	524
13	774
13	206
13	510
14	16
14	15
14	17
14	19
14	20
14	992
15	20
15	19
15	921
15	675
15	18
15	685
15	439
15	17
16	17
16	19
16	20
16	523
16	545
16	67
17	18
17	19
17	454
17	580
18	20
18	355
18	836
18	19
18	135
18	764
19	424
19	70
19	905
20	167
20	339
20	671
20	48
20	565
21	552
21	498
21	576
21	497
21	574
22	23
22	264
22	25
22	27
22	260
22	26
22	24
22	265
22	623
22	655
22	970
23	25
23	27
23	265
23	26
23	260
23	264
23	24
23	610
23	393
23	213
24	26
24	27
24	265
24	260
24	264
24	393
24	617
24	633
24	631
25	27
25	260
25	264
25	265
25	598
26	27
26	260
26	264
26	633
26	393
26	445
26	704
26	254
27	264
27	260
27	599
27	92
27	623
27	756
28	50
28	839
28	789
28	851
28	449
28	993
28	767
28	919
28	716
28	709
29	34
29	794
29	885
29	813
29	812
29	51
29	846
29	962
30	909
30	946
30	824
30	762
30	801
30	955
30	965
30	448
31	101
31	944
31	973
31	471
31	482
31	818
32	708
32	906
32	876
32	889
32	730
32	372
32	268
33	702
33	701
33	734
33	849
33	901
33	880
33	314
33	995
33	177
33	819
33	540
33	848
34	962
34	794
34	51
34	904
34	845
34	906
34	812
34	795
35	567
35	571
35	537
35	568
35	420
35	152
35	857
36	41
36	40
36	180
37	39
37	139
37	168
37	554
38	793
38	565
38	947
38	137
39	139
39	566
39	533
40	41
40	229
42	45
42	273
42	268
42	157
42	44
42	421
42	47
42	154
42	567
42	867
43	46
43	158
43	159
43	270
43	266
43	172
43	271
43	549
43	48
43	887
44	160
44	267
44	87
44	47
44	420
44	869
44	711
44	272
44	45
45	269
45	157
45	272
45	154
45	87
45	857
45	875
45	869
46	48
46	159
46	155
46	271
46	172
46	266
46	313
46	602
47	157
47	269
47	537
47	545
47	571
47	419
47	267
47	861
48	271
48	138
48	888
49	998
49	931
49	801
49	727
49	769
49	706
49	788
49	771
49	453
50	896
50	895
50	993
50	937
50	449
50	851
50	733
50	823
50	776
51	885
51	812
51	962
51	794
51	813
51	850
51	742
51	846
52	705
52	989
52	820
52	966
52	936
52	792
52	735
52	981
52	816
53	963
53	803
53	949
53	998
53	955
53	912
53	464
54	204
54	362
54	459
54	464
54	743
54	363
54	808
54	462
54	757
55	767
55	937
55	993
55	919
55	895
55	452
55	709
55	716
55	823
55	891
56	60
56	878
56	872
56	809
56	983
56	956
56	783
56	802
56	117
56	815
57	978
57	971
57	934
57	768
57	507
57	518
57	493
57	997
58	59
58	892
58	726
58	322
58	242
59	726
59	892
59	127
59	919
60	61
60	802
60	972
60	725
60	918
60	878
60	917
60	422
60	94
61	872
61	983
61	956
61	915
61	765
61	985
61	914
61	900
61	783
62	764
62	913
62	984
62	732
62	740
62	418
62	811
62	425
62	761
62	950
63	67
63	498
63	68
63	499
63	489
63	552
63	494
63	574
63	573
63	576
63	713
64	485
64	501
64	581
64	487
64	572
64	259
64	217
64	496
64	502
64	262
65	413
65	414
66	503
66	493
66	184
66	90
67	68
67	499
67	498
67	551
67	220
67	495
67	494
67	497
68	499
68	489
68	494
68	498
68	552
68	551
68	574
69	484
69	486
69	308
69	563
70	72
70	71
70	75
70	74
70	770
70	73
70	76
70	240
71	73
71	74
71	72
71	75
71	223
71	212
71	487
71	936
72	74
72	73
72	75
72	76
72	437
73	75
73	76
73	74
73	408
73	936
73	763
73	764
74	76
74	938
74	759
74	570
74	712
74	806
75	76
75	979
75	708
75	679
75	790
76	223
76	679
76	219
76	532
76	360
77	80
77	258
78	841
78	83
78	470
79	256
79	254
79	252
79	82
79	483
79	473
79	257
80	258
81	472
81	468
81	306
81	313
81	389
81	391
81	800
82	257
82	474
82	254
82	256
82	253
82	252
82	483
82	833
83	470
83	841
83	710
84	528
84	532
84	542
84	527
84	153
84	148
84	149
84	151
84	546
84	338
84	888
84	781
85	544
85	301
85	298
85	567
86	90
86	547
86	540
86	548
86	535
86	526
86	734
86	849
87	545
87	531
87	152
87	154
87	537
87	268
88	540
88	548
88	535
88	90
88	526
88	547
88	901
88	701
88	880
89	539
89	538
89	529
89	534
89	374
89	530
89	371
89	536
89	369
89	170
90	548
90	540
90	547
90	535
90	526
90	347
91	94
91	93
91	97
91	92
91	240
91	96
91	132
91	656
92	97
92	94
92	96
92	95
92	528
93	97
93	95
93	136
93	647
93	306
93	973
93	533
94	95
94	97
94	96
94	232
95	96
95	97
95	239
95	982
96	97
96	356
96	768
97	236
98	100
98	949
98	751
98	946
98	909
98	750
98	706
98	955
98	923
98	458
99	104
99	935
99	998
99	724
99	923
99	788
99	750
99	912
99	720
100	104
100	965
100	445
100	955
100	788
100	949
100	769
100	801
100	890
101	759
101	469
101	478
101	991
101	973
102	858
102	705
102	920
102	989
102	820
102	817
102	968
102	483
102	792
102	862
103	774
103	905
103	997
103	994
103	458
103	718
103	814
103	510
103	466
103	509
103	859
104	903
104	751
104	771
104	998
104	769
104	727
104	791
104	656
105	109
105	110
106	108
106	111
106	107
106	249
107	108
107	111
107	249
107	475
108	111
108	245
109	110
110	195
111	248
112	113
112	432
112	117
112	287
112	429
112	439
112	114
112	118
112	436
112	725
113	118
113	433
113	428
113	438
113	117
113	432
113	797
113	915
113	431
114	118
114	431
114	435
114	429
114	117
114	797
114	914
114	424
114	878
115	116
115	434
115	732
115	764
115	976
115	950
115	761
115	984
116	950
116	740
116	282
116	732
116	434
116	342
116	243
116	724
117	433
117	430
117	432
117	986
117	765
117	878
118	433
118	439
118	872
118	783
118	285
118	815
118	809
119	125
119	124
119	415
119	122
119	407
119	187
119	400
119	197
119	131
119	196
120	125
120	399
120	403
120	398
120	394
120	188
120	415
120	405
120	123
120	185
121	404
121	122
121	124
121	399
121	125
121	188
121	407
121	405
121	412
121	403
122	123
122	400
122	399
122	407
122	124
122	185
122	125
122	129
122	132
123	403
123	400
123	405
123	415
123	404
123	399
123	407
123	199
124	399
124	403
124	394
124	125
124	409
124	407
124	188
125	397
125	394
125	403
125	400
125	198
126	197
126	198
126	129
126	200
126	241
126	131
126	409
126	133
126	242
126	594
127	128
127	201
127	200
127	187
127	410
127	199
127	403
127	404
127	239
128	200
128	130
128	131
128	406
128	202
128	201
128	199
128	239
128	470
129	131
129	198
129	196
129	199
129	202
129	130
129	242
129	201
130	131
130	200
130	202
130	398
130	188
130	198
130	196
130	242
131	404
131	242
131	239
131	199
131	243
132	244
132	366
132	238
133	183
133	135
133	136
133	170
134	401
134	580
134	821
134	755
134	860
134	777
134	853
135	136
135	183
135	170
136	170
136	183
137	182
137	565
137	583
137	793
137	203
137	804
138	172
138	158
139	168
139	566
139	561
139	554
139	850
139	156
140	612
140	616
140	626
140	634
140	608
140	614
141	626
141	614
141	608
141	616
141	612
141	586
142	596
142	587
142	594
142	602
142	763
142	308
142	385
143	145
143	144
143	622
143	605
143	607
144	618
144	637
144	600
144	590
144	640
144	189
144	635
144	914
145	146
145	600
145	630
145	622
145	618
145	592
145	605
146	635
146	605
146	191
146	632
146	630
146	500
146	972
147	153
147	151
147	148
147	467
147	333
147	546
147	527
147	532
147	528
147	943
148	149
148	153
148	151
148	527
148	532
148	546
148	528
148	215
149	151
149	153
149	528
149	532
149	338
149	542
149	333
149	525
150	549
150	266
150	155
150	640
150	159
151	153
151	532
151	527
151	546
151	528
151	953
152	531
152	154
152	269
152	545
152	157
152	537
153	335
153	546
153	532
153	542
153	556
154	267
154	160
154	272
154	157
154	269
154	571
155	158
155	271
155	156
155	549
155	159
155	270
155	427
156	159
156	266
156	158
156	270
157	267
157	272
157	268
157	545
157	419
158	159
158	270
158	266
158	427
158	841
158	172
159	270
159	266
160	267
160	268
160	273
160	861
160	567
160	889
160	414
160	749
161	167
161	165
161	162
161	166
161	164
161	179
161	163
161	867
162	167
162	164
162	165
162	163
162	166
162	631
162	242
162	173
163	164
163	165
163	166
163	180
163	181
163	178
163	551
163	519
164	165
164	166
164	167
164	368
164	341
165	166
165	167
165	987
166	167
166	906
167	196
167	957
167	425
167	509
168	555
168	561
168	566
168	579
168	283
168	554
169	396
169	186
169	174
169	324
169	772
169	411
169	291
170	183
171	173
171	395
171	408
171	325
171	328
171	476
173	395
173	325
173	408
173	326
173	514
174	186
174	411
174	396
174	324
174	747
174	650
175	176
175	342
176	339
177	345
178	179
178	181
178	180
179	181
179	180
180	181
182	550
182	804
182	565
182	583
182	793
182	513
183	970
184	503
184	493
184	458
185	187
185	407
185	397
185	406
185	402
185	409
185	202
185	404
186	396
186	411
186	324
186	230
186	960
187	188
187	412
187	406
187	402
187	405
187	400
187	197
188	405
188	410
188	398
188	397
188	399
188	892
189	194
189	190
189	191
190	191
190	194
190	632
191	194
192	193
192	195
193	195
194	640
195	382
196	200
196	199
196	405
196	409
196	410
196	241
197	200
197	202
197	199
197	400
197	406
197	402
197	243
198	200
198	199
198	397
198	239
198	201
198	398
199	202
199	241
200	202
200	201
200	242
201	202
201	405
201	415
201	398
201	410
202	403
202	243
203	932
203	865
203	461
203	853
203	619
204	743
204	464
204	757
204	662
204	881
204	249
205	206
205	208
205	718
205	854
205	893
205	240
205	859
205	458
205	466
205	994
206	787
206	774
206	958
206	466
206	508
206	718
207	209
207	934
207	364
207	357
207	910
207	289
208	994
208	787
208	281
208	997
208	521
208	298
209	768
209	988
209	457
209	829
209	907
209	280
210	211
210	214
210	212
210	216
210	215
210	512
210	505
210	213
210	358
210	877
211	216
211	213
211	506
211	274
211	212
211	512
211	505
211	365
211	855
212	216
212	213
212	214
212	215
212	274
212	277
212	905
213	216
213	512
213	274
213	214
213	349
213	685
214	215
214	216
214	512
214	455
214	498
214	504
214	534
215	216
215	506
215	277
215	276
215	460
215	271
216	512
216	276
216	505
216	673
217	222
217	218
217	263
218	222
218	261
218	488
219	742
219	847
219	898
220	551
220	498
220	574
221	922
221	779
221	947
221	349
222	261
222	585
223	979
223	770
224	228
224	225
224	230
224	396
225	230
225	228
225	411
226	229
226	227
227	229
228	230
228	396
231	233
231	236
231	235
231	234
231	237
231	232
231	294
232	233
232	237
232	234
232	235
232	638
232	617
232	542
233	236
233	237
233	234
233	235
234	237
234	235
234	639
234	950
235	236
235	237
235	628
235	546
236	237
236	887
237	522
238	244
238	807
238	438
239	243
239	323
239	240
239	241
239	825
240	242
240	243
240	241
240	329
240	398
240	801
241	242
241	243
241	404
241	406
241	410
242	243
243	327
243	726
244	807
244	569
245	251
245	250
245	249
245	248
245	247
245	246
245	691
245	648
245	619
246	248
246	247
246	251
246	250
246	249
246	678
246	647
246	655
247	248
247	250
247	251
247	249
247	655
247	678
248	250
248	251
248	249
248	924
249	250
249	383
250	251
250	678
251	383
251	332
251	822
252	254
252	255
252	483
252	257
252	473
252	474
252	795
253	254
253	255
253	256
253	473
254	255
254	257
254	474
254	256
254	305
254	483
255	256
255	473
255	257
255	474
255	957
255	746
255	601
256	257
256	483
256	474
256	473
256	566
257	473
257	447
259	263
259	262
259	261
259	667
260	264
260	265
260	623
261	263
261	492
262	263
262	564
262	894
263	501
264	265
264	874
264	857
265	633
265	610
265	617
265	935
266	427
266	568
266	650
267	273
267	269
267	711
267	869
267	752
268	272
268	420
268	711
268	571
268	867
269	273
269	537
269	571
269	531
269	861
270	271
270	732
270	427
272	273
272	531
272	842
272	715
273	537
273	869
274	276
274	505
274	277
274	506
275	508
275	509
275	281
275	515
275	524
275	521
275	520
275	718
276	277
276	512
276	505
276	506
277	512
277	506
277	505
278	279
278	525
278	514
278	294
278	523
278	292
278	290
278	291
278	669
279	525
279	523
279	514
279	291
279	292
280	518
281	509
281	508
281	515
281	521
281	905
281	510
282	423
282	437
282	732
283	289
283	284
283	288
284	289
284	288
284	811
285	286
285	287
285	428
286	287
286	435
286	433
287	915
288	289
288	561
290	291
290	294
290	293
290	296
290	514
290	525
290	810
290	658
290	498
291	292
291	294
291	296
291	293
291	514
291	483
292	296
292	294
292	293
292	525
292	517
292	514
293	294
293	296
293	977
293	499
294	296
294	523
295	516
295	297
296	514
296	783
296	401
297	516
298	301
298	544
299	300
299	647
300	647
301	544
301	854
302	303
302	305
302	373
302	370
302	866
303	305
303	372
303	373
303	744
304	691
304	648
305	373
305	372
305	370
305	759
306	313
306	800
306	308
306	468
306	392
306	915
307	772
307	911
307	310
307	309
307	721
307	660
307	830
308	313
308	800
308	472
308	468
308	387
309	310
309	911
309	772
309	721
309	672
309	694
310	772
310	911
310	721
310	660
310	324
311	312
311	977
311	737
311	489
312	977
312	737
312	590
313	800
313	468
313	472
313	876
314	315
314	318
314	819
315	318
315	702
315	819
316	317
316	321
316	319
316	872
317	319
317	321
317	582
318	701
318	819
319	321
319	815
320	744
320	940
320	408
320	643
321	846
322	323
322	327
322	329
323	327
323	329
324	396
324	411
324	650
325	328
325	326
325	408
326	328
326	676
326	948
326	395
326	344
327	329
328	408
328	536
328	690
328	838
330	332
330	533
330	601
330	958
331	336
331	337
331	334
331	474
332	417
332	533
333	335
333	338
333	546
334	336
334	337
334	708
335	338
335	527
335	943
336	337
336	601
337	474
338	707
339	341
339	344
339	342
339	346
339	375
339	712
340	343
340	347
340	345
340	819
340	849
341	344
341	342
341	346
341	378
341	375
341	745
342	346
342	344
342	379
343	345
343	347
343	995
343	849
344	346
344	968
344	380
345	347
345	849
346	379
346	356
347	819
348	351
348	353
348	352
348	355
348	350
348	529
348	356
349	355
349	350
349	356
349	353
349	351
350	353
350	351
350	356
350	354
350	854
350	883
351	356
351	352
351	353
351	699
351	355
352	355
352	356
352	998
352	814
352	597
352	629
353	355
353	807
353	354
354	356
354	355
354	457
355	356
357	364
357	457
357	970
357	978
357	891
357	805
357	507
357	517
358	365
358	456
358	460
358	455
359	461
359	932
359	853
359	513
359	885
360	466
360	718
360	905
360	854
360	859
360	997
360	893
360	510
360	524
360	525
361	458
361	905
361	814
361	958
361	787
362	363
362	454
362	459
362	951
362	881
362	513
362	778
362	464
363	462
363	454
363	464
363	519
364	829
364	457
364	970
364	891
365	455
365	456
365	460
366	367
366	368
366	369
366	371
366	538
366	539
366	529
366	543
366	844
367	368
367	371
367	374
367	369
367	536
367	543
367	541
368	374
368	371
368	543
368	530
368	538
368	534
369	371
369	539
369	543
369	530
369	538
369	541
369	529
370	372
370	373
371	374
371	539
371	534
371	846
371	865
372	373
372	974
372	604
373	656
374	536
374	530
374	529
375	378
375	380
375	382
376	381
376	377
376	656
376	647
377	381
377	834
377	656
378	379
378	380
378	382
379	382
379	380
380	382
381	647
381	656
383	655
383	691
383	648
383	678
383	749
384	388
384	390
384	586
384	620
384	621
385	387
385	392
385	391
385	790
386	390
386	601
386	613
386	388
386	629
387	389
387	391
387	472
388	390
388	586
388	613
389	392
389	391
389	800
390	613
390	601
391	392
392	468
393	598
393	633
393	610
393	623
393	599
393	631
394	403
394	402
394	399
394	405
394	406
394	397
394	409
395	665
395	472
396	411
397	402
397	404
397	399
397	400
397	415
398	399
398	412
398	404
398	402
399	403
400	403
400	410
400	412
401	580
401	860
401	755
401	562
401	777
401	690
402	412
402	415
402	405
402	410
404	407
404	410
405	412
406	409
406	410
406	415
406	412
407	412
407	415
407	409
408	613
408	640
409	410
409	412
409	415
411	747
412	415
413	414
416	417
416	426
417	426
417	533
418	425
418	437
418	950
418	913
419	421
419	545
420	421
421	531
422	424
422	429
422	986
422	439
423	425
423	437
423	909
423	913
424	433
424	439
425	764
428	439
428	430
428	429
428	438
428	432
428	983
428	890
428	809
429	432
429	430
429	435
429	431
429	438
429	436
430	435
430	438
430	439
430	431
430	432
430	972
430	917
431	432
431	439
431	433
431	765
431	900
431	809
432	433
432	436
432	915
433	436
433	802
433	972
434	437
434	761
434	732
434	950
434	764
434	984
434	826
434	740
435	438
435	915
435	725
435	986
435	474
435	900
436	439
436	438
436	986
436	797
436	783
436	915
437	740
437	950
437	798
437	730
438	900
438	985
438	872
439	802
440	447
440	443
440	442
440	790
440	832
440	843
440	856
440	444
441	444
441	448
441	926
441	753
441	959
441	902
441	987
441	810
441	645
442	446
442	447
442	930
442	832
442	443
442	775
442	883
442	756
443	447
443	843
443	930
443	856
443	996
443	792
444	448
444	810
444	959
444	987
444	835
444	926
444	873
444	754
444	753
444	902
445	791
445	706
446	447
446	790
446	856
446	883
446	775
446	832
446	996
446	930
446	966
447	856
447	883
447	930
447	557
447	775
447	843
448	763
448	926
448	987
448	902
448	646
449	452
449	919
449	723
450	975
450	855
450	973
450	759
450	944
451	744
451	940
451	792
451	956
452	709
452	993
452	716
453	827
453	992
453	929
453	710
454	464
454	459
454	462
454	519
455	456
455	460
456	460
456	506
457	768
457	507
457	829
457	891
458	466
458	905
458	893
458	774
458	508
458	814
458	859
458	718
458	958
459	464
459	462
459	513
459	519
459	743
459	522
461	865
461	723
462	464
462	743
462	522
462	714
463	467
463	465
464	743
464	714
464	794
464	878
465	467
466	854
466	774
466	515
466	787
466	520
466	508
466	893
466	620
468	800
468	581
468	981
469	478
469	481
469	482
469	476
469	477
469	471
469	717
470	841
471	481
471	477
471	478
471	476
471	482
471	973
472	800
472	839
473	483
474	483
475	480
475	479
476	482
476	481
476	477
476	973
476	818
477	482
477	478
477	481
477	795
477	944
478	482
478	481
478	975
478	717
479	480
481	482
481	973
481	855
482	944
484	486
484	563
484	700
485	496
485	491
485	504
485	502
485	973
486	563
486	694
487	504
487	491
487	496
487	488
487	559
487	492
487	585
488	490
488	501
488	581
488	822
488	559
489	495
489	576
489	551
489	497
489	573
490	504
490	492
490	502
490	559
490	564
490	803
491	581
491	572
491	559
491	502
492	496
492	501
492	502
492	889
493	503
494	497
494	495
494	574
494	576
494	551
494	573
494	575
494	915
494	552
495	500
495	497
495	499
495	498
495	552
495	574
496	501
496	502
496	520
496	564
496	572
496	581
497	551
497	552
497	573
497	574
497	500
498	573
498	499
498	576
498	551
499	573
499	552
499	500
499	576
499	613
500	576
500	573
500	730
500	786
501	504
501	581
501	564
502	504
503	670
504	572
504	581
505	506
507	517
507	518
507	970
507	768
507	971
508	510
508	548
509	524
510	524
510	806
511	513
511	757
511	743
511	992
513	519
513	522
514	523
514	820
515	524
515	521
515	520
515	859
515	814
515	754
517	829
517	907
518	891
518	934
518	970
518	768
519	951
519	522
520	997
520	958
521	958
521	859
521	854
521	821
522	881
522	714
523	525
523	749
524	787
524	994
524	854
525	715
526	548
526	535
526	540
526	547
526	995
526	901
527	546
527	542
527	528
527	532
527	781
527	707
528	542
528	546
528	532
528	826
528	837
528	707
528	842
529	539
529	530
529	543
529	536
529	538
529	534
529	823
530	539
530	543
530	534
530	536
530	541
531	537
531	545
531	568
532	542
532	546
532	953
532	805
533	575
533	563
534	538
534	541
534	536
534	873
534	607
535	548
535	540
535	547
535	819
536	538
536	543
536	541
536	592
537	545
538	543
538	541
538	539
539	541
539	543
539	674
540	547
540	548
540	995
541	543
541	621
541	932
542	546
542	577
542	916
542	953
543	925
544	982
546	826
546	837
547	548
547	702
547	734
548	734
549	613
550	565
550	583
550	793
551	576
551	574
551	552
551	573
551	899
552	576
552	574
552	573
552	807
553	578
553	582
554	555
554	579
554	561
554	566
554	936
554	724
555	566
555	579
555	561
556	577
557	558
557	560
557	584
557	569
557	570
557	794
558	569
558	584
558	570
558	996
558	560
558	819
559	564
559	585
559	572
559	581
560	569
560	584
560	570
560	685
561	675
561	566
561	579
562	580
562	755
562	777
564	585
564	581
564	572
565	583
566	579
566	788
566	825
567	571
567	568
567	752
568	571
568	869
568	861
569	570
569	584
570	584
570	675
572	581
572	585
573	574
573	576
574	576
578	582
578	726
580	821
580	755
581	585
583	804
584	613
585	707
586	601
586	621
586	620
586	629
586	675
586	613
587	588
587	594
587	602
587	604
587	596
587	944
588	604
588	602
588	789
589	636
589	625
589	609
589	611
589	719
589	887
589	882
589	825
589	870
590	640
590	630
590	622
590	592
590	593
590	597
590	632
591	612
591	626
591	608
591	627
591	614
591	616
592	605
592	635
592	637
592	593
592	632
592	622
593	632
593	630
593	635
593	637
593	607
594	604
594	606
594	602
594	738
595	639
595	628
595	638
595	917
596	604
596	602
596	785
596	648
597	637
597	607
597	640
597	622
597	632
597	605
598	623
598	631
598	633
598	610
598	599
598	617
598	657
599	623
599	631
599	617
599	633
599	769
599	610
600	607
600	622
600	632
600	605
600	618
600	694
600	974
601	621
601	620
601	613
601	629
601	836
601	914
602	604
602	606
602	847
603	625
603	609
603	636
603	611
603	941
603	980
603	786
603	964
604	606
604	996
605	618
605	637
607	637
607	630
607	765
608	614
609	611
609	625
609	636
609	806
609	964
609	887
609	825
610	617
610	631
610	623
610	633
611	636
611	625
611	825
611	941
611	786
611	719
612	619
612	626
612	634
612	616
612	985
612	627
613	629
613	621
613	620
614	619
614	634
614	626
615	624
615	731
615	924
615	773
615	796
616	634
617	633
617	631
617	703
618	632
618	640
618	622
619	627
619	634
619	626
620	621
620	629
620	653
621	629
621	705
622	637
622	862
623	631
623	874
624	712
624	784
624	796
624	811
624	924
624	773
625	636
625	980
625	941
625	719
626	627
627	634
627	959
628	638
628	639
629	642
630	632
630	926
630	706
631	633
632	635
635	637
635	640
636	882
636	980
636	941
638	639
641	659
641	698
641	643
641	692
641	666
641	700
641	642
641	663
641	664
641	697
641	852
641	682
641	684
642	663
642	692
642	643
642	680
642	700
642	644
642	664
642	682
642	760
642	666
642	698
643	700
643	697
643	680
643	692
643	663
643	644
643	666
643	659
644	682
644	692
644	684
644	666
644	659
644	697
644	940
644	663
645	673
645	675
645	681
645	652
645	662
645	687
645	921
645	686
645	699
646	670
646	658
646	653
646	696
646	693
646	668
647	656
647	845
647	906
648	655
648	691
648	678
649	677
649	674
649	654
649	685
649	696
649	688
650	695
650	694
650	747
650	672
650	660
651	676
651	668
651	729
651	688
651	654
651	685
651	674
651	653
652	673
652	687
652	681
652	686
652	746
652	662
652	675
652	745
653	685
653	668
653	693
653	782
653	729
653	654
653	688
654	676
654	668
654	693
654	897
655	678
655	691
656	834
656	796
657	667
657	665
657	984
658	696
658	676
658	677
658	748
658	780
658	688
658	674
658	668
659	684
659	663
659	666
659	698
659	680
660	694
660	695
660	672
660	747
660	721
661	695
661	672
661	747
661	694
661	721
661	845
662	687
662	686
662	673
662	681
662	705
662	798
662	829
663	680
663	760
663	692
663	698
663	666
663	700
663	682
664	697
664	700
664	666
664	698
664	680
665	667
665	699
666	684
666	682
666	698
666	680
666	697
667	699
668	693
668	729
668	679
668	748
669	683
669	690
669	689
669	671
669	677
669	755
670	688
670	780
670	729
670	685
670	927
671	683
671	690
671	689
672	747
672	695
672	694
672	974
673	687
673	681
673	686
673	675
673	725
673	927
673	702
673	791
674	688
674	679
674	693
674	696
675	687
675	686
675	884
675	681
676	677
676	693
676	696
676	688
677	696
677	685
677	679
677	782
677	740
677	713
678	691
679	693
679	897
679	782
679	748
679	685
680	698
680	684
680	760
681	687
681	686
682	684
682	700
682	692
683	690
683	830
683	689
684	698
684	697
684	760
684	796
685	693
685	780
686	687
687	871
687	804
688	897
688	696
689	690
689	830
690	830
691	725
692	698
692	697
692	983
693	696
694	695
695	747
695	772
695	911
696	780
697	698
697	852
697	717
698	852
698	811
698	909
700	852
701	734
701	819
701	880
701	702
701	849
701	901
702	901
702	819
702	995
702	849
702	734
702	880
703	925
703	808
703	848
703	886
704	948
704	899
704	864
705	738
705	968
705	792
705	817
705	939
705	820
706	998
706	955
706	949
706	903
706	965
706	724
707	953
707	943
707	888
707	826
707	842
707	745
707	916
707	908
707	781
708	889
708	730
708	922
709	767
709	851
709	839
709	723
709	823
709	919
709	716
709	937
709	758
709	733
709	789
710	827
710	929
710	992
711	861
711	867
711	875
711	857
711	715
711	752
712	796
712	811
712	741
712	784
712	924
712	731
713	942
713	894
713	766
713	982
713	836
713	835
714	881
715	875
715	867
715	857
715	888
715	752
716	851
716	919
716	993
716	767
716	758
716	723
716	839
717	855
717	759
717	975
717	973
717	795
718	774
718	787
718	814
718	893
719	882
719	927
719	941
719	825
719	870
719	786
719	964
720	998
720	935
720	909
720	912
720	750
720	844
720	923
720	824
720	955
720	931
720	751
720	762
721	772
721	911
722	999
722	863
723	733
723	789
723	896
723	767
723	776
723	823
724	949
724	923
724	955
724	801
724	788
724	762
724	998
724	965
724	751
724	935
724	771
725	985
725	797
725	815
725	900
725	956
725	890
725	918
725	765
725	802
725	783
726	892
727	791
727	844
727	998
727	965
727	912
727	949
727	909
727	903
727	751
727	946
727	771
728	954
728	840
729	897
730	876
730	889
730	906
731	877
731	924
731	796
731	811
731	784
731	741
731	758
731	803
732	976
733	758
733	851
733	937
733	767
733	993
733	823
734	901
734	819
734	995
734	880
735	862
735	816
735	981
735	828
735	939
735	989
736	945
736	933
737	977
738	820
738	858
738	966
738	920
738	792
738	936
738	828
738	816
739	833
739	969
739	838
739	928
739	778
739	894
740	913
740	976
741	811
741	773
741	796
742	847
742	898
743	951
743	757
744	940
745	781
745	888
745	837
745	826
745	953
745	908
745	842
745	916
745	943
745	805
746	957
746	874
746	974
746	785
746	921
747	911
748	782
749	799
749	831
749	822
749	961
750	824
750	935
750	769
750	762
750	801
750	909
750	955
750	825
751	935
751	955
751	791
751	801
751	762
751	788
751	923
751	903
751	824
751	965
751	912
751	803
752	869
752	867
752	875
752	861
752	857
753	754
753	926
753	959
753	987
753	835
753	810
753	763
754	763
754	835
754	987
754	873
754	810
754	891
755	777
755	860
755	821
756	831
756	822
757	881
758	937
758	823
758	767
758	919
758	839
758	776
758	993
758	827
759	975
759	818
759	855
759	944
759	973
759	795
759	878
760	852
761	976
761	913
761	764
761	984
762	788
762	955
762	949
762	801
762	771
762	791
762	844
762	931
762	909
763	810
763	987
763	902
763	873
763	835
763	959
763	898
764	950
764	913
764	976
764	984
765	802
765	900
765	983
765	809
765	783
765	972
765	890
765	985
765	872
765	956
766	982
766	836
766	942
766	894
766	913
766	827
767	776
767	789
767	823
767	919
767	839
767	937
767	896
767	982
767	980
768	907
768	970
768	934
768	829
769	998
769	903
769	801
769	803
769	955
769	824
769	791
769	931
769	949
770	979
770	938
771	931
771	801
771	949
771	844
771	963
771	935
771	946
771	791
771	965
771	903
771	909
771	876
772	911
773	924
773	877
773	796
773	879
774	854
774	905
774	994
774	859
774	958
774	787
775	790
775	883
775	996
775	832
775	930
775	843
775	826
776	823
776	839
776	851
776	895
776	993
776	896
776	919
777	821
777	860
778	838
778	969
778	866
778	952
778	833
779	922
779	947
780	897
781	842
781	943
781	826
781	916
781	908
781	798
783	802
783	915
783	985
783	917
783	872
783	878
783	914
783	918
783	809
783	983
784	796
784	811
784	879
785	921
785	974
785	957
785	818
786	887
786	941
786	882
786	870
787	854
787	958
787	994
787	893
787	915
788	955
788	791
788	931
788	844
788	909
788	824
788	801
788	965
789	993
789	919
789	937
789	823
789	851
789	839
789	932
790	996
790	856
790	930
790	975
791	935
791	955
791	963
791	931
791	946
791	903
791	998
791	912
792	820
792	989
792	939
792	966
792	858
792	968
792	920
793	804
794	904
794	812
794	850
794	846
794	990
794	962
795	975
795	944
795	818
796	877
797	917
797	983
797	809
797	985
797	972
797	890
797	986
797	918
797	878
797	900
797	915
798	916
798	888
798	826
798	908
798	837
798	805
798	811
799	961
799	822
799	811
801	955
801	903
801	963
801	998
801	912
801	844
801	935
801	803
801	909
802	983
802	986
802	985
802	917
802	809
802	900
802	914
802	872
802	956
803	903
803	923
803	998
803	935
803	946
805	953
805	916
805	842
805	943
805	888
806	825
806	870
806	887
806	964
806	941
808	886
808	925
808	848
809	900
809	917
809	872
809	985
809	815
809	915
809	956
809	890
809	878
810	835
810	902
810	987
810	873
811	924
812	904
812	850
812	885
812	962
812	842
812	830
813	885
813	846
813	990
813	962
813	845
813	850
813	843
814	859
814	994
814	854
814	893
814	958
815	956
815	872
815	890
815	917
815	986
815	918
815	985
815	989
815	900
816	981
816	828
816	817
816	820
817	981
817	862
817	828
818	855
818	876
818	901
819	995
819	849
819	880
819	874
820	989
820	920
820	858
821	860
822	961
822	831
823	851
823	896
823	895
823	839
823	993
824	949
824	946
824	998
824	963
824	844
824	935
824	931
824	909
825	941
825	964
825	980
825	887
825	870
825	927
825	882
825	935
826	943
826	888
826	842
826	916
826	908
826	953
827	929
828	862
828	981
828	968
829	934
829	988
829	907
831	961
832	843
832	883
832	930
832	996
833	866
833	952
833	969
833	928
835	926
835	902
835	987
835	873
835	959
836	942
836	894
837	916
837	842
837	943
837	888
838	928
838	866
838	969
838	952
838	893
839	919
839	993
839	895
839	896
840	954
842	888
842	953
842	916
843	930
844	965
844	955
844	998
844	923
844	949
844	912
844	903
844	853
845	846
845	904
845	990
845	850
845	885
845	962
846	850
846	885
846	990
847	898
848	886
848	925
849	995
849	880
849	901
850	990
850	904
851	937
851	928
851	993
853	865
853	932
854	905
855	975
855	973
856	883
856	930
857	867
857	875
857	861
858	966
858	989
858	939
859	997
859	961
861	869
861	875
862	981
862	936
863	999
864	899
864	948
865	932
866	952
866	928
866	969
867	869
867	875
868	967
868	960
868	910
868	991
868	908
869	875
870	980
870	927
870	941
870	887
870	882
870	964
871	884
872	878
872	900
872	917
872	986
872	915
872	972
872	914
873	902
873	926
873	893
874	921
874	957
874	895
875	887
876	889
876	906
877	924
877	879
878	972
878	956
878	918
878	985
878	900
878	917
878	890
878	915
878	983
879	924
880	995
880	901
882	941
882	980
882	964
882	927
882	887
883	996
885	990
885	904
886	925
886	918
887	941
887	927
887	964
887	980
888	908
888	953
888	943
889	906
890	900
890	985
890	983
890	956
890	972
891	970
891	907
891	934
892	957
893	994
893	963
894	942
894	982
895	919
895	937
895	896
895	993
896	993
896	919
896	937
899	948
900	986
900	914
900	918
900	915
900	917
900	983
900	972
900	956
901	995
902	959
902	987
902	929
903	912
903	963
903	965
903	955
903	946
903	909
904	990
904	962
907	970
907	971
907	988
907	978
907	934
908	943
908	916
909	955
909	931
909	963
909	946
910	991
910	967
910	960
912	949
912	998
912	965
912	923
913	976
914	918
914	917
914	915
914	956
914	983
914	972
914	986
915	918
915	986
915	972
915	985
915	983
917	985
917	918
917	956
917	972
918	985
918	972
918	986
918	956
918	983
919	993
920	966
920	989
920	968
920	939
921	974
922	947
923	946
923	963
923	998
923	935
923	949
923	931
924	944
926	959
926	938
926	987
926	942
927	964
927	980
928	952
928	969
929	992
930	996
931	935
931	963
931	946
933	945
934	988
934	970
935	998
935	949
935	946
936	968
936	989
936	966
937	993
938	979
939	989
939	968
941	980
943	953
944	975
946	998
946	949
949	965
949	998
949	955
950	984
950	976
952	969
956	983
956	985
957	974
958	997
959	987
960	991
960	967
962	990
963	998
966	968
967	991
967	983
970	988
970	971
971	978
971	988
972	986
976	984
982	993
983	986
985	986
994	997
