0	937
0	2
0	670
0	827
0	809
0	803
0	725
0	714
0	778
0	858
0	984
0	825
0	472
0	5
0	99
1	715
1	620
1	871
1	906
1	618
1	191
1	848
1	189
1	558
1	917
2	670
2	803
2	725
2	937
2	714
2	984
2	827
2	954
2	809
2	858
3	872
3	738
3	783
3	609
3	667
3	646
3	510
3	964
3	708
3	622
4	964
4	613
4	846
4	639
4	656
4	997
4	699
4	738
4	982
4	835
5	606
5	38
5	40
5	39
5	158
5	732
5	248
6	954
6	852
6	624
6	703
6	171
6	885
6	741
6	206
7	13
7	9
7	120
7	10
7	459
7	560
7	471
7	443
7	465
7	267
7	511
7	695
7	430
7	556
7	559
7	855
7	266
8	124
8	11
8	119
8	62
8	501
9	13
9	10
9	120
9	465
9	566
9	559
9	471
9	459
9	885
9	266
9	450
9	762
9	366
10	13
10	120
10	559
10	465
10	560
10	556
10	450
10	443
10	471
10	867
10	482
10	199
11	125
11	124
11	119
11	765
12	368
12	436
12	331
12	336
12	334
12	959
12	870
12	754
12	798
12	831
12	649
13	120
13	559
13	443
13	450
13	556
13	267
13	459
13	869
13	471
13	205
14	15
14	19
14	107
15	19
16	17
16	743
16	947
16	797
17	743
17	845
17	797
18	20
18	520
18	979
18	941
21	26
21	25
22	27
22	63
22	65
22	69
22	38
22	66
22	507
23	24
23	67
23	68
23	110
23	194
24	67
24	64
24	68
24	267
25	26
25	43
27	65
27	63
27	66
27	69
27	400
27	308
28	147
28	166
28	113
29	30
29	152
29	153
29	33
29	32
29	161
29	167
29	594
29	586
29	582
30	150
30	32
30	33
30	161
30	31
30	575
30	602
30	603
30	164
31	33
31	151
31	152
31	32
31	225
31	598
31	573
31	161
32	150
32	148
32	33
32	574
32	393
32	594
32	597
33	152
33	151
33	148
33	153
33	167
33	161
34	149
34	568
34	599
34	315
35	41
35	36
35	37
35	953
35	408
35	873
35	168
36	37
36	41
36	867
36	728
36	953
36	609
36	873
36	887
37	41
37	287
37	867
37	873
37	288
37	728
37	698
37	476
37	38
37	274
38	39
38	40
38	416
38	674
38	417
38	611
38	999
38	847
39	40
39	417
39	919
39	808
40	674
40	606
40	416
40	283
40	832
41	867
41	873
41	728
41	756
41	107
42	46
42	44
43	48
43	45
43	47
43	107
44	46
45	47
45	48
45	106
47	48
47	107
48	106
49	55
49	467
49	51
49	464
49	52
49	54
49	460
49	469
49	53
49	915
49	414
50	458
50	155
51	469
51	52
51	467
51	464
51	55
51	54
51	53
51	460
51	414
51	231
51	962
52	469
52	467
52	53
52	464
52	55
52	54
52	460
52	236
53	55
53	54
53	469
53	460
53	464
53	445
54	55
54	467
54	460
54	464
54	469
54	362
54	114
55	464
55	469
55	467
55	415
55	311
55	371
55	99
56	60
56	62
56	59
56	61
56	58
56	57
56	380
57	59
57	261
57	60
57	62
57	61
57	973
57	58
57	91
57	692
58	60
58	59
58	607
58	62
58	61
58	192
58	168
58	242
59	230
59	61
59	982
59	60
59	62
59	76
60	62
60	61
60	281
60	521
60	911
60	806
61	62
61	866
61	755
62	105
62	466
62	536
63	69
63	65
63	66
63	174
64	68
64	67
64	415
65	66
65	69
65	802
65	468
66	69
66	279
66	131
67	68
67	482
69	632
69	325
70	74
70	73
70	76
70	75
70	72
70	717
70	859
70	790
71	72
71	73
71	76
71	74
71	75
71	310
71	822
71	786
72	74
72	73
72	75
72	76
72	701
72	809
72	142
72	506
73	76
73	75
73	74
73	701
73	859
73	684
73	476
74	75
74	76
74	993
74	810
74	307
74	684
75	719
75	669
75	773
75	665
75	313
76	978
76	790
76	859
77	83
77	81
77	78
77	503
77	488
77	496
77	80
77	494
77	495
77	502
77	87
77	493
78	80
78	81
78	83
78	491
78	493
78	495
78	498
78	488
78	503
78	274
79	82
79	216
79	489
79	721
80	83
80	81
80	496
80	502
80	494
80	503
80	488
80	214
80	498
80	493
80	491
80	102
80	621
81	503
81	210
81	491
81	493
81	495
81	496
81	83
81	502
81	498
81	494
81	893
81	488
82	489
82	216
82	729
83	498
83	502
83	488
83	494
83	491
83	496
83	503
83	549
84	89
84	87
85	86
85	88
85	126
86	90
86	88
86	619
87	89
88	90
88	300
90	670
90	193
91	94
91	95
91	93
92	98
92	103
93	94
93	95
93	129
94	95
94	643
95	568
96	97
96	447
97	447
98	100
98	102
98	220
98	223
98	103
98	217
98	219
98	222
98	901
99	104
99	221
99	565
99	101
99	897
100	222
100	102
100	218
100	223
100	220
100	365
100	821
101	104
101	221
101	766
101	667
101	644
102	222
102	220
102	218
102	103
102	952
102	956
102	223
103	223
103	217
103	218
103	222
103	220
103	636
103	449
104	565
104	803
104	223
105	111
105	106
105	107
105	110
105	108
105	109
105	460
105	855
105	634
106	109
106	110
106	107
106	111
106	108
106	759
106	518
107	109
107	111
107	108
107	110
108	110
108	109
108	111
108	232
108	864
108	697
109	110
109	111
109	835
109	929
109	794
109	827
110	111
110	477
110	505
110	850
111	645
111	607
111	807
111	988
112	116
112	117
113	114
113	115
113	118
114	118
114	115
115	118
116	117
116	367
119	124
119	125
119	236
120	471
120	459
120	362
120	450
120	547
120	366
121	123
121	122
121	158
121	457
121	470
121	366
121	461
121	162
122	123
122	470
122	461
122	457
122	158
122	782
122	237
123	461
123	470
123	457
123	976
123	778
123	779
124	125
125	373
125	872
126	128
126	816
126	614
126	663
126	785
126	129
126	765
126	616
126	132
126	888
126	810
126	638
126	479
126	848
127	625
127	911
127	838
127	626
127	404
127	528
127	403
127	525
127	934
127	948
127	131
127	399
127	699
127	742
127	939
127	706
127	700
127	818
128	129
128	616
128	132
128	505
128	638
128	888
128	785
128	632
128	810
128	765
128	925
128	795
128	816
128	663
129	888
129	616
129	810
129	632
129	505
129	663
129	765
129	614
129	132
129	785
129	848
130	836
130	824
130	687
130	896
130	755
130	970
130	655
130	176
131	706
131	818
131	626
131	808
131	742
131	939
131	402
131	540
131	399
131	531
131	264
131	911
131	350
131	934
131	838
131	980
132	505
132	765
132	663
132	785
132	614
132	810
132	816
132	638
132	795
133	134
133	136
133	137
133	395
133	615
133	691
133	135
133	830
133	772
134	139
134	136
134	389
134	137
134	768
134	392
134	856
134	615
135	138
135	139
135	391
135	392
135	611
135	136
135	393
135	660
135	344
136	396
136	390
136	138
136	389
136	139
136	833
136	768
137	138
137	394
137	392
137	396
137	660
137	772
137	918
137	473
138	396
138	391
138	897
138	390
138	658
138	830
138	690
139	396
139	388
139	630
139	918
139	661
139	611
139	830
140	141
140	198
141	198
142	146
142	143
142	145
142	201
142	929
142	784
142	150
143	145
143	146
143	196
143	784
143	929
144	200
144	980
144	904
144	172
145	146
145	201
145	935
145	196
145	888
145	929
146	196
146	784
146	935
146	201
146	991
147	166
148	152
148	151
148	153
148	164
148	161
148	162
148	584
148	579
149	599
149	568
149	168
150	151
150	152
150	165
150	600
150	161
150	573
150	603
151	161
151	567
151	592
151	574
151	535
151	162
152	153
152	162
152	586
152	576
152	165
153	576
153	578
153	598
153	161
153	575
153	583
154	564
154	217
155	458
156	555
156	159
156	544
156	557
156	548
156	157
156	982
156	679
156	794
156	872
156	807
156	839
157	159
157	555
157	544
157	553
157	557
157	550
157	673
157	874
157	708
157	807
157	783
158	461
158	782
158	457
158	633
159	555
159	561
159	550
159	553
159	548
159	557
159	982
159	646
159	508
159	510
160	549
160	558
160	434
160	917
160	192
160	453
160	195
160	369
160	974
161	164
161	167
162	164
162	165
162	163
162	167
162	602
162	578
163	164
163	597
163	601
163	165
163	600
163	167
163	567
163	706
163	569
164	167
164	165
164	233
164	588
164	575
165	167
165	573
165	570
165	598
165	584
167	594
167	571
167	574
168	764
168	705
168	734
168	645
168	272
168	473
168	890
168	898
169	172
169	183
169	682
169	857
169	712
169	938
169	903
169	925
170	171
170	280
170	885
170	992
170	506
170	464
170	954
170	921
171	281
171	696
171	852
171	280
171	885
172	174
172	183
172	712
172	938
172	879
172	882
172	958
173	278
173	986
173	776
173	769
173	808
174	903
174	184
174	682
174	800
174	857
174	681
175	177
175	180
175	179
175	176
175	178
175	181
176	179
176	177
176	181
176	178
176	180
176	762
177	179
177	178
177	180
177	497
177	276
178	180
178	181
178	179
178	490
178	947
179	181
179	180
179	499
179	425
179	370
180	181
180	801
180	963
181	424
181	913
182	877
182	826
182	186
182	639
182	498
183	184
183	882
183	903
183	879
183	938
183	249
183	681
184	682
184	882
184	879
184	998
184	364
185	187
185	276
185	779
185	710
185	523
185	876
186	826
186	731
186	877
186	439
187	279
187	779
187	853
187	804
187	799
187	274
187	523
188	707
188	923
188	967
188	641
189	195
189	190
189	194
189	191
189	192
189	914
189	917
189	369
189	440
190	192
190	194
190	191
190	195
190	975
190	999
190	871
190	753
190	791
191	193
191	192
191	194
191	195
191	917
191	715
191	449
192	193
192	195
192	604
192	620
192	848
193	195
193	194
193	620
193	753
193	715
193	848
193	956
194	195
194	871
194	914
194	446
194	753
195	914
195	715
195	618
196	929
196	784
196	935
196	766
197	694
197	702
197	789
197	695
199	200
199	904
199	980
199	893
200	980
200	361
200	978
201	935
201	929
202	981
202	851
202	991
202	996
202	775
202	716
203	208
203	204
203	462
203	951
203	610
204	208
204	644
204	454
204	333
205	206
205	207
205	209
205	686
205	758
205	724
205	910
205	331
205	458
206	209
206	686
206	207
206	910
206	754
206	367
206	724
206	907
207	209
207	709
207	666
207	870
207	724
207	321
207	750
207	799
208	983
208	332
208	330
209	870
209	692
209	754
209	263
209	724
209	907
209	317
210	214
210	215
210	493
211	213
211	212
211	428
212	213
214	495
214	498
215	498
215	495
215	503
216	489
216	711
217	223
217	219
217	222
217	218
217	270
217	220
217	931
218	220
218	223
218	219
218	642
218	270
218	564
219	220
219	223
219	222
219	952
220	222
220	364
220	337
221	988
221	860
221	867
221	879
222	300
222	271
223	365
223	936
224	228
224	230
224	261
224	260
224	264
224	227
224	262
224	229
224	263
224	225
225	230
225	228
225	260
225	262
225	226
225	227
225	264
225	263
226	261
226	228
226	260
226	230
226	616
226	262
226	259
226	775
226	859
227	230
227	260
227	262
227	229
227	265
227	656
227	264
227	795
228	265
228	229
228	260
228	259
228	263
228	261
228	939
229	259
229	263
229	264
229	722
229	260
229	647
229	715
230	265
230	259
230	262
230	261
230	275
231	233
231	235
231	237
231	236
231	232
231	673
231	234
232	233
232	237
232	234
232	235
232	236
232	813
232	667
233	235
233	234
233	237
233	236
233	847
233	512
234	236
234	235
234	966
234	237
234	544
234	254
234	635
235	237
235	236
236	237
236	872
236	668
237	802
237	560
238	244
238	387
238	384
238	241
238	379
238	386
238	292
238	380
238	653
239	243
239	240
239	381
239	341
239	849
239	812
239	774
239	246
239	861
240	381
240	243
240	774
240	849
240	950
240	924
241	385
241	380
241	338
241	386
241	676
241	384
241	379
241	292
242	382
242	383
242	339
243	381
243	849
243	774
243	924
244	384
244	379
244	385
244	386
244	387
244	380
244	777
244	616
244	867
244	314
245	246
245	250
246	250
246	248
247	722
247	895
247	421
248	250
249	938
250	881
251	779
251	279
252	255
252	258
252	254
252	257
252	256
252	253
252	633
252	729
252	827
253	256
253	254
253	255
253	258
253	257
253	591
253	740
253	494
253	502
254	258
254	256
254	255
254	691
254	810
254	257
255	257
255	258
255	256
255	581
255	929
255	523
255	436
256	258
256	801
256	660
256	460
256	639
256	896
257	258
257	866
257	831
258	696
258	269
258	506
259	265
259	261
259	264
259	262
259	260
259	263
260	263
260	264
260	265
261	263
261	262
261	265
261	487
262	265
262	263
262	264
263	265
264	265
264	371
265	479
266	443
266	450
266	267
266	375
266	511
266	704
266	366
267	366
267	362
267	430
267	559
267	511
267	957
268	271
268	454
268	463
268	462
268	333
268	330
268	610
268	787
269	456
269	455
269	437
269	439
270	365
270	643
270	379
271	454
271	462
271	463
271	330
271	333
271	332
271	644
271	951
272	450
272	366
272	430
272	443
272	556
272	459
272	895
272	547
272	560
273	369
273	453
273	449
273	440
273	434
273	446
273	549
273	286
274	710
274	887
274	804
274	671
274	279
274	523
275	280
275	954
275	741
275	521
275	942
276	279
276	804
276	779
276	887
277	764
277	886
277	760
277	645
277	890
277	676
277	705
277	734
278	986
278	785
278	776
279	815
280	281
280	921
280	696
280	885
280	512
281	954
281	885
281	295
282	284
282	866
282	700
282	771
282	286
282	627
282	795
283	674
283	606
283	792
284	286
284	700
284	771
284	866
284	566
284	731
285	289
285	749
286	866
286	700
286	766
286	771
287	288
287	409
287	728
288	408
288	728
289	749
290	711
290	729
290	899
290	697
291	292
291	850
291	720
291	650
292	850
293	296
293	295
293	297
293	781
294	774
294	849
294	381
294	916
295	296
295	297
296	297
296	382
297	891
298	299
298	302
299	302
299	420
300	303
300	304
300	820
301	303
301	820
301	305
301	304
301	545
303	304
303	305
303	826
304	305
304	633
305	972
305	912
306	311
306	310
306	312
306	308
306	307
306	313
306	717
306	993
306	665
306	823
307	309
307	312
307	311
307	310
307	978
307	717
307	993
307	822
308	312
308	311
308	309
308	659
308	698
308	665
309	310
309	313
309	659
309	978
309	719
309	665
309	953
309	790
310	312
310	311
310	993
310	880
310	313
310	684
311	313
311	717
311	790
311	312
311	978
312	313
312	719
312	786
312	880
312	701
313	790
313	822
313	960
313	364
314	320
314	317
314	318
314	321
314	920
314	907
314	910
314	750
314	649
315	316
315	915
315	831
315	757
315	813
315	936
315	864
315	668
315	607
315	876
315	449
316	607
316	762
316	668
316	915
316	936
316	876
316	813
316	831
316	926
316	514
316	757
316	470
317	318
317	321
317	959
317	910
317	920
317	334
317	368
317	750
318	320
318	910
318	321
318	870
318	649
318	750
318	959
318	334
319	951
319	652
319	644
319	454
319	983
319	787
319	332
320	321
320	910
320	920
320	750
320	709
320	758
320	335
320	610
321	724
321	959
321	666
321	920
321	331
322	325
322	324
322	326
322	327
322	941
322	323
322	751
322	520
322	817
323	327
323	326
323	325
323	990
323	958
324	327
324	634
324	900
324	969
324	944
324	447
325	327
325	326
325	979
325	894
325	941
326	327
326	894
326	944
326	958
326	763
326	817
326	843
327	990
327	941
327	792
328	329
328	797
328	845
328	732
328	947
328	793
329	797
329	845
329	961
329	685
330	333
330	337
330	463
330	610
331	334
331	336
331	368
331	516
331	750
331	666
331	335
332	337
332	463
332	983
332	787
333	337
333	463
334	335
334	336
334	754
334	516
334	910
334	750
335	336
335	907
335	692
335	367
335	775
336	368
336	709
336	436
336	445
336	870
336	959
337	462
337	787
337	951
337	652
337	463
338	342
338	384
338	850
339	382
339	383
339	741
340	345
340	343
340	344
340	708
341	861
341	849
341	774
342	387
342	351
342	384
343	345
343	344
343	918
344	345
345	608
346	350
346	352
346	348
346	626
347	351
347	349
347	353
347	650
348	350
348	352
348	540
349	351
349	353
349	841
350	352
351	353
352	625
353	380
354	359
354	357
354	355
354	358
354	371
355	357
355	358
355	359
355	374
356	361
356	980
357	359
357	358
357	669
358	359
358	739
359	370
360	739
360	981
362	366
362	450
362	547
362	658
362	430
362	443
363	452
363	513
363	448
363	996
364	447
364	445
365	636
365	642
366	450
366	443
367	516
367	649
367	436
367	910
367	692
367	709
367	920
367	515
367	932
368	907
368	692
368	910
368	972
368	750
368	562
369	449
369	446
369	440
369	558
369	434
369	453
369	753
370	376
370	375
370	373
370	371
370	372
370	374
370	996
370	910
371	373
371	377
371	376
371	374
371	378
371	372
372	375
372	377
372	378
372	376
372	962
372	966
373	378
373	376
373	377
373	948
373	375
373	510
374	375
374	378
374	376
374	377
374	762
374	831
374	842
375	377
375	376
375	678
375	378
375	959
376	378
376	611
376	498
377	771
377	378
377	770
378	834
378	616
378	704
379	385
379	386
379	387
379	676
379	384
380	387
380	384
380	385
380	386
380	777
380	795
380	676
381	945
381	916
381	685
381	950
382	383
383	907
384	387
384	386
384	385
384	777
384	650
385	387
385	386
385	841
386	777
386	650
386	437
386	876
386	387
386	946
387	457
388	392
388	390
388	393
388	391
388	891
388	661
388	611
388	788
388	615
389	390
389	393
389	394
389	833
389	772
389	660
389	891
389	768
390	395
390	393
390	394
390	772
390	615
390	891
391	392
391	395
391	661
391	772
391	918
391	611
391	830
392	396
392	393
392	394
392	395
392	897
393	395
393	396
393	658
393	833
394	772
394	788
394	611
394	891
394	918
394	833
395	396
395	833
395	658
395	897
395	918
396	691
396	615
396	611
397	405
397	399
397	543
397	403
397	542
397	537
397	540
397	939
397	742
397	911
398	402
398	529
398	406
398	530
398	539
398	399
398	934
398	524
398	527
398	808
399	540
399	530
399	403
399	529
399	706
399	934
400	401
400	688
400	536
400	407
401	688
401	407
401	536
401	830
402	535
402	541
402	540
402	530
402	538
402	626
402	526
402	406
403	406
403	404
403	530
403	532
403	525
403	742
403	625
404	535
404	531
404	526
404	541
404	532
404	527
404	911
404	934
405	528
405	537
405	533
405	532
405	406
405	535
405	742
405	838
405	818
406	526
406	533
406	534
406	528
406	524
406	626
407	536
407	688
407	914
408	409
408	728
409	698
409	764
410	413
410	412
411	415
411	418
411	414
411	457
412	413
414	418
415	418
416	417
416	476
417	674
418	469
419	420
419	422
420	422
421	423
421	427
421	428
422	473
423	427
423	428
423	909
424	425
424	499
424	497
424	490
425	499
425	497
425	490
426	429
426	492
426	501
426	500
426	455
427	428
427	617
428	909
429	492
429	500
429	501
429	455
430	450
430	443
430	465
431	441
431	438
431	985
431	689
432	433
432	442
433	442
434	440
434	549
434	446
434	558
434	975
434	883
435	438
435	441
435	985
435	631
436	750
436	920
436	709
436	870
437	439
437	456
437	455
438	441
438	689
439	456
439	492
440	449
440	453
440	558
440	715
440	914
441	631
443	450
443	559
443	459
444	522
444	956
444	975
444	620
445	447
445	975
446	449
446	453
446	549
446	558
446	871
446	618
446	620
446	999
448	452
448	513
448	514
449	549
449	558
449	453
449	848
449	917
450	511
450	459
450	560
450	982
451	522
451	871
451	975
451	753
452	991
452	851
453	549
453	914
453	906
453	715
454	462
454	644
454	951
454	983
454	787
455	456
456	500
457	461
457	470
459	471
459	465
460	469
460	464
460	467
461	470
461	837
461	467
462	463
462	787
462	610
462	644
463	746
464	469
464	467
464	762
464	640
465	471
465	556
465	547
465	511
466	468
466	566
466	869
466	545
466	552
466	514
467	469
467	623
468	562
468	545
468	552
468	731
468	617
469	829
470	662
470	739
471	560
471	556
472	475
472	481
472	479
472	483
472	639
473	480
473	477
473	485
473	476
473	486
473	482
473	478
473	474
473	668
474	484
474	478
474	480
474	477
474	486
474	476
474	485
474	915
474	482
475	481
475	483
475	487
475	531
475	753
475	625
476	486
476	482
476	480
476	477
476	485
476	484
476	478
477	480
477	486
477	485
477	482
477	478
477	484
478	486
478	484
478	480
478	485
478	825
478	785
478	750
479	487
479	481
479	483
479	964
480	485
480	482
480	486
480	484
480	813
481	487
481	483
481	495
482	485
482	486
482	484
482	625
482	520
483	487
483	771
484	485
484	486
484	969
485	486
485	672
485	653
486	505
486	925
487	627
487	759
488	496
488	493
488	495
488	498
488	491
488	502
488	494
488	503
489	729
490	499
490	497
491	498
491	495
491	494
491	493
491	496
491	503
491	847
492	500
492	501
493	498
493	502
493	494
493	495
493	496
494	503
494	496
494	495
494	498
494	502
494	566
494	863
495	502
495	498
495	496
495	503
495	741
496	502
496	503
497	499
498	502
498	503
498	562
500	501
502	503
503	699
504	933
504	928
504	922
504	883
504	840
504	641
504	893
504	923
505	638
505	816
505	614
505	785
505	810
505	888
505	765
505	720
505	632
505	795
506	921
506	741
506	624
506	678
506	512
506	901
506	782
506	992
507	510
507	508
507	675
507	846
507	908
507	823
507	704
507	667
507	828
507	653
507	608
507	673
507	640
507	517
507	699
507	723
507	863
507	555
508	946
508	973
508	872
508	908
508	889
508	846
508	835
508	964
508	807
508	748
508	738
508	550
508	646
508	832
508	708
508	918
508	667
509	726
509	881
509	744
510	517
510	738
510	863
510	814
510	832
510	823
510	946
510	982
510	640
510	639
510	619
510	653
510	919
510	646
510	656
512	921
512	901
512	992
512	741
512	703
512	949
512	624
513	775
513	514
514	851
514	739
514	991
514	996
514	775
514	981
514	722
514	709
515	842
515	686
515	758
515	750
516	692
516	959
517	946
517	639
517	898
517	656
517	874
517	783
517	673
517	807
517	653
517	555
517	832
517	748
517	862
517	814
517	679
517	613
517	889
518	520
518	941
518	865
518	990
518	979
518	969
518	900
518	634
518	854
518	751
518	944
518	763
519	890
519	705
519	764
519	971
519	713
519	886
519	645
519	760
520	969
520	900
520	751
520	865
520	944
520	817
520	894
520	958
520	629
520	979
520	941
520	763
520	939
521	885
521	696
521	678
521	852
521	992
521	921
521	624
521	954
521	703
522	715
522	975
523	710
523	804
523	815
523	783
523	853
524	543
524	542
524	527
524	535
524	533
524	528
524	534
524	948
525	531
525	537
525	526
525	527
525	529
525	818
525	948
525	934
526	542
526	534
526	541
526	529
526	625
526	533
527	529
527	539
527	528
527	742
527	541
527	531
528	539
528	533
528	706
528	911
528	626
529	533
529	539
529	542
529	543
529	535
530	543
530	532
530	808
530	542
530	540
530	818
531	541
531	532
531	533
531	538
531	706
532	541
532	537
532	818
532	706
532	838
533	539
533	543
533	534
534	539
534	543
534	948
534	934
534	625
534	537
535	541
535	537
535	543
535	538
536	688
537	543
537	541
537	538
537	625
538	539
538	542
538	838
538	948
538	742
538	808
539	540
539	541
539	818
540	541
540	542
540	543
540	939
542	626
542	808
542	885
543	625
544	557
544	548
544	630
544	889
544	553
544	908
544	699
544	814
544	704
545	566
545	562
545	552
545	666
546	551
546	563
546	554
546	662
547	559
547	560
547	556
547	961
548	550
548	555
548	561
548	553
548	557
548	667
548	823
548	608
548	673
549	558
549	753
549	848
549	618
549	999
550	553
550	561
550	555
550	612
550	839
550	946
550	973
550	704
551	554
551	563
551	756
552	562
552	566
552	795
552	697
553	561
553	557
553	704
553	898
553	633
553	646
553	675
554	563
554	672
555	561
555	557
555	748
555	862
555	619
556	560
556	559
557	561
557	807
557	622
557	832
557	908
558	975
558	766
558	620
558	906
559	560
561	835
561	612
561	708
561	919
561	828
561	619
562	566
562	715
563	756
567	570
567	580
567	588
567	571
567	592
567	600
567	595
567	590
568	599
569	573
569	580
569	577
569	578
569	602
569	603
569	598
569	585
569	600
570	575
570	589
570	594
570	595
570	582
570	588
570	583
570	592
571	575
571	582
571	586
571	577
571	572
571	580
571	601
571	590
572	584
572	585
572	576
572	593
572	600
572	580
572	589
572	574
572	583
573	579
573	602
573	595
573	580
573	576
573	593
574	582
574	600
574	593
574	594
574	588
574	602
575	597
575	603
575	585
575	583
575	598
576	584
576	590
576	583
576	587
576	598
576	586
577	584
577	601
577	593
577	598
577	602
577	580
577	583
577	597
578	586
578	587
578	601
578	598
578	600
578	588
578	592
579	588
579	592
579	602
579	580
579	585
579	600
579	583
579	603
580	597
580	603
580	589
581	596
582	588
582	597
582	594
582	590
582	586
582	587
583	595
583	598
583	584
584	603
584	592
584	587
584	597
585	602
585	595
585	589
585	594
585	603
585	590
586	587
586	593
586	597
586	589
587	601
587	592
587	590
587	595
587	588
588	589
588	601
589	594
589	600
589	592
589	590
590	593
590	595
590	597
591	596
592	601
592	603
593	594
593	595
593	603
593	602
594	601
595	601
595	602
597	600
598	601
599	884
604	848
604	917
604	620
604	715
604	975
604	906
605	735
605	927
605	677
605	664
605	792
605	957
605	811
605	729
605	767
606	844
607	876
607	864
607	831
607	762
607	936
607	757
608	612
608	946
608	823
608	997
608	708
608	675
608	846
608	794
609	646
609	704
609	783
609	874
609	862
609	832
609	639
609	679
609	839
609	807
610	951
610	652
610	787
610	644
610	746
610	983
611	856
611	615
611	772
611	897
611	648
611	891
611	630
611	691
611	860
611	661
611	833
611	718
611	830
611	974
612	639
612	908
612	823
612	640
612	839
612	653
612	673
612	814
612	919
612	646
612	738
612	667
613	699
613	863
613	738
613	679
613	862
613	946
613	898
613	646
613	823
613	748
613	807
613	708
613	622
613	982
614	765
614	638
614	795
614	632
614	816
614	785
614	663
614	841
614	835
615	856
615	897
615	658
615	768
615	630
615	660
615	974
615	648
615	833
615	772
616	816
616	765
616	795
616	810
616	888
616	638
616	785
616	632
616	963
617	895
617	657
617	695
617	723
617	961
617	943
617	977
617	722
617	912
617	930
617	913
617	869
617	802
617	965
617	909
617	637
617	711
618	848
618	917
618	620
618	715
618	956
618	759
618	875
618	914
618	906
618	975
619	814
619	846
619	982
619	862
619	964
619	946
619	832
619	738
619	646
619	898
619	633
619	839
619	667
619	919
620	875
620	715
620	753
620	914
620	871
620	848
620	956
620	759
620	906
620	975
621	800
621	882
621	857
621	681
621	998
621	712
621	879
621	903
622	839
622	653
622	964
622	667
622	699
622	898
622	862
622	640
622	919
622	738
622	673
622	828
622	946
622	704
622	816
622	832
622	997
622	807
622	874
622	794
622	889
622	973
623	717
623	822
623	701
623	960
623	978
623	665
623	719
623	790
623	684
623	773
623	673
624	852
624	703
624	921
624	885
624	741
624	696
625	808
625	706
625	742
625	818
625	838
625	911
625	939
625	948
625	831
626	838
626	818
626	939
626	934
626	706
626	948
626	742
626	808
626	911
626	738
627	847
627	782
627	766
627	966
627	834
627	635
627	889
627	934
627	995
627	636
628	796
628	819
628	693
628	702
628	791
629	990
629	900
629	751
629	969
629	843
629	763
629	958
629	894
629	941
629	634
629	817
629	865
630	768
630	648
630	658
630	691
630	897
630	772
630	918
630	856
630	833
630	974
630	891
630	642
630	982
631	689
631	820
631	985
631	972
631	669
632	785
632	810
632	765
632	888
632	663
632	795
632	816
633	653
633	823
633	748
633	828
633	699
633	708
633	863
633	835
633	794
633	667
633	673
633	814
633	898
633	964
633	939
634	865
634	958
634	979
634	990
634	941
634	763
634	751
634	969
634	817
634	894
635	966
635	770
635	834
635	766
635	995
635	782
635	832
635	847
635	828
635	962
636	952
636	643
637	723
637	965
637	860
637	943
637	912
637	781
637	909
637	695
637	895
637	869
637	913
637	876
637	930
638	795
638	785
638	810
638	663
638	765
638	816
639	828
639	832
639	708
639	964
639	839
639	823
639	946
639	846
639	640
639	738
639	862
639	675
639	874
639	908
639	807
639	973
640	846
640	656
640	814
640	699
640	919
640	889
640	653
640	832
640	704
640	679
640	675
640	748
640	964
640	738
640	807
641	683
641	933
641	963
641	928
641	840
641	707
642	952
642	643
643	952
644	746
644	652
644	787
645	734
645	886
645	890
645	764
645	760
645	971
645	713
645	657
645	841
645	705
646	748
646	862
646	807
646	823
646	738
646	946
646	783
646	653
646	679
646	740
646	835
647	703
647	678
647	696
647	885
647	954
647	921
647	741
648	830
648	660
648	918
648	768
648	974
648	661
648	788
648	897
648	772
648	948
648	658
648	891
649	754
649	724
649	666
649	750
649	870
649	907
649	959
649	692
649	910
650	676
650	777
650	841
651	844
651	955
651	987
651	761
651	718
651	884
651	745
652	951
652	787
652	746
653	889
653	846
653	704
653	872
653	982
653	863
653	946
653	794
653	997
653	656
653	708
653	862
653	667
653	832
653	783
653	756
653	680
653	801
654	892
654	780
655	806
655	755
655	824
655	932
655	896
655	687
655	756
656	973
656	675
656	889
656	919
656	832
656	964
656	708
656	898
656	748
656	862
656	863
656	794
656	846
656	699
656	823
656	673
657	723
657	965
657	695
657	869
657	909
657	943
657	855
657	722
657	802
657	860
657	930
657	913
657	961
658	772
658	833
658	918
658	768
658	830
658	856
658	691
658	897
658	661
658	697
658	974
659	719
659	880
659	717
659	684
659	822
659	978
659	773
659	960
659	665
659	786
659	993
659	859
660	691
660	830
660	891
660	974
660	788
660	661
660	897
660	738
660	918
660	955
661	974
661	691
661	788
661	855
661	891
661	768
662	672
662	942
662	837
662	821
662	902
662	775
663	785
663	795
663	816
663	810
663	989
663	992
663	988
664	730
664	735
664	729
664	721
664	957
664	711
664	792
664	767
665	701
665	880
665	993
665	978
665	859
665	786
665	719
666	907
666	724
666	920
666	870
666	750
666	709
666	959
666	692
666	790
666	773
667	862
667	675
667	699
667	946
667	846
667	982
667	814
667	832
667	909
667	835
668	757
668	936
668	876
668	915
668	926
668	813
668	831
668	762
668	864
669	972
669	820
669	985
669	689
670	825
670	827
670	778
670	803
670	858
670	937
671	779
671	710
671	887
671	815
672	902
672	756
672	837
672	942
672	821
673	846
673	675
673	828
673	946
673	814
673	874
673	748
673	783
673	973
673	699
673	889
673	724
675	832
675	835
675	748
675	839
675	919
675	807
675	828
675	982
675	872
675	946
675	794
675	862
675	823
675	898
676	841
676	777
677	805
677	735
677	927
677	957
677	899
677	752
677	767
677	931
678	885
678	954
678	901
678	741
678	921
678	852
679	862
679	823
679	973
679	874
679	982
679	704
679	814
679	794
679	828
679	946
679	898
679	997
679	699
679	863
679	813
679	783
679	748
680	949
680	798
680	905
681	938
681	857
681	879
681	882
681	998
682	903
682	882
682	857
682	800
682	879
682	998
682	728
683	933
683	840
683	883
683	928
683	922
683	963
683	998
684	773
684	880
684	790
684	960
684	786
684	993
684	822
684	719
684	701
685	861
685	924
685	950
685	916
685	812
685	945
686	842
686	758
687	755
687	970
687	932
687	836
687	806
687	896
687	824
688	857
689	985
689	820
689	972
690	987
690	976
690	733
690	761
690	718
690	884
690	955
690	962
691	918
691	772
691	788
691	833
691	897
691	830
691	856
691	925
691	974
691	768
692	959
692	754
692	907
692	920
692	910
692	870
692	750
692	724
692	776
693	819
693	791
693	796
693	875
694	702
694	789
694	997
695	895
695	781
695	869
695	965
695	913
695	909
695	961
695	912
695	855
695	860
695	723
695	722
695	943
696	703
696	954
696	852
696	992
696	885
696	741
697	899
697	792
697	767
697	729
697	931
697	811
697	721
697	957
697	752
697	805
697	927
698	953
698	867
698	873
698	728
698	912
698	943
699	964
699	908
699	748
699	738
699	863
699	835
699	823
699	783
699	794
699	874
699	846
700	771
700	866
700	912
701	786
701	790
701	719
701	960
701	859
701	978
701	717
701	880
701	936
701	957
702	789
703	852
703	885
703	901
703	954
704	982
704	898
704	807
704	823
704	828
704	919
704	889
704	862
704	832
704	997
704	846
704	708
704	908
704	964
704	738
705	713
705	890
705	760
705	801
705	734
705	886
706	939
706	742
706	838
706	911
706	948
706	934
706	808
706	725
707	923
707	840
708	997
708	794
708	846
708	835
708	832
708	908
708	738
708	863
708	748
708	973
708	839
708	872
709	750
709	959
709	754
709	724
709	920
709	907
709	870
710	779
710	887
710	853
710	815
711	767
711	899
711	811
711	721
711	729
711	931
711	957
711	730
711	927
711	805
711	792
711	966
711	886
712	998
712	800
712	938
712	857
712	903
712	882
712	879
713	734
713	801
713	760
713	818
713	890
713	939
714	825
714	858
714	803
714	984
714	778
714	827
714	725
715	917
715	759
715	848
715	999
715	975
715	956
715	990
716	996
716	991
716	775
716	739
716	981
717	786
717	773
717	719
717	790
718	884
718	733
718	976
718	761
718	987
718	955
718	943
718	745
719	773
719	859
719	978
719	960
719	822
719	786
719	790
719	880
720	829
720	727
720	740
720	799
720	955
721	729
721	957
721	792
721	811
721	931
721	805
721	730
721	927
721	767
721	899
721	772
722	869
722	855
722	943
722	909
722	930
722	860
722	723
722	977
722	895
722	802
722	912
722	965
722	745
723	869
723	912
723	965
723	930
723	802
723	860
723	913
723	977
723	855
724	959
724	750
724	754
724	870
725	825
725	778
725	809
725	937
725	858
725	803
726	881
726	744
726	757
727	989
727	740
727	799
727	863
727	829
728	867
728	873
729	957
729	792
729	811
729	931
729	899
729	767
729	752
730	805
730	752
730	957
730	931
730	811
730	735
731	826
731	877
732	947
732	793
733	761
733	987
733	976
733	884
733	955
733	844
733	993
734	971
734	890
734	764
734	886
735	752
735	805
735	767
735	811
735	927
736	940
736	968
736	868
736	890
737	994
737	747
738	872
738	889
738	973
738	898
738	814
738	964
738	997
738	919
738	783
738	874
739	981
739	991
739	851
739	996
740	799
740	829
740	989
741	992
741	901
742	838
742	939
742	948
742	808
742	818
742	902
742	977
742	911
742	940
743	797
743	947
743	793
744	881
745	844
745	976
745	987
745	884
745	761
746	787
746	951
747	994
748	874
748	982
748	862
748	919
748	807
748	846
748	973
748	898
748	946
748	908
748	872
748	783
748	792
748	832
750	870
750	910
750	754
750	959
750	920
750	907
750	851
751	843
751	944
751	865
751	990
751	958
751	900
751	817
751	969
751	854
752	805
752	792
752	811
752	931
753	906
753	975
753	999
753	917
753	914
753	956
753	871
753	759
754	910
754	920
754	907
754	959
754	870
755	824
755	932
755	970
755	896
755	836
755	806
756	902
756	821
757	926
757	831
757	813
757	876
757	795
757	864
757	915
757	986
758	842
759	871
759	956
759	906
759	875
759	975
759	914
759	999
759	893
760	971
760	886
760	801
760	821
761	955
761	884
761	976
761	987
761	844
761	781
762	926
762	864
762	936
762	831
762	876
762	813
762	895
763	843
763	900
763	941
763	944
763	990
763	854
763	979
763	958
763	865
763	894
764	971
765	816
765	785
765	795
765	839
765	960
766	925
766	770
766	962
766	782
766	995
766	966
766	847
767	792
767	811
767	899
767	931
767	805
767	957
768	830
768	788
768	897
768	974
768	918
768	772
769	986
769	776
769	855
770	782
770	995
770	962
770	925
770	869
770	847
770	966
770	834
771	866
772	891
772	788
772	856
772	918
773	993
773	960
773	978
773	786
773	822
773	790
773	877
773	796
774	849
774	812
774	945
774	861
775	981
775	991
775	903
775	834
776	986
777	841
778	827
778	825
778	803
778	912
778	984
779	887
779	853
779	804
780	892
781	860
781	913
781	909
781	855
781	961
781	895
781	912
781	930
781	943
781	802
781	869
781	965
782	925
782	995
782	962
782	834
782	847
782	966
782	907
783	863
783	982
783	814
783	964
783	889
783	973
783	794
783	839
783	946
783	898
784	929
784	935
785	810
785	888
785	892
785	795
785	816
785	954
786	978
786	880
786	859
786	822
786	960
786	790
786	993
786	838
787	951
788	833
788	856
788	830
788	918
788	974
788	897
789	819
790	993
790	880
790	960
790	859
790	978
791	819
791	796
792	957
792	811
792	931
792	899
792	927
792	810
793	797
793	947
793	878
794	835
794	823
794	863
794	832
794	997
794	973
794	872
794	846
794	908
794	828
795	816
795	810
795	888
796	819
797	845
798	905
798	949
799	829
799	989
800	879
800	903
800	882
800	998
801	890
802	977
802	855
802	895
802	909
802	869
802	961
802	912
802	943
802	957
803	937
803	825
803	809
803	858
803	851
803	984
804	887
804	815
805	927
806	836
806	896
806	932
806	970
806	824
807	828
807	832
807	872
807	835
807	997
807	862
807	823
807	973
807	982
808	934
808	838
808	939
808	818
808	911
808	948
809	858
809	827
809	825
809	984
809	937
810	888
810	943
811	957
811	899
811	931
811	927
812	945
812	924
812	916
812	950
812	849
813	915
813	926
813	876
813	831
814	919
814	973
814	889
814	997
814	839
814	846
814	823
814	964
814	863
814	872
814	835
814	946
814	862
816	888
817	990
817	865
817	944
817	941
817	979
817	854
817	958
817	843
817	900
817	969
817	868
818	948
818	939
818	838
818	864
818	918
818	934
820	985
820	972
821	942
821	902
821	837
822	859
822	978
822	993
822	880
823	874
823	839
823	832
823	964
823	862
823	835
823	919
823	872
824	970
824	896
824	932
825	827
825	984
825	937
826	877
827	984
827	858
827	940
827	889
828	919
828	839
828	997
828	835
828	889
828	898
828	874
828	973
828	982
828	872
828	862
829	989
829	833
830	974
830	856
830	895
831	936
831	864
831	926
831	915
831	876
832	889
832	872
832	898
832	835
832	997
833	856
833	918
833	897
833	891
834	995
834	925
834	962
834	847
834	855
835	946
835	982
835	874
835	872
835	839
835	964
836	932
836	970
836	896
837	902
837	942
837	838
837	856
838	911
838	939
838	934
838	948
839	846
839	964
839	872
839	908
839	946
839	874
839	919
840	928
840	933
840	922
840	963
842	870
843	900
843	894
843	941
843	990
843	958
843	854
843	944
843	865
844	884
844	955
844	976
845	878
845	947
846	872
846	982
846	898
846	964
846	908
847	962
847	966
847	995
848	875
848	956
848	906
848	999
848	914
848	917
848	871
851	996
851	981
851	991
852	954
852	992
852	901
852	885
854	941
854	944
854	990
854	969
854	900
854	958
854	894
854	865
854	979
855	943
855	930
855	912
855	965
856	891
856	918
856	897
857	882
857	938
857	998
857	879
858	937
858	984
859	993
859	960
859	978
860	943
860	909
860	965
860	930
860	913
860	869
860	961
860	977
860	895
861	916
861	950
861	924
861	945
862	874
862	982
862	908
862	898
862	946
862	964
863	919
863	964
863	997
863	908
864	936
864	915
864	876
865	990
865	941
865	900
865	894
865	979
865	944
867	953
867	873
868	968
868	940
869	909
869	961
869	913
869	943
870	910
870	959
870	907
871	875
871	917
871	906
871	956
871	975
871	999
872	874
872	908
872	997
872	964
872	898
872	902
872	982
873	953
874	946
874	973
875	906
875	956
875	999
875	914
875	917
876	936
876	915
879	998
879	903
879	991
880	960
880	993
883	922
883	928
883	933
883	963
883	967
884	987
884	976
885	901
885	954
885	909
886	901
886	971
888	981
889	973
889	919
889	997
889	908
889	898
890	971
890	942
890	911
891	918
891	897
891	974
893	980
894	941
894	990
894	900
894	979
894	958
894	944
894	969
895	965
895	977
895	961
895	930
895	912
895	919
895	909
895	913
895	926
896	932
897	974
897	918
898	982
898	964
898	997
898	908
898	973
898	965
899	957
899	931
900	941
900	969
900	979
900	944
901	921
901	992
901	954
902	942
903	938
903	998
904	980
904	938
905	949
905	934
906	917
906	914
906	999
906	975
906	956
907	920
907	959
907	910
907	988
908	919
908	964
908	982
909	912
909	965
909	930
909	913
909	943
910	959
910	920
911	934
911	939
912	930
912	943
912	977
912	913
912	968
913	977
913	930
913	965
913	961
913	981
914	956
914	999
914	975
915	926
915	936
916	924
916	950
916	945
917	999
917	975
918	948
918	966
918	974
919	964
919	997
920	959
921	992
922	928
922	963
922	933
922	953
923	967
924	950
924	945
925	966
925	995
925	962
928	963
928	933
928	967
929	935
930	965
930	937
930	977
932	970
933	963
934	939
934	948
937	984
938	998
938	964
939	948
940	968
943	965
943	977
944	969
944	979
944	990
945	950
946	973
946	964
946	982
948	964
954	992
955	987
955	976
955	998
956	999
956	975
958	969
958	990
960	993
960	978
961	977
962	995
964	997
965	977
966	995
969	979
969	990
972	985
976	987
978	993
979	990
981	996
981	991
982	997
991	996
