0	916
0	857
0	771
0	826
0	663
0	595
0	666
0	774
1	765
1	800
1	732
1	5
1	529
1	609
1	637
1	847
1	713
1	528
2	709
2	742
2	965
2	879
2	577
2	640
2	673
2	772
2	421
2	748
3	901
3	766
3	994
3	829
3	783
3	562
3	92
3	940
3	43
3	939
4	920
4	822
4	573
4	715
4	527
4	641
4	279
4	758
4	866
4	877
5	915
5	961
5	629
5	762
5	701
5	566
5	678
6	992
6	810
6	598
6	680
6	962
6	884
6	227
6	846
6	755
7	187
8	12
8	9
8	584
9	13
9	629
10	12
10	373
10	570
10	603
11	13
12	434
14	19
14	15
14	24
15	20
15	17
15	396
16	19
16	540
17	20
17	18
17	24
17	652
18	20
18	23
18	22
18	19
19	21
19	26
19	780
19	916
20	565
21	27
21	24
21	243
21	642
22	25
22	26
22	27
23	27
23	489
24	27
24	25
24	550
24	713
25	27
25	197
26	27
27	913
27	537
28	53
29	31
29	30
29	32
29	34
31	214
31	94
31	790
32	548
33	39
35	38
35	163
36	152
36	590
37	368
37	41
37	990
38	128
38	40
38	337
38	985
38	638
38	690
38	812
39	41
39	826
41	693
42	48
42	255
42	603
43	46
43	676
44	140
45	363
45	498
46	47
47	374
47	392
47	853
47	646
47	830
48	414
49	54
49	942
50	56
50	323
50	873
50	883
51	52
51	930
52	54
53	54
54	358
54	193
54	758
55	63
55	849
56	60
57	62
57	828
58	60
58	59
59	472
59	650
60	212
60	382
60	587
61	145
61	62
61	612
63	69
64	235
64	69
64	346
65	69
66	69
66	910
66	617
67	223
67	303
68	151
68	548
69	709
70	76
71	75
71	76
71	328
72	217
72	728
72	957
73	74
74	387
74	615
75	175
75	931
77	80
77	83
78	83
79	172
81	83
81	703
82	300
82	272
82	957
82	870
83	432
84	89
84	88
85	496
86	87
87	398
87	342
87	371
88	350
88	892
89	471
89	131
89	377
90	191
90	433
90	518
91	95
91	634
92	94
92	95
93	97
93	96
93	576
93	540
93	714
94	362
94	756
95	428
95	849
96	118
97	315
97	367
98	100
99	100
100	699
100	534
101	104
102	104
102	103
103	914
104	577
105	157
105	111
105	424
105	833
106	385
106	110
106	135
106	764
106	703
107	358
107	947
108	111
109	284
109	924
110	942
111	180
112	115
112	721
113	116
113	117
114	237
114	830
115	175
115	645
116	271
116	129
116	930
117	917
117	645
117	763
119	158
120	361
120	125
121	313
122	123
122	160
123	259
123	994
124	179
124	289
125	963
126	131
126	527
127	131
128	195
130	366
131	132
131	181
131	975
132	574
133	137
134	138
134	137
134	594
134	747
134	754
135	895
135	928
136	414
136	991
137	139
137	965
138	477
138	441
139	582
140	142
140	143
140	332
140	945
141	186
141	142
141	886
141	596
142	144
142	145
142	911
145	972
146	281
147	160
147	150
147	591
147	744
147	991
148	150
148	182
148	822
149	152
149	151
149	153
149	287
149	865
150	299
152	153
152	943
153	789
154	158
155	250
155	156
156	158
157	878
158	276
158	585
159	191
159	308
159	873
160	790
161	304
161	165
162	164
163	164
163	166
164	167
164	714
165	724
165	631
166	997
168	171
168	589
168	562
168	626
169	174
169	170
169	171
169	965
170	173
171	172
172	207
172	648
173	415
173	602
174	381
175	178
175	533
176	180
176	605
176	915
177	260
177	998
178	181
179	181
179	899
181	290
181	672
182	183
182	186
182	447
182	906
183	590
183	593
184	185
184	924
185	187
185	683
186	829
186	850
187	188
188	762
189	194
190	192
191	250
191	192
191	195
191	813
192	202
193	194
196	197
196	202
196	198
196	714
197	202
197	198
198	202
198	549
199	201
199	200
200	201
203	208
203	730
203	801
204	209
204	205
204	206
204	532
205	572
206	909
207	209
207	777
207	910
210	288
210	212
210	839
211	215
212	215
212	236
213	216
214	216
215	329
216	691
217	219
217	440
218	220
218	221
218	223
218	840
219	352
219	651
219	776
222	223
222	960
223	877
224	227
224	228
225	226
226	227
226	672
226	563
226	731
227	359
228	750
229	321
229	566
230	393
230	782
231	232
232	237
233	271
233	237
233	754
234	235
234	568
238	244
239	240
239	241
239	605
240	243
240	698
241	244
241	361
241	636
241	786
242	244
242	694
242	926
244	791
245	251
245	248
245	341
246	249
246	827
247	251
249	250
249	635
249	687
250	410
250	376
252	257
252	944
253	302
253	644
254	272
254	797
254	661
254	778
255	256
255	973
256	258
256	748
257	523
257	630
258	926
259	263
259	471
260	327
260	338
260	898
261	265
262	377
262	928
263	468
263	264
264	463
264	474
265	337
265	573
266	267
266	268
266	270
267	269
268	269
269	370
269	871
269	781
270	767
271	416
271	571
271	901
273	279
273	275
274	499
274	278
276	277
276	279
280	286
281	285
281	283
281	804
282	286
282	824
283	286
283	925
284	285
284	550
284	592
285	286
285	421
286	514
287	298
287	867
288	291
288	293
288	529
289	893
290	610
291	786
291	963
292	466
292	803
293	698
294	354
295	299
296	420
296	626
297	299
297	889
297	781
298	859
298	833
298	896
300	406
301	503
301	450
301	809
301	608
302	303
302	887
302	597
303	304
303	305
303	715
304	307
306	387
306	768
307	333
308	952
309	315
309	314
310	313
310	311
312	314
312	547
312	535
313	351
313	759
314	481
315	821
315	591
316	321
317	323
317	321
317	384
317	565
318	319
318	558
319	320
319	413
320	726
320	855
320	691
321	322
322	330
322	705
324	331
324	327
324	815
325	328
325	331
325	727
326	396
326	868
327	588
327	863
327	770
330	707
330	997
332	334
332	847
335	339
335	502
336	338
336	751
337	339
337	945
338	895
339	774
339	871
340	342
341	345
341	648
341	526
342	343
342	892
342	623
344	378
344	556
344	554
345	347
345	473
346	504
348	350
348	799
349	351
349	354
349	971
350	355
351	360
351	454
351	939
352	353
352	697
353	574
355	773
355	998
356	360
357	363
358	362
358	430
359	452
359	843
360	904
361	363
362	874
363	410
364	365
365	413
365	369
365	448
365	669
365	855
366	369
366	466
368	369
368	969
368	819
369	444
372	373
372	378
372	446
374	379
374	667
375	379
375	717
376	932
377	846
378	379
379	881
380	384
381	383
381	927
382	387
383	385
383	813
384	386
385	387
385	655
385	591
386	620
387	449
388	392
388	512
388	583
389	394
389	809
390	392
390	443
390	490
391	396
391	835
393	470
393	395
393	843
394	396
394	600
395	477
396	511
397	402
397	897
397	529
397	885
398	400
398	658
398	697
399	405
399	401
400	401
400	405
400	808
402	404
402	403
402	677
402	806
404	405
404	845
406	441
406	408
407	411
409	411
409	806
409	678
410	411
410	813
411	412
411	791
413	864
415	543
416	423
416	419
416	927
417	422
417	418
419	460
420	771
421	422
421	902
422	909
423	475
425	429
425	426
426	671
427	430
427	723
428	429
428	431
431	988
431	717
432	683
434	439
434	521
435	442
435	545
436	438
436	632
436	825
437	442
438	439
438	442
438	740
442	725
443	783
444	452
445	450
445	946
445	948
445	661
446	539
450	495
451	452
451	675
452	617
452	609
453	460
453	457
454	462
455	457
455	456
455	851
456	821
457	461
458	463
459	460
459	577
461	621
464	505
464	695
464	673
465	470
465	519
465	768
467	474
467	680
468	469
468	851
469	471
469	470
469	919
471	658
472	914
475	479
475	484
476	478
476	483
477	479
477	485
477	491
478	482
478	480
480	482
480	667
483	801
485	694
485	996
485	637
486	489
486	695
487	492
488	490
488	489
488	542
489	494
489	983
490	493
491	497
491	579
492	498
492	872
494	496
495	817
499	514
499	908
500	502
500	503
500	976
501	505
505	512
506	509
507	515
507	520
508	518
508	510
508	635
509	512
511	585
511	674
512	515
512	876
512	924
513	518
513	516
517	518
517	735
518	907
519	677
521	831
521	757
521	842
521	627
521	908
521	722
522	616
522	929
522	890
522	939
522	987
522	637
523	778
523	833
523	679
523	710
523	820
523	929
523	538
524	969
524	962
524	874
524	899
524	852
524	950
524	640
524	528
524	886
525	750
525	914
525	555
525	657
525	783
525	837
525	574
525	958
525	813
525	653
525	865
526	757
526	848
526	572
526	879
526	699
526	889
527	711
527	931
527	928
527	844
527	753
527	773
527	669
528	978
528	542
528	657
528	818
528	604
528	995
528	858
528	869
529	739
529	930
529	983
529	681
529	699
529	772
529	809
530	662
530	814
530	755
530	587
530	837
530	896
530	673
530	883
531	690
531	547
531	902
531	746
531	799
531	881
531	905
531	987
531	978
532	815
532	767
532	933
532	912
532	846
532	692
532	564
532	724
533	982
533	596
533	870
533	955
533	953
533	626
533	863
533	609
533	978
533	601
533	972
533	983
533	888
533	894
533	970
533	575
533	875
534	642
534	556
534	709
534	596
535	816
535	616
535	603
535	949
535	538
535	771
535	934
535	932
536	623
536	964
536	778
536	977
536	986
537	918
537	723
537	710
537	765
537	781
537	802
537	744
538	650
538	677
538	897
538	696
538	641
538	990
538	614
538	662
538	839
539	955
539	878
539	951
539	699
539	682
539	704
539	748
539	587
540	884
540	709
540	941
540	648
540	602
540	753
540	956
540	943
541	818
541	828
541	961
541	687
541	721
541	951
541	668
541	807
541	641
542	928
542	799
542	996
542	971
542	643
542	722
542	561
542	747
542	775
542	919
542	866
543	567
543	778
543	831
543	853
543	835
543	715
543	587
543	700
543	916
543	969
544	703
544	669
544	751
544	963
544	835
544	660
544	868
544	615
544	575
545	786
545	720
545	944
545	703
545	847
545	655
545	785
546	816
546	630
546	720
546	889
546	898
546	954
546	873
546	958
546	713
546	723
546	631
547	865
547	846
547	758
547	560
547	948
547	690
547	872
547	685
548	685
548	751
548	980
548	640
548	885
548	784
548	899
548	884
548	962
548	988
548	929
548	795
548	874
549	705
549	608
549	944
549	923
549	908
549	820
549	893
549	747
549	691
550	971
550	776
550	570
550	888
550	683
550	757
550	840
550	848
550	721
551	612
552	779
552	654
552	709
552	978
552	798
552	660
553	574
553	571
553	881
553	876
553	618
553	726
553	987
553	929
554	789
554	778
554	834
554	879
554	600
555	609
555	784
555	944
555	925
555	958
555	984
555	567
555	736
556	905
556	583
556	588
556	833
556	941
556	627
556	928
556	768
556	630
556	976
557	974
557	750
557	879
557	600
557	743
557	858
557	578
557	997
557	848
558	746
558	775
558	919
558	777
558	566
558	600
558	732
559	688
559	798
559	988
559	757
559	822
559	571
559	630
559	567
559	777
559	594
559	796
559	851
560	569
560	693
560	952
560	590
560	914
560	863
561	911
561	863
561	954
561	937
561	670
561	727
561	876
561	981
561	633
561	826
562	844
562	617
562	586
562	804
562	785
562	786
562	675
562	880
562	594
562	815
562	994
563	921
563	728
563	756
563	760
563	914
564	621
564	811
564	883
564	808
564	690
564	806
564	687
564	715
564	843
564	991
564	929
564	787
565	598
565	966
565	745
565	961
565	715
565	736
565	788
565	898
565	996
566	771
566	678
566	939
566	831
566	578
567	700
567	743
567	705
567	602
567	898
567	974
567	638
567	666
568	953
568	907
568	823
568	667
568	754
568	598
568	587
568	949
568	617
568	619
568	597
568	749
568	603
569	951
569	751
569	824
569	934
569	958
569	636
569	805
569	927
569	954
569	780
570	908
570	830
570	995
570	702
570	784
570	849
570	606
570	945
570	900
571	957
571	767
571	834
571	766
572	721
572	686
572	922
572	598
572	611
572	769
572	968
572	818
573	976
573	658
573	930
573	691
573	876
573	713
573	772
573	883
574	753
574	858
574	950
574	926
574	961
574	711
574	801
574	692
575	706
575	633
575	597
575	956
575	921
575	719
575	614
575	804
575	952
575	877
575	818
575	640
576	815
576	609
576	661
576	781
576	686
576	970
576	877
576	737
576	885
577	800
577	686
577	738
577	965
577	789
578	763
578	782
578	987
578	934
578	787
578	909
579	725
579	713
579	789
579	691
579	749
579	664
579	984
579	785
580	874
580	899
580	677
580	921
580	664
580	758
580	894
580	967
580	918
580	656
581	759
581	678
581	649
581	818
581	647
581	906
582	804
582	703
582	642
582	681
582	913
582	628
582	659
583	850
583	956
583	817
583	655
583	735
583	902
583	979
583	677
583	703
583	887
583	598
583	835
583	616
583	639
584	888
584	722
584	697
584	767
584	855
584	601
584	912
585	998
585	696
585	971
585	948
585	659
585	941
585	989
585	841
585	601
585	808
585	787
586	741
586	860
586	989
586	946
586	874
586	839
586	951
586	950
587	983
587	837
587	635
587	691
587	990
587	813
587	884
587	731
588	674
588	827
588	711
588	851
588	865
588	854
588	778
588	699
588	723
588	734
588	812
589	841
589	961
589	985
589	872
589	750
589	959
589	813
590	733
590	877
590	842
590	913
590	845
590	924
590	806
590	767
590	825
590	721
590	764
590	929
590	686
590	865
590	979
591	803
591	787
591	663
591	716
591	856
591	701
592	660
592	973
592	821
592	855
592	756
592	734
592	749
592	741
593	859
593	927
593	615
593	970
593	865
593	930
594	722
594	625
594	728
594	708
594	698
594	817
594	693
594	666
595	647
595	667
595	789
595	795
595	879
595	644
595	618
596	669
596	938
596	986
596	605
596	845
596	769
597	736
597	740
597	897
597	602
597	922
597	620
597	658
597	931
597	843
598	826
598	878
598	978
598	784
598	628
598	974
598	668
598	748
599	695
599	897
599	654
599	750
599	781
599	933
599	830
599	815
599	840
599	929
599	741
600	786
600	973
600	842
601	696
601	875
601	951
601	974
601	604
601	646
601	947
601	854
601	901
602	621
602	891
602	872
602	820
602	634
602	734
602	652
602	807
602	680
602	784
603	956
603	840
603	966
603	803
603	989
603	853
603	863
604	915
604	732
604	892
604	821
604	801
604	688
604	619
604	691
604	722
604	880
604	649
605	756
605	720
605	607
605	981
605	754
605	972
605	799
605	874
605	953
606	998
606	756
606	825
606	988
606	669
606	637
606	942
606	849
607	774
607	807
607	613
607	784
607	825
607	803
607	955
607	839
607	933
608	711
608	924
608	934
608	972
608	619
608	943
608	958
609	711
609	826
609	738
609	918
609	699
609	893
610	917
610	906
610	982
610	908
610	867
610	629
610	710
610	963
610	996
610	614
610	790
610	763
610	807
611	776
611	673
611	696
611	934
611	752
611	866
611	650
611	687
612	793
612	624
612	864
612	935
612	712
613	910
613	887
613	737
613	641
613	670
613	858
613	692
613	816
614	991
614	639
614	982
614	678
614	814
614	881
614	757
614	916
614	640
615	709
615	883
615	684
615	884
615	964
615	822
615	895
615	815
615	816
615	926
615	728
615	991
616	774
616	919
616	644
616	973
616	835
616	775
616	955
616	653
616	818
616	733
616	679
617	698
617	971
617	764
617	667
617	745
617	628
617	725
618	850
618	902
618	744
618	950
618	770
618	964
618	783
619	641
619	828
619	772
619	909
620	919
620	635
620	957
620	705
620	951
620	638
620	660
621	958
621	920
621	853
621	965
621	736
621	977
621	674
621	685
621	997
621	883
621	952
621	785
621	820
621	792
621	938
622	982
622	691
622	945
622	719
622	714
622	866
622	948
622	988
622	744
622	766
622	805
622	962
623	929
623	754
623	776
623	688
623	802
623	705
623	967
623	670
623	839
623	823
624	903
624	935
624	794
625	710
625	909
625	686
625	729
625	628
625	728
625	694
626	657
626	862
626	901
626	984
626	695
626	716
626	721
626	727
626	894
626	656
626	749
626	745
627	977
627	930
627	796
627	724
627	832
627	841
627	981
627	908
627	665
627	890
628	867
628	979
628	709
628	678
628	647
628	716
628	893
628	860
629	985
629	721
629	805
629	849
629	639
629	999
629	992
629	785
630	820
630	985
630	744
630	790
630	861
630	972
630	968
631	941
631	687
631	869
632	742
632	773
632	751
632	981
632	868
632	986
632	922
633	861
633	825
633	674
633	849
633	928
633	772
633	782
633	786
634	995
634	673
634	890
634	964
634	932
634	718
634	661
635	807
635	693
635	904
635	651
636	697
636	988
636	752
636	957
636	867
636	884
637	918
637	743
637	773
637	796
637	866
637	851
637	992
637	668
638	779
638	755
638	859
638	855
638	899
638	949
639	990
639	670
639	688
639	684
639	885
640	987
640	670
640	678
640	932
640	705
640	819
640	918
640	796
641	891
641	744
641	873
641	841
641	960
641	988
641	982
641	783
642	993
642	972
642	698
642	914
642	743
642	978
642	821
642	862
643	994
643	779
643	875
643	869
643	927
643	818
644	840
644	887
644	723
644	730
644	645
644	773
645	653
645	707
645	921
645	655
645	789
645	683
646	974
646	703
646	687
646	845
646	959
646	654
646	818
646	842
646	992
647	922
647	696
647	967
647	900
647	952
647	971
647	709
648	713
648	679
648	751
649	827
649	818
649	675
649	908
650	809
650	963
650	750
650	945
650	862
651	838
651	868
651	700
651	791
651	724
651	831
652	722
652	829
652	655
652	900
652	840
652	759
653	966
653	720
653	887
653	835
653	980
653	899
653	922
653	702
654	881
654	781
654	782
654	716
654	792
654	685
654	953
654	832
655	905
655	940
655	783
655	911
655	898
655	687
655	662
655	804
656	892
656	934
656	686
656	800
656	861
656	839
657	826
657	966
657	851
657	706
657	898
657	667
657	909
658	743
658	761
658	786
658	792
658	670
658	671
659	958
659	790
659	823
660	896
660	815
660	859
660	771
660	976
660	679
660	775
661	810
661	786
661	750
661	835
661	831
662	754
662	993
662	723
662	700
662	717
662	667
662	915
662	891
662	950
662	838
663	876
663	752
663	747
663	809
663	880
663	915
663	810
663	700
663	913
664	848
664	861
664	733
664	921
664	996
664	684
665	865
665	728
665	789
665	945
665	743
665	911
666	885
666	904
666	925
666	996
666	892
666	799
666	841
666	800
667	916
667	966
667	822
667	768
668	804
668	847
668	933
668	950
668	981
668	868
668	763
668	849
668	905
669	994
669	957
669	980
669	729
669	750
669	696
669	901
669	878
670	739
670	691
670	841
670	741
670	747
670	952
670	891
670	942
670	790
670	786
670	753
671	992
671	808
671	962
671	747
671	682
671	834
671	852
672	780
672	897
672	828
672	846
672	782
673	734
673	876
673	943
673	719
673	927
673	741
674	920
674	901
674	950
674	724
674	984
675	980
675	901
675	691
675	701
675	797
675	764
675	743
676	700
676	743
676	925
676	899
676	976
676	755
677	996
677	802
677	696
677	995
677	902
677	786
677	920
677	904
678	703
678	748
678	951
678	716
678	758
678	853
678	926
679	902
679	845
679	958
679	919
679	681
679	686
679	769
679	710
680	982
680	758
680	889
680	913
680	734
680	872
680	753
681	982
681	992
681	804
681	781
681	999
682	996
682	774
682	911
682	810
682	973
682	922
683	875
683	820
683	746
683	708
684	994
684	839
684	974
684	848
684	807
684	708
684	999
685	838
685	991
685	890
685	710
685	755
685	844
685	706
685	797
686	950
686	917
686	928
686	823
686	959
686	819
686	981
687	979
687	968
687	989
687	839
687	901
688	740
688	961
688	870
688	764
688	743
688	964
688	747
688	778
689	793
689	864
689	712
690	831
690	956
690	936
691	820
691	930
691	762
691	819
691	726
691	715
692	724
692	783
692	892
692	818
692	998
692	837
693	839
693	906
693	933
693	815
693	891
693	945
693	898
693	958
694	890
694	767
694	744
694	701
694	924
694	848
694	927
694	778
694	959
695	919
695	995
695	764
695	888
695	943
695	832
696	806
696	871
696	781
696	840
696	763
696	869
697	815
697	753
697	768
698	735
698	870
698	841
698	916
698	908
698	973
698	941
699	947
699	886
699	928
699	965
699	780
699	800
700	977
700	952
700	938
701	876
701	852
701	846
702	755
702	932
702	930
702	887
702	767
702	889
702	715
703	918
703	773
703	796
703	797
704	833
704	757
704	931
704	772
704	870
705	955
705	767
705	932
705	895
705	879
705	957
706	829
706	735
706	764
706	925
706	779
706	811
706	990
707	937
707	716
707	845
707	941
708	990
708	842
708	951
708	731
708	976
708	909
709	895
709	849
709	994
709	748
709	887
709	733
709	966
709	964
709	875
710	970
710	962
710	854
710	882
710	819
710	915
711	965
711	744
711	765
711	754
711	788
711	920
711	970
711	881
711	863
712	864
712	793
712	903
713	912
713	873
713	784
713	822
713	734
714	799
714	937
714	898
714	907
715	737
715	773
715	770
715	958
715	982
715	897
715	902
716	877
716	718
716	802
716	768
716	767
716	969
716	959
716	846
717	735
717	908
717	848
717	749
717	861
717	837
717	852
717	810
718	770
718	888
718	784
718	873
718	779
718	826
718	923
719	796
719	996
719	938
719	721
720	722
720	814
720	965
720	842
720	817
721	805
721	946
721	855
721	922
721	803
721	847
721	890
721	951
722	921
722	826
722	975
722	751
722	759
722	995
722	835
723	997
723	943
723	745
723	816
723	944
723	813
723	849
723	918
723	967
724	946
724	730
724	771
724	795
724	916
724	883
724	955
724	896
724	789
725	777
725	768
725	980
725	970
725	854
725	996
725	873
725	898
725	798
725	918
725	984
726	764
726	871
726	891
727	892
728	753
728	877
728	937
728	879
729	966
729	768
729	870
729	760
729	811
729	956
730	934
730	807
730	838
730	920
730	921
731	879
731	733
732	833
732	836
732	932
732	952
733	858
733	880
733	932
733	904
733	949
733	746
733	934
733	888
734	769
734	748
734	998
734	929
734	874
734	882
734	869
735	872
735	888
735	783
735	835
735	804
735	869
735	937
736	771
736	790
736	950
736	807
736	798
736	923
737	763
737	970
737	982
737	910
738	955
738	881
738	785
738	741
738	782
738	933
739	769
739	838
739	788
740	811
740	873
741	783
741	876
741	878
741	835
741	746
741	871
742	952
742	933
742	856
742	814
742	855
742	889
742	854
742	978
742	957
742	955
742	977
743	898
743	776
743	798
743	953
743	962
744	897
744	957
744	817
744	835
744	926
744	836
744	940
744	831
744	883
744	928
744	762
744	809
744	766
745	807
745	905
745	929
746	967
746	963
746	984
746	893
746	765
746	989
746	931
746	851
746	837
747	856
747	799
747	852
747	835
747	825
747	877
747	763
747	748
748	831
748	776
748	908
749	813
749	965
749	920
749	992
749	815
749	938
749	873
749	817
749	882
750	837
750	898
750	822
750	814
750	842
750	782
750	980
751	933
751	855
752	913
752	980
752	759
752	916
753	929
753	999
753	887
753	821
753	907
753	908
754	784
754	782
754	941
754	917
754	879
754	940
755	835
755	988
755	767
756	912
756	983
756	764
756	961
756	823
756	779
756	904
757	975
757	883
757	943
757	781
758	769
758	819
758	877
758	822
758	957
758	826
759	816
759	808
759	973
759	915
759	762
759	921
760	948
760	902
760	983
760	932
760	825
760	914
760	816
761	925
761	994
761	964
761	876
761	822
762	865
762	867
762	929
762	803
762	805
762	765
763	892
763	860
764	876
764	870
764	911
764	958
764	824
764	851
765	855
765	988
765	875
765	841
765	982
766	804
766	890
766	816
767	923
767	960
767	787
767	898
767	845
768	917
768	841
768	845
768	815
768	874
768	958
769	892
769	895
769	816
770	891
770	883
770	865
770	804
770	851
770	832
770	941
770	835
771	881
772	847
772	857
772	883
772	837
772	902
772	941
772	836
773	841
773	940
774	959
774	885
774	869
774	898
774	925
774	868
774	970
774	850
774	984
775	892
775	836
775	889
775	821
775	816
775	807
775	878
776	784
776	811
776	963
776	798
777	974
777	880
777	954
777	825
777	996
777	832
778	804
778	863
778	870
778	796
778	800
779	825
779	862
779	855
779	788
779	940
779	783
779	961
779	877
780	799
780	828
780	878
780	920
780	995
780	985
781	812
781	905
781	881
782	991
782	865
782	944
783	852
783	963
783	847
784	948
784	969
784	878
784	963
784	955
784	849
784	836
785	944
785	993
785	956
785	826
785	934
786	863
786	797
786	915
786	820
787	869
787	997
787	806
787	961
788	911
788	866
788	879
788	983
789	936
789	805
790	828
790	927
790	891
791	926
791	911
791	981
791	799
792	796
792	973
792	952
793	903
793	864
794	903
794	864
794	935
794	937
795	958
795	950
795	956
795	909
795	930
796	822
797	934
797	804
797	883
798	943
798	942
798	920
799	968
799	885
799	995
799	861
800	814
800	916
800	871
800	828
800	852
800	919
801	880
801	844
801	924
801	819
802	848
803	990
803	853
803	967
803	963
803	989
804	943
804	980
804	836
805	917
805	890
805	889
805	814
806	999
806	867
806	861
806	920
806	937
807	978
807	823
807	959
808	820
808	934
809	932
809	832
810	852
810	868
810	965
810	958
810	967
811	881
811	978
811	913
812	902
812	983
814	897
814	828
814	914
814	970
815	973
815	832
815	861
816	888
816	974
816	916
816	997
817	924
817	989
817	927
818	977
818	893
818	985
818	941
818	933
818	856
819	892
819	953
819	966
820	890
820	913
820	919
820	959
820	909
821	946
821	934
821	854
821	944
821	896
822	966
822	944
822	823
822	861
823	874
823	850
824	831
824	985
824	830
825	893
825	950
826	888
826	974
826	998
826	863
826	944
826	982
826	871
827	924
827	952
827	963
828	985
828	846
828	930
828	859
829	896
829	857
829	904
829	861
830	870
830	835
831	883
831	885
831	924
831	838
831	986
832	857
832	978
832	993
833	880
834	887
834	882
835	894
836	999
836	962
836	887
837	862
837	841
838	877
838	973
838	940
838	944
838	848
839	871
839	937
839	855
839	951
839	885
840	896
840	980
840	945
840	984
840	894
840	905
841	993
841	965
841	951
841	924
843	881
843	918
843	970
844	870
844	921
844	855
844	846
844	947
844	988
844	902
845	947
846	900
846	990
846	996
847	979
847	936
847	899
848	982
848	895
848	952
848	936
849	983
849	994
849	870
849	869
850	950
850	968
851	985
851	998
852	915
852	978
852	966
852	858
853	914
853	999
854	972
854	886
854	895
854	941
854	983
855	868
855	881
855	856
855	979
855	896
856	887
856	884
856	954
857	946
857	861
857	958
858	955
858	971
858	951
860	938
860	924
860	908
860	890
861	929
861	991
861	913
861	969
861	939
862	987
862	890
862	909
863	924
863	911
863	896
864	903
865	993
865	971
865	915
865	867
866	975
867	986
867	934
867	950
867	894
867	943
868	969
868	964
868	894
869	948
870	966
870	986
871	912
872	880
872	982
872	876
874	886
874	957
875	891
875	988
875	882
875	898
876	913
876	969
877	897
877	917
878	902
879	889
879	997
879	896
880	937
880	993
881	892
881	923
882	899
882	886
883	886
883	889
884	921
884	993
885	959
885	906
885	930
886	953
886	983
886	942
886	946
887	990
887	891
887	999
888	961
888	949
888	962
888	995
888	966
888	990
888	950
890	899
890	891
890	917
890	946
890	995
891	958
891	900
891	919
891	928
891	902
891	920
892	967
892	930
893	995
893	982
893	906
895	967
895	906
895	984
895	936
896	978
896	982
900	901
900	989
901	983
901	939
901	940
903	935
904	916
904	995
906	949
906	918
906	929
907	952
908	933
909	940
909	920
911	970
911	922
911	961
912	947
912	989
912	972
913	975
913	979
914	951
914	926
914	923
916	969
916	919
917	940
917	947
918	966
919	941
919	961
920	989
921	952
921	923
921	988
922	957
925	988
925	998
925	974
925	955
926	939
926	980
927	969
927	942
929	964
932	960
937	958
938	960
940	974
942	957
942	960
942	995
944	960
946	994
948	949
948	980
948	995
951	953
951	995
951	986
952	999
952	997
953	981
954	982
958	966
959	983
962	996
962	988
965	972
967	974
970	976
970	977
971	999
972	986
973	992
973	979
976	999
976	987
979	990
979	995
991	998
