0	759
0	944
0	973
0	101
0	31
0	855
1	965
1	791
1	762
1	727
1	49
1	844
1	923
1	998
1	445
2	942
2	982
2	836
2	766
2	894
2	356
2	838
3	994
3	907
3	743
3	997
3	958
3	205
3	466
3	363
3	57
3	360
4	778
4	866
4	952
4	838
4	833
4	739
4	969
5	825
5	980
5	786
5	806
6	811
6	712
6	731
6	924
6	773
6	629
7	8
7	9
7	12
7	13
7	11
7	509
7	281
7	517
7	521
7	518
8	13
8	9
8	10
8	520
8	280
8	510
8	508
8	974
8	881
9	521
9	515
9	519
9	513
9	508
9	281
9	13
9	507
10	280
10	519
10	508
10	521
10	13
10	524
10	275
10	248
11	519
11	520
11	12
11	275
11	522
11	517
11	280
11	507
11	509
12	13
12	275
12	522
12	524
12	510
12	521
12	520
12	971
13	513
13	520
13	511
13	508
13	571
14	16
14	15
14	17
14	19
14	20
15	20
15	19
15	921
15	916
15	675
15	18
16	17
16	19
16	20
17	18
18	20
18	355
18	836
18	19
18	860
18	682
19	424
20	232
21	261
21	259
21	263
21	262
21	552
22	23
22	264
22	25
22	27
22	260
22	26
22	24
22	265
23	25
23	27
23	265
23	26
23	260
23	264
23	24
23	610
24	26
24	27
24	265
24	260
24	264
24	393
24	617
25	27
25	260
25	264
25	265
25	298
26	27
26	260
26	264
26	633
26	393
27	264
27	260
27	599
27	92
28	50
28	839
28	789
28	851
28	449
28	993
28	767
28	919
28	716
28	709
29	34
29	794
29	885
29	813
29	812
29	51
30	909
30	946
30	824
30	762
30	801
30	955
31	101
31	944
31	973
32	708
32	906
32	876
32	889
32	137
33	702
33	701
33	734
33	849
33	901
33	880
33	314
33	995
33	177
33	819
34	962
34	794
34	51
34	904
34	845
35	172
35	138
35	567
35	571
35	927
36	41
36	40
36	180
37	39
37	139
37	168
38	401
38	580
38	134
39	139
39	566
40	41
40	229
42	45
42	266
42	273
42	268
42	43
42	157
42	46
42	44
42	421
42	145
43	46
43	44
43	158
43	268
43	159
43	270
43	419
43	266
43	152
44	48
44	160
44	155
44	267
44	156
44	87
45	48
45	271
45	269
45	157
45	272
45	46
45	159
45	154
45	645
46	48
46	47
46	159
46	155
46	271
46	420
46	160
47	155
47	157
47	271
47	48
47	269
47	537
47	793
47	545
48	271
48	273
48	531
48	95
48	608
49	998
49	931
49	801
49	727
49	769
49	706
49	788
50	896
50	895
50	993
50	937
50	449
50	851
50	733
50	823
50	776
51	885
51	812
51	962
51	794
51	813
51	850
52	705
52	989
52	820
52	966
52	936
52	792
52	735
52	981
52	816
53	963
53	803
53	949
53	998
53	955
54	988
54	205
54	208
54	829
54	204
54	997
54	103
54	466
54	362
54	207
54	934
54	459
54	97
54	787
55	767
55	937
55	993
55	919
55	895
55	452
55	709
55	716
55	823
56	60
56	878
56	872
56	809
56	983
56	956
56	783
56	802
56	117
57	859
57	881
57	757
57	978
57	814
57	714
57	387
57	971
57	854
57	454
58	59
58	892
58	726
58	391
58	322
59	726
59	892
59	127
60	61
60	802
60	972
60	725
60	918
60	878
60	917
60	422
60	94
61	872
61	983
61	956
61	915
61	765
61	985
61	914
61	900
61	783
62	764
62	913
62	984
62	732
62	740
62	418
62	811
62	425
63	67
63	498
63	68
63	496
63	501
63	64
63	488
63	499
63	489
63	486
64	69
64	485
64	486
64	489
64	501
64	581
64	500
64	487
64	552
65	413
65	414
66	503
66	493
66	184
67	68
67	499
67	498
67	504
67	69
67	488
67	572
68	484
68	487
68	499
68	489
68	494
68	498
68	496
69	485
69	491
69	497
69	501
69	488
69	581
69	551
70	72
70	71
70	75
70	74
70	770
71	73
71	74
71	72
71	75
71	223
71	212
72	74
72	73
72	75
72	76
72	926
73	75
73	76
73	74
73	408
74	76
74	938
74	759
75	76
75	979
76	223
76	679
77	80
77	258
77	470
77	81
78	80
78	468
78	258
78	81
79	256
79	254
79	252
79	82
79	483
79	473
80	83
80	258
80	468
80	472
80	81
81	472
81	470
81	83
81	468
82	257
82	474
82	254
82	256
82	253
82	252
83	258
83	470
83	306
84	528
84	532
84	542
84	533
84	527
84	153
84	148
84	330
84	149
84	151
84	546
84	804
85	544
85	373
85	372
85	302
85	301
86	90
86	547
86	540
86	548
86	535
86	526
86	896
86	668
87	545
87	531
87	549
87	152
87	150
88	540
88	548
88	535
88	90
88	231
88	526
88	621
88	547
88	554
89	539
89	538
89	529
89	534
89	374
89	530
89	371
89	536
89	369
90	548
90	540
90	547
90	535
90	526
90	174
90	774
91	94
91	93
91	97
91	92
91	240
91	96
91	132
92	97
92	94
92	96
93	387
93	97
93	95
93	233
93	136
94	95
94	97
95	96
95	97
95	239
95	982
96	97
96	237
96	356
96	542
97	978
98	100
98	949
98	751
98	946
98	909
98	750
98	706
98	955
99	104
99	935
99	998
99	724
99	923
99	788
99	750
100	104
100	965
100	445
100	955
100	788
100	949
100	769
100	801
100	890
101	759
101	469
101	478
102	858
102	705
102	920
102	989
102	820
102	817
102	968
103	774
103	905
103	988
103	829
103	951
103	997
103	891
103	209
103	768
103	934
103	994
103	458
103	707
103	464
104	903
104	751
104	771
104	998
104	769
104	727
105	109
105	110
106	108
106	111
106	107
106	249
107	108
107	111
107	249
108	111
108	245
109	110
110	195
111	248
112	113
112	432
112	117
112	287
112	429
112	439
112	114
112	118
112	436
112	725
113	118
113	433
113	428
113	438
113	117
113	432
113	797
113	915
113	431
114	118
114	431
114	435
114	429
114	117
114	797
114	914
114	424
114	878
115	116
115	434
115	732
115	764
115	976
115	950
116	950
116	740
116	282
116	732
116	434
117	433
117	430
117	432
117	986
117	765
117	878
118	433
118	439
118	872
118	783
118	285
118	815
118	809
119	125
119	124
119	415
119	122
119	407
119	187
119	400
119	197
119	131
119	196
120	125
120	399
120	403
120	398
120	394
120	188
120	415
120	405
120	123
120	185
121	404
121	122
121	124
121	399
121	125
121	188
121	407
121	405
121	412
121	403
122	123
122	400
122	399
122	407
122	124
122	185
122	125
122	129
123	403
123	400
123	405
123	415
123	404
123	399
123	407
123	199
124	399
124	403
124	394
124	125
124	409
124	407
124	188
125	397
125	394
125	403
125	400
125	198
126	197
126	198
126	129
126	200
126	241
126	131
126	409
126	133
126	242
127	128
127	201
127	200
127	187
127	410
127	199
127	403
127	404
127	239
128	200
128	130
128	131
128	406
128	202
128	201
128	199
128	239
128	627
129	131
129	198
129	196
129	199
129	202
129	130
129	242
129	201
130	131
130	200
130	202
130	398
130	188
130	198
130	196
130	242
131	404
131	242
131	236
131	239
131	199
132	244
132	366
132	814
133	183
133	135
133	136
133	170
134	401
134	182
134	137
134	550
134	580
135	136
135	183
135	170
136	170
136	183
137	401
137	182
137	580
137	565
137	583
138	172
138	777
138	946
139	168
139	566
139	561
139	554
139	850
140	612
140	145
140	194
140	640
140	616
140	143
140	637
140	626
140	634
140	485
141	146
141	630
141	143
141	635
141	626
141	614
141	608
141	616
141	618
141	597
142	596
142	587
142	594
142	602
143	145
143	144
143	608
143	622
143	605
143	634
143	612
143	408
144	618
144	637
144	608
144	600
144	590
144	640
144	612
144	189
144	234
145	146
145	600
145	352
145	630
145	622
145	618
145	978
146	634
146	614
146	635
146	605
146	191
146	608
146	632
147	153
147	151
147	148
147	467
147	333
147	546
147	533
147	527
147	532
147	528
148	149
148	426
148	153
148	151
148	527
148	532
148	546
148	528
149	151
149	153
149	332
149	528
149	532
149	533
149	338
150	152
150	531
150	537
150	545
150	549
151	153
151	532
151	533
151	534
151	527
151	546
152	531
152	549
152	154
153	335
153	546
153	532
153	533
153	542
154	158
154	156
154	267
154	160
154	272
154	157
154	269
154	352
155	158
155	271
155	267
155	268
155	156
155	160
155	549
156	159
156	266
156	267
156	273
156	158
156	160
156	269
157	267
157	158
157	272
157	268
157	427
157	545
158	159
158	272
158	273
158	270
158	266
159	270
159	272
159	160
159	268
159	269
160	267
160	268
160	270
160	266
161	167
161	165
161	162
161	166
161	164
161	179
161	163
161	392
161	635
162	167
162	164
162	165
162	163
162	166
162	631
163	164
163	165
163	166
163	180
163	181
163	178
164	165
164	166
164	167
165	166
165	167
166	167
167	196
168	555
168	561
168	566
168	579
169	396
169	186
169	174
169	324
169	688
170	183
170	768
171	173
171	395
171	408
171	325
171	328
172	567
172	568
172	571
173	395
173	325
173	408
173	326
174	186
174	411
174	396
174	324
175	176
175	342
176	339
177	345
178	179
178	181
178	180
179	181
179	180
180	181
182	401
182	562
182	550
182	804
184	503
184	493
185	187
185	407
185	397
185	406
185	402
185	409
185	202
185	404
186	396
186	411
186	324
186	230
186	717
187	188
187	412
187	406
187	402
187	405
187	400
187	197
188	405
188	410
188	398
188	397
188	399
188	892
189	194
189	190
189	191
190	191
190	194
190	591
191	194
192	193
192	195
193	195
195	382
196	200
196	199
196	405
196	409
196	410
197	200
197	202
197	199
197	400
197	406
197	402
197	243
198	200
198	199
198	397
198	239
198	201
198	398
199	202
199	241
200	202
200	201
200	242
201	202
201	405
201	415
201	398
201	410
202	403
202	243
203	932
203	865
203	461
203	853
204	207
204	205
204	206
204	787
204	891
204	768
204	743
204	934
205	207
205	206
205	208
205	951
205	829
205	718
206	207
206	209
206	787
206	774
206	958
206	934
206	881
206	970
207	209
207	905
207	994
207	208
207	934
207	859
208	209
208	951
208	994
208	787
208	891
208	357
208	462
209	768
209	718
209	994
209	787
209	988
209	457
210	211
210	214
210	212
210	216
210	215
210	512
210	505
210	213
210	358
211	216
211	213
211	506
211	274
211	212
211	512
211	505
211	365
211	855
212	216
212	213
212	214
212	215
212	274
212	277
213	216
213	512
213	274
213	214
213	349
214	215
214	216
214	512
214	455
214	466
215	216
215	506
215	277
215	276
215	460
215	650
216	512
216	276
216	505
216	673
217	220
217	222
217	218
217	263
218	220
218	222
218	261
218	551
219	742
219	847
219	898
220	222
220	262
221	922
221	779
221	947
221	349
222	261
223	979
223	770
224	228
224	225
224	230
224	396
225	230
225	228
225	411
226	229
226	227
227	229
228	230
228	396
231	233
231	236
231	349
231	235
231	234
231	237
231	280
232	233
232	237
232	234
232	247
232	235
233	236
233	237
233	234
233	235
233	626
234	237
234	235
234	837
234	354
234	534
235	236
235	240
236	714
237	243
237	526
238	244
238	807
239	243
239	323
239	240
239	241
239	825
240	242
240	243
240	241
240	329
240	398
241	242
241	243
241	404
241	406
241	410
242	243
243	327
243	755
244	807
244	569
245	251
245	250
245	249
245	248
245	247
245	619
246	248
246	247
246	251
246	250
246	249
247	248
247	250
247	251
247	249
248	250
248	251
248	249
248	370
249	250
250	251
252	254
252	255
252	483
252	257
252	473
252	474
253	254
253	255
253	256
253	473
254	255
254	257
254	474
254	256
255	256
255	473
255	257
255	620
256	257
256	483
256	474
256	752
257	473
258	468
258	308
258	472
259	263
259	262
259	261
259	563
260	264
260	265
261	263
262	263
262	551
264	265
264	874
265	633
266	267
266	273
266	272
266	269
266	419
267	270
267	273
267	269
268	270
268	271
268	272
268	420
269	273
269	270
269	537
270	273
270	271
270	272
271	272
271	273
271	545
272	273
274	276
274	505
274	277
274	506
275	508
275	509
275	281
275	522
275	515
275	507
275	524
276	277
276	512
276	505
276	506
277	512
277	506
277	505
278	279
278	516
278	525
278	514
278	294
278	523
279	525
279	523
279	514
279	291
279	292
279	334
280	515
280	513
280	520
280	518
280	511
280	510
281	509
281	508
281	519
281	517
281	515
281	521
281	902
282	423
282	437
282	732
283	289
283	284
283	288
284	289
284	288
284	811
285	286
285	287
285	428
286	287
286	435
286	433
287	915
288	289
288	561
289	494
290	291
290	294
290	293
290	295
290	296
291	292
291	294
291	297
291	296
291	293
292	296
292	297
292	294
292	295
292	293
293	297
293	294
293	295
293	296
294	297
294	296
294	295
295	296
295	523
295	516
295	525
296	297
296	905
297	523
298	301
298	302
298	303
298	305
299	304
299	300
300	304
301	303
301	305
301	966
302	303
302	305
302	544
303	305
303	372
304	691
305	373
306	313
306	800
306	308
306	468
307	772
307	911
307	310
307	309
307	721
307	660
308	313
308	800
308	841
309	310
309	911
309	772
309	721
309	672
309	694
310	772
310	911
310	721
311	312
311	977
311	737
312	977
312	737
312	672
313	800
313	841
313	468
314	315
314	318
314	819
315	318
315	702
315	819
316	317
316	321
316	319
316	872
317	319
317	321
317	582
318	701
318	819
319	321
319	815
320	744
320	940
320	408
321	846
322	323
322	327
322	329
323	327
323	329
324	396
324	411
324	714
325	328
325	326
325	408
325	867
326	328
326	869
326	676
326	948
327	329
328	408
330	332
330	335
330	338
330	333
331	336
331	337
331	334
331	781
332	333
332	335
332	338
333	335
333	338
334	336
334	337
335	338
336	337
336	804
339	341
339	344
339	342
339	346
339	375
339	712
340	343
340	347
340	345
341	344
341	342
341	346
341	378
341	375
342	346
342	344
343	345
343	347
344	346
345	347
346	379
347	573
348	351
348	353
348	352
348	355
348	350
348	529
349	355
349	350
349	356
349	711
349	353
350	353
350	351
350	356
351	356
351	352
351	353
352	355
352	356
352	998
353	355
353	807
353	354
354	356
354	355
355	356
357	364
357	362
357	457
357	458
357	363
357	466
357	459
357	951
357	464
357	794
358	365
358	456
358	460
358	455
359	461
359	932
359	853
360	454
360	457
360	462
360	466
360	464
360	362
360	934
360	718
360	459
360	905
360	363
360	951
360	988
360	854
361	362
361	458
361	459
361	464
361	905
361	457
361	364
361	814
362	363
362	454
362	457
362	466
362	364
362	459
363	462
363	466
363	458
363	454
363	854
363	364
363	464
364	459
364	458
364	462
364	829
364	718
364	457
364	454
365	455
365	456
365	460
366	367
366	368
366	369
366	371
366	538
366	539
366	529
366	542
366	543
367	368
367	371
367	374
367	369
367	536
368	374
368	371
368	543
368	530
368	538
368	978
368	533
369	371
369	539
369	543
369	530
369	538
370	372
370	373
370	544
371	374
371	539
371	534
372	373
372	544
373	544
374	536
374	530
375	378
375	380
375	382
376	381
376	383
376	377
376	678
377	383
377	381
377	834
378	379
378	380
378	382
379	382
379	380
379	511
380	382
381	383
381	647
383	647
384	388
384	390
384	586
384	620
384	621
385	387
385	392
385	391
386	390
386	601
386	613
386	388
386	629
387	389
387	391
388	390
388	586
388	613
389	392
389	391
389	726
389	997
390	613
390	601
391	392
392	588
393	598
393	633
393	610
393	623
393	599
393	631
394	403
394	402
394	399
394	405
394	406
394	397
394	409
396	411
397	402
397	404
397	399
397	400
397	415
398	399
398	412
398	404
398	402
399	403
400	403
400	410
400	412
401	583
401	580
401	550
402	412
402	415
402	405
402	410
404	407
404	410
405	412
406	409
406	410
406	415
406	412
407	412
407	415
407	409
408	613
409	410
409	412
409	415
411	867
411	614
412	415
413	414
416	417
416	426
417	426
417	577
418	425
418	437
418	950
419	427
419	421
420	427
420	421
421	427
422	424
422	429
422	986
423	425
423	437
423	909
424	433
424	439
425	764
428	439
428	430
428	429
428	438
428	432
428	983
428	890
428	809
429	432
429	430
429	435
429	431
429	438
429	436
430	435
430	438
430	439
430	431
430	432
430	972
430	917
431	432
431	439
431	433
431	765
432	433
432	436
432	915
433	436
434	437
434	761
434	732
435	438
435	915
435	725
435	986
436	439
436	438
436	986
436	797
436	783
437	740
437	950
438	900
438	985
439	802
440	447
440	443
440	442
440	790
440	832
440	843
440	856
441	444
441	448
441	453
441	929
441	992
441	926
441	753
441	959
441	902
441	710
441	987
442	446
442	447
442	930
442	832
442	443
442	775
442	883
443	447
443	843
443	930
443	856
443	996
444	448
444	810
444	959
444	987
444	835
444	926
444	708
445	791
445	706
446	447
446	790
446	856
446	883
446	775
446	832
446	996
447	856
447	883
447	930
448	453
448	763
448	926
448	620
448	841
449	452
449	919
449	723
450	975
450	855
450	973
450	759
450	944
451	744
451	940
451	792
451	956
452	709
452	993
452	716
453	959
453	987
453	971
454	464
454	459
454	457
454	466
454	787
454	462
455	456
455	460
456	460
456	506
457	458
457	459
457	464
457	466
457	462
457	854
457	768
457	937
457	859
458	466
458	462
458	459
458	464
458	905
458	757
459	464
459	466
459	462
459	905
459	893
459	749
462	466
462	464
462	743
462	774
462	905
462	768
463	467
463	465
464	466
464	743
464	891
464	774
465	467
466	854
466	768
466	774
466	951
466	515
468	470
469	478
469	481
469	482
469	476
469	477
469	471
469	717
470	472
470	841
471	481
471	477
471	478
471	476
471	482
471	973
473	483
474	483
475	480
475	479
476	482
476	481
476	477
476	973
477	482
477	478
477	481
477	795
477	944
478	482
478	481
478	975
478	717
479	480
481	482
481	973
481	855
482	944
484	489
484	486
484	499
484	495
484	504
484	492
484	494
484	498
484	500
485	496
485	491
485	486
485	504
485	499
485	489
485	497
486	495
486	492
486	502
486	487
486	489
486	488
487	498
487	504
487	499
487	491
487	496
487	488
487	839
488	500
488	490
488	501
488	551
489	496
489	492
489	495
489	490
490	504
490	498
490	495
490	492
490	500
490	499
490	552
491	494
491	497
491	499
491	500
491	581
491	570
491	572
492	496
492	501
492	502
492	495
492	494
492	500
493	503
493	635
494	497
494	495
494	502
494	581
495	504
495	496
495	502
495	500
496	501
496	497
496	502
497	502
497	504
497	572
497	585
498	504
499	502
499	585
500	502
500	501
501	504
501	576
502	504
505	506
507	513
507	509
507	510
507	517
507	520
507	518
507	524
508	510
508	519
508	517
508	511
509	513
509	511
509	518
509	522
509	519
510	522
510	511
510	524
510	518
511	524
511	513
511	520
511	518
513	519
513	522
513	517
513	521
514	516
514	523
514	692
515	524
515	521
515	520
515	519
515	522
516	523
517	520
517	522
517	524
517	521
518	521
518	524
518	520
518	519
521	522
522	524
523	525
526	548
526	535
526	540
526	547
527	533
527	546
527	542
527	528
527	540
527	532
528	533
528	542
528	546
528	532
528	663
529	539
529	530
529	543
529	536
529	538
529	534
530	539
530	543
530	534
530	536
530	541
531	537
531	545
531	549
532	542
532	546
532	907
532	533
533	546
533	542
534	538
534	541
534	536
535	548
535	540
536	538
536	543
536	541
536	745
537	545
537	549
537	755
537	963
538	543
538	541
539	541
539	543
540	547
540	548
540	635
541	543
541	621
542	546
543	925
543	694
545	549
546	861
546	968
547	548
547	874
547	929
547	787
550	565
550	580
550	562
550	583
551	572
551	576
551	581
551	563
551	559
551	574
551	585
551	564
551	552
551	573
552	576
552	559
552	585
552	572
552	563
552	574
552	573
553	578
553	582
554	555
554	579
554	561
554	566
554	936
555	566
555	579
555	561
556	577
556	575
557	558
557	560
557	584
557	569
557	570
558	569
558	584
558	570
558	996
559	563
559	564
559	573
559	585
559	576
559	572
559	574
559	581
560	569
560	584
560	570
560	567
560	685
562	583
562	565
562	580
562	790
563	581
563	573
563	574
563	564
563	572
563	576
563	865
564	585
564	573
564	574
564	576
564	581
564	572
564	614
565	580
565	583
566	579
567	571
567	568
568	571
569	570
569	584
569	970
570	584
570	675
572	574
572	581
572	576
572	585
572	573
573	585
573	574
573	581
573	576
574	576
574	581
574	595
575	577
576	581
576	585
578	582
580	812
581	585
581	761
586	601
586	621
586	620
586	629
587	588
587	594
587	602
587	604
588	604
588	602
589	636
589	625
589	609
589	611
589	719
589	887
589	882
589	825
589	600
590	640
590	608
590	630
590	622
590	616
590	592
590	593
590	597
591	635
591	612
591	593
591	626
591	637
591	607
591	632
591	597
591	600
592	614
592	605
592	627
592	619
592	635
592	637
592	593
592	632
593	632
593	612
593	627
593	630
593	619
593	635
593	637
594	604
594	606
595	639
595	628
595	638
596	604
596	602
597	637
597	607
597	616
597	640
597	622
597	632
598	623
598	631
598	633
598	610
598	599
598	617
599	623
599	631
599	617
599	633
599	769
600	607
600	622
600	632
600	605
600	618
600	619
601	621
601	620
601	613
601	629
601	836
602	604
602	606
603	625
603	609
603	636
603	611
603	941
603	648
605	626
605	614
605	608
605	618
605	612
605	637
607	627
607	634
607	637
607	630
608	614
608	632
608	630
609	611
609	625
609	636
609	806
609	964
609	887
609	825
610	617
610	631
610	623
610	633
611	636
611	625
611	825
611	941
611	786
612	619
612	626
612	640
612	634
613	629
613	621
613	620
614	622
614	619
614	634
615	624
615	731
615	924
616	640
616	632
616	634
616	630
617	633
617	631
617	703
618	632
618	619
618	640
618	622
618	627
619	627
619	634
619	640
620	621
620	629
621	629
622	634
622	626
622	687
623	631
623	874
624	712
624	784
624	796
625	636
625	980
626	637
626	627
626	630
627	632
627	635
628	638
628	639
630	634
630	632
631	633
634	640
635	637
635	640
636	882
636	980
638	639
640	808
641	659
641	698
641	643
641	692
641	666
641	700
641	671
641	642
641	663
641	664
642	663
642	692
642	643
642	680
642	700
642	644
642	689
642	664
642	682
642	760
643	700
643	697
643	680
643	683
643	692
643	711
644	671
644	689
644	683
644	682
644	692
644	684
644	666
644	659
644	697
644	820
645	673
645	675
645	681
645	652
645	662
645	687
645	921
645	686
646	670
646	658
646	653
646	696
646	693
646	668
647	691
647	648
647	655
647	656
647	678
647	967
648	655
648	656
648	691
648	678
649	677
649	674
649	654
649	685
650	695
650	694
650	747
650	672
650	660
651	676
651	668
651	729
651	688
651	654
651	685
651	674
652	673
652	687
652	681
652	686
652	746
653	685
653	668
653	693
653	782
653	729
654	676
654	668
654	693
655	656
655	678
655	834
655	691
656	691
656	678
657	667
657	665
657	984
658	696
658	676
658	677
658	748
658	780
658	688
659	684
659	689
659	669
659	690
659	663
659	671
660	694
660	695
661	695
661	672
661	747
661	694
662	687
662	686
662	673
662	681
663	680
663	683
663	760
663	692
663	830
663	698
664	669
664	697
664	700
664	683
664	666
664	698
664	680
664	778
665	667
665	699
666	684
666	682
666	669
666	698
666	690
666	671
666	680
666	697
667	699
668	693
668	729
669	683
669	690
669	684
669	689
669	680
669	682
669	700
670	688
670	780
670	729
670	685
671	682
671	683
671	690
672	747
672	695
672	694
673	687
673	681
673	686
673	675
674	688
674	679
675	687
675	686
675	884
675	681
676	677
676	693
677	696
677	685
677	679
677	782
677	740
678	691
679	693
679	897
679	782
679	748
680	698
680	684
680	760
680	689
680	690
681	687
681	686
682	684
682	700
682	683
682	692
683	690
683	700
683	692
683	698
684	690
684	830
684	698
684	697
685	693
685	780
686	687
687	871
688	897
689	692
689	690
690	700
690	852
692	698
692	697
693	696
694	695
695	747
695	772
696	780
697	830
697	698
697	852
698	852
700	852
701	734
701	819
701	880
701	702
701	849
701	901
702	901
702	819
702	995
702	849
702	734
703	925
703	808
703	848
703	886
704	948
704	899
704	864
705	738
705	968
705	792
705	817
706	998
706	955
706	949
706	903
706	965
707	953
707	943
707	888
707	826
707	842
707	745
707	916
707	908
707	781
708	889
708	730
709	767
709	851
709	839
709	723
709	823
709	919
709	716
709	937
709	758
710	873
710	827
710	987
710	754
710	753
710	810
710	926
710	929
710	959
711	861
711	867
711	875
711	857
711	715
711	752
711	821
712	796
712	811
712	741
712	784
712	924
713	942
713	894
713	766
713	982
713	836
714	978
714	859
714	893
714	814
714	881
714	971
715	875
715	867
715	857
716	851
716	919
716	993
716	767
716	758
716	723
717	855
717	759
717	975
717	973
718	988
718	768
718	951
718	774
718	787
718	829
718	934
719	882
719	927
719	941
719	825
719	870
719	786
719	964
720	998
720	935
720	909
720	912
720	750
720	844
720	923
720	824
720	955
720	931
720	751
720	762
721	772
721	911
722	999
722	863
723	733
723	789
723	896
723	767
723	776
723	823
724	949
724	923
724	955
724	801
724	788
724	762
724	998
724	965
724	751
724	935
724	771
725	985
725	797
725	815
725	900
725	956
725	890
725	918
725	765
725	802
726	892
727	791
727	844
727	998
727	965
727	912
727	949
727	909
727	903
727	751
728	954
728	840
729	897
730	876
730	889
730	906
731	877
731	924
731	796
731	811
731	784
731	741
732	976
733	758
733	851
733	937
733	767
733	993
733	823
734	901
734	819
734	995
734	880
735	862
735	816
735	981
735	828
735	939
736	945
736	933
737	977
738	820
738	858
738	966
738	920
738	792
738	936
738	828
738	816
739	833
739	969
739	838
739	928
739	778
739	894
740	913
740	976
741	811
741	773
741	796
742	847
742	898
743	970
743	997
743	787
743	951
743	988
743	891
743	854
743	971
744	940
745	781
745	888
745	837
745	826
745	953
745	908
745	842
745	916
745	943
745	805
746	957
746	874
746	974
746	785
746	921
748	782
749	799
749	831
749	822
750	824
750	935
750	769
750	762
750	801
750	909
750	955
750	825
751	935
751	955
751	791
751	801
751	762
751	788
751	923
751	903
751	824
751	965
751	912
752	869
752	867
752	875
752	861
753	754
753	827
753	926
753	959
753	987
753	835
753	810
753	763
753	992
754	992
754	763
754	929
754	835
754	827
754	987
755	793
755	777
755	804
756	831
756	822
757	881
757	814
757	859
757	971
758	937
758	823
758	767
758	919
758	839
758	776
758	993
759	975
759	818
759	855
759	944
759	973
759	795
760	852
760	830
761	976
761	913
761	764
761	984
762	788
762	955
762	949
762	801
762	771
762	791
762	844
762	931
763	810
763	987
763	902
763	992
763	873
763	929
763	827
763	835
764	950
764	913
764	976
764	984
765	802
765	900
765	983
765	809
765	783
765	972
765	890
765	985
765	872
765	956
765	905
766	982
766	836
766	942
766	894
766	913
767	776
767	789
767	823
767	919
767	839
767	937
767	896
768	854
768	905
768	951
768	907
768	970
768	934
768	774
768	958
769	998
769	903
769	801
769	803
769	955
769	824
769	791
769	931
769	949
770	979
770	938
771	931
771	801
771	949
771	844
771	963
771	935
771	946
771	791
771	965
771	903
771	909
772	911
773	924
773	877
773	796
773	879
774	951
774	934
774	988
774	829
774	854
774	905
774	994
774	859
775	790
775	883
775	996
775	832
775	930
775	843
776	823
776	839
776	851
776	895
776	993
777	821
777	793
777	860
777	798
777	895
778	838
778	969
778	866
778	952
779	922
779	947
780	897
781	842
781	943
781	826
781	916
781	908
783	802
783	915
783	985
783	917
783	872
783	878
783	914
783	918
783	809
784	796
784	811
784	879
785	921
785	974
785	957
786	887
786	941
786	882
786	870
787	951
787	988
787	934
787	854
787	958
788	955
788	791
788	931
788	844
788	909
788	824
789	993
789	919
789	937
789	823
789	851
789	839
790	996
790	856
791	935
791	955
791	963
791	931
791	946
791	903
791	998
791	912
792	820
792	989
792	939
792	966
792	858
792	968
792	920
793	821
793	860
793	804
794	904
794	812
794	850
794	846
794	990
795	975
795	944
796	877
797	917
797	983
797	809
797	985
797	972
797	890
797	986
797	918
797	878
797	900
798	916
798	888
798	826
798	908
798	837
799	961
799	822
800	841
801	955
801	903
801	963
801	998
801	912
801	844
801	935
801	803
801	909
802	983
802	986
802	985
802	917
802	809
802	900
802	914
802	872
802	956
803	903
803	923
803	998
803	935
803	995
804	860
804	821
805	953
805	916
805	842
805	943
805	888
806	825
806	870
806	887
806	964
806	941
808	886
808	925
808	848
809	900
809	917
809	872
809	985
809	815
809	915
809	956
809	890
809	878
810	929
810	835
810	902
810	987
811	924
812	904
812	850
812	885
812	962
813	885
813	846
813	990
813	962
813	845
813	850
814	971
814	859
814	978
814	960
815	956
815	872
815	890
815	917
815	986
815	918
815	985
816	981
816	828
816	817
817	981
817	862
817	828
818	855
818	876
819	995
819	849
819	880
820	989
820	920
820	858
821	860
822	961
822	831
823	851
823	896
823	895
823	839
823	993
824	949
824	946
824	998
824	963
824	844
824	935
824	931
825	941
825	964
825	980
825	887
825	870
825	927
825	882
825	935
826	943
826	888
826	842
826	916
826	908
826	953
827	929
827	959
827	902
827	873
827	926
827	835
827	987
828	862
828	981
828	968
829	934
829	988
829	854
829	905
829	907
829	951
829	994
832	843
832	883
832	869
833	866
833	952
833	969
833	928
835	992
835	926
835	902
835	929
835	987
835	873
836	942
836	894
836	916
837	916
837	842
837	943
838	928
838	866
838	969
838	952
839	919
839	993
839	895
839	896
840	954
842	888
842	953
842	916
843	930
844	965
844	955
844	998
844	923
844	949
844	912
844	903
845	846
845	904
845	990
845	850
845	885
845	962
846	850
846	885
847	898
848	886
848	925
849	995
849	880
850	990
850	904
851	937
851	928
853	865
853	932
854	951
854	934
854	988
854	907
855	975
855	973
856	883
856	930
857	867
857	875
857	861
858	966
858	989
859	971
859	881
859	978
861	869
861	875
862	981
862	936
863	999
864	899
864	948
866	952
866	928
866	969
867	869
867	875
868	967
868	960
868	910
869	875
870	980
870	927
870	941
870	887
870	882
870	964
871	884
872	878
872	900
872	917
872	986
872	915
872	972
873	992
873	902
874	921
874	957
874	895
876	889
876	906
877	924
877	879
878	972
878	956
878	918
878	985
878	900
878	917
878	890
878	915
878	983
879	924
880	995
881	971
881	978
881	893
881	907
882	941
882	980
882	964
882	927
883	996
885	990
885	904
886	925
886	918
887	941
887	927
887	964
887	980
888	908
888	953
888	943
888	962
889	906
890	900
890	985
890	983
890	956
890	972
891	970
891	958
891	997
891	907
891	934
891	951
891	905
892	957
893	971
893	978
894	942
894	982
895	919
895	937
895	896
895	993
896	993
896	919
896	937
899	948
900	986
900	914
900	918
900	915
900	917
900	983
901	995
902	992
902	929
902	959
903	912
903	963
903	965
903	955
903	946
904	990
905	934
905	988
907	997
907	994
907	958
907	970
908	943
908	916
909	955
909	931
909	963
909	946
910	991
910	967
910	960
912	949
912	998
912	965
912	923
913	976
914	918
914	917
914	915
914	956
914	983
914	972
914	986
915	918
915	986
915	972
915	985
915	983
917	985
917	918
917	956
918	985
918	972
918	986
918	956
918	983
919	993
920	966
920	989
920	968
920	939
921	974
922	947
923	946
923	963
923	998
923	935
923	949
926	929
926	959
927	964
927	980
928	952
929	987
930	996
931	935
931	963
933	945
934	988
934	940
935	998
935	949
936	968
936	989
937	993
938	979
939	989
939	968
941	980
944	975
946	998
946	949
949	965
949	998
950	984
950	976
951	988
951	958
956	983
956	985
957	974
958	970
958	997
958	988
959	987
960	991
962	990
963	998
966	968
967	991
967	983
970	997
971	978
972	986
975	995
976	984
982	993
985	986
987	992
988	992
994	997
