0	706
0	762
0	791
0	955
0	824
0	912
1	705
1	795
1	965
1	906
1	791
1	762
1	727
1	939
1	49
1	844
2	942
2	982
2	836
2	766
2	894
2	356
2	273
3	865
3	994
3	907
3	743
3	997
3	958
3	205
3	932
4	773
4	778
4	786
4	784
4	870
4	453
4	866
4	162
5	825
5	739
5	952
5	778
5	928
5	833
5	848
5	773
5	899
6	882
6	825
6	848
6	964
6	811
6	739
6	969
6	806
6	996
7	8
7	9
7	12
7	13
7	992
7	571
7	863
8	13
8	9
8	10
8	419
9	18
9	894
10	221
10	429
10	835
11	236
11	169
12	97
12	13
12	814
13	355
14	16
14	554
14	15
15	20
15	29
15	216
16	166
16	17
16	19
16	20
16	735
17	49
17	799
18	20
18	216
18	290
18	355
18	836
18	857
19	265
19	542
19	880
19	642
20	159
20	232
20	904
21	261
21	259
21	263
21	869
21	116
22	23
22	264
22	25
22	27
22	260
22	26
22	24
23	25
23	27
23	265
23	26
23	260
24	26
24	27
24	265
24	420
24	260
24	264
25	27
25	260
25	816
26	27
26	260
26	916
27	264
27	260
27	488
27	283
28	29
28	50
28	51
28	845
28	850
28	799
28	840
28	812
29	50
29	33
29	822
29	570
29	819
29	743
30	944
30	876
30	708
30	936
30	939
31	32
31	889
31	101
31	935
31	920
31	217
32	49
32	99
32	708
32	903
32	727
32	817
32	771
33	55
33	846
33	904
33	749
33	993
33	789
34	50
34	758
34	962
34	389
34	756
35	37
35	39
35	38
35	401
36	41
36	40
36	180
37	39
37	38
37	138
38	39
38	413
39	139
40	41
42	45
42	266
42	273
42	334
43	46
43	44
43	158
43	268
43	159
44	48
44	160
44	66
44	155
44	267
45	48
45	271
45	269
45	75
46	48
46	47
46	159
46	155
47	155
47	157
47	271
47	48
48	271
49	52
49	889
49	998
49	931
49	801
49	920
49	727
50	51
50	896
50	813
50	895
50	993
51	885
51	165
51	954
52	705
52	889
52	965
52	998
52	931
53	963
53	803
53	818
53	936
53	949
53	102
53	973
53	975
54	988
54	205
54	208
54	829
54	204
54	997
55	901
55	767
55	937
55	845
55	469
55	330
56	57
56	60
56	878
56	740
56	872
56	757
56	809
56	862
56	983
57	740
57	809
57	859
57	976
57	765
57	878
57	913
57	985
58	59
58	892
58	726
58	945
58	807
58	62
58	162
59	726
59	892
59	736
60	61
60	984
60	761
60	802
60	881
60	972
61	872
61	983
61	956
62	764
62	859
62	815
63	67
63	498
63	68
63	66
63	503
63	496
63	501
63	64
63	488
63	499
64	69
64	493
64	66
64	808
65	67
65	496
65	502
65	796
66	489
66	491
66	503
66	499
66	502
66	800
66	230
67	68
67	303
68	484
68	487
69	485
69	503
69	491
70	72
70	71
70	75
70	476
70	74
71	73
71	74
72	74
72	710
72	73
72	75
73	75
73	76
73	741
73	963
74	76
74	594
74	824
74	254
74	901
77	82
77	79
77	256
77	473
77	474
77	117
77	93
78	80
78	252
78	79
78	253
78	468
78	474
78	258
79	80
79	256
79	254
79	252
79	82
79	483
79	466
80	252
80	257
80	83
80	258
80	740
80	338
80	468
81	254
81	257
81	472
81	473
81	483
82	257
82	83
82	474
82	906
82	892
83	258
83	255
83	959
84	85
84	87
84	528
84	538
84	532
84	536
84	529
84	539
85	89
85	533
85	546
85	537
85	544
85	87
85	536
85	531
85	549
86	90
86	547
86	540
86	548
87	527
87	538
87	115
88	540
88	548
88	535
88	90
88	231
88	526
89	546
89	532
89	539
89	219
89	549
89	858
90	548
90	540
90	547
90	440
90	139
91	94
91	752
91	93
92	97
92	94
92	96
92	358
92	965
93	387
93	97
93	210
94	95
94	916
94	485
95	96
95	97
95	163
96	364
97	491
98	100
98	102
98	949
98	989
98	751
98	946
99	104
99	792
99	935
99	998
99	212
99	305
100	101
100	104
100	906
100	965
100	445
100	333
100	759
100	955
101	104
101	792
101	720
101	946
101	788
101	759
102	104
102	844
102	975
102	730
102	801
102	963
102	228
103	774
103	905
103	988
103	829
103	951
103	865
103	179
104	855
104	717
104	903
104	751
104	234
105	109
105	110
106	108
106	111
106	107
106	249
107	108
107	111
107	249
108	111
108	263
109	110
111	248
112	113
112	115
112	432
112	117
112	287
112	429
113	116
113	118
113	433
113	428
113	438
113	434
113	117
113	432
113	471
114	118
114	431
114	435
114	860
114	881
115	116
115	117
115	435
115	439
115	433
115	428
115	434
116	117
116	431
116	118
117	433
117	430
117	432
117	484
117	218
118	434
118	433
118	917
118	922
118	758
119	125
119	124
119	415
119	122
119	407
119	187
119	400
119	197
119	131
119	196
120	125
120	399
120	403
120	398
120	394
120	188
120	415
120	405
120	123
120	185
121	404
121	122
121	124
121	399
121	125
121	188
121	407
121	405
121	412
121	403
122	123
122	400
122	399
122	407
122	124
122	185
122	125
122	129
123	403
123	400
123	405
123	415
123	404
123	399
123	407
123	199
124	399
124	403
124	394
124	125
124	409
124	407
124	188
125	397
125	394
125	403
125	400
125	198
126	132
126	197
126	198
126	129
126	200
126	241
126	817
126	131
126	409
127	132
127	128
127	201
127	200
127	187
127	410
127	199
127	403
127	404
128	200
128	130
128	131
128	406
128	202
128	201
128	199
128	132
129	131
129	198
129	196
129	199
129	202
129	130
129	238
130	131
130	200
130	202
130	398
130	132
130	188
130	198
130	196
131	404
132	199
132	201
132	202
132	242
133	183
133	135
133	136
134	168
134	413
134	401
134	414
134	182
134	630
135	136
135	183
135	170
136	170
137	138
137	401
137	139
137	172
137	184
137	413
137	182
138	139
138	168
138	414
138	172
139	413
139	401
139	184
139	214
140	142
140	588
140	612
140	145
140	194
140	606
140	640
140	616
140	143
140	637
141	142
141	146
141	630
141	604
141	143
141	635
141	626
141	614
141	608
141	616
142	146
142	618
142	616
142	637
142	630
142	607
142	608
142	638
143	145
143	144
143	608
143	638
143	622
143	605
143	634
143	612
144	595
144	588
144	618
144	637
144	608
144	600
144	590
144	640
144	612
145	146
145	639
145	596
145	606
145	628
145	600
145	352
146	634
146	614
146	635
146	605
146	191
146	608
146	632
147	153
147	151
147	148
147	150
147	467
147	217
148	150
148	149
148	426
148	153
148	152
149	151
149	150
149	153
150	151
150	152
150	153
150	167
150	242
151	152
151	153
151	702
152	153
152	563
154	158
154	156
154	267
154	160
154	272
154	947
155	158
155	271
155	267
155	268
155	156
155	160
155	178
156	159
156	266
156	267
156	273
156	158
156	160
156	269
157	267
157	158
157	272
157	268
158	159
158	272
158	273
158	270
158	266
159	270
159	272
159	160
159	268
159	301
160	267
160	268
160	270
160	710
160	266
161	167
162	167
162	164
162	165
162	163
162	375
162	867
164	165
164	166
164	195
164	822
165	166
166	167
167	432
168	172
168	414
168	184
169	396
169	395
169	186
169	171
169	408
169	328
169	174
169	326
170	183
171	174
171	173
171	411
171	395
171	396
172	414
172	413
172	401
173	174
173	395
173	411
173	396
173	186
173	325
174	186
174	411
174	396
175	177
175	176
176	177
176	345
178	179
178	181
178	180
179	181
179	180
180	181
182	184
182	414
182	413
182	401
182	215
184	414
184	401
184	413
185	187
185	407
185	397
185	406
185	402
185	409
185	202
185	404
186	408
186	396
186	411
186	331
187	188
187	412
187	406
187	402
187	405
187	400
188	405
188	410
188	398
188	397
188	399
189	194
189	190
189	191
189	588
190	191
190	194
190	591
191	194
192	193
192	195
196	200
196	199
196	405
196	409
196	410
197	200
197	202
197	199
197	400
197	406
197	402
198	200
198	199
198	397
198	239
198	401
199	202
199	238
200	202
200	201
201	202
201	405
201	415
201	398
201	410
202	403
203	208
203	207
203	205
203	204
203	932
204	207
204	205
204	206
204	787
205	207
205	206
205	208
205	951
205	932
205	829
206	207
206	209
206	787
206	774
206	958
207	209
207	905
207	994
208	209
208	951
208	994
208	865
209	768
209	718
210	211
210	214
210	490
210	929
210	212
210	653
211	216
211	213
211	741
212	216
212	213
212	931
212	873
213	304
213	306
214	940
214	721
214	215
215	216
215	231
215	967
216	291
216	335
216	528
216	514
217	220
217	223
217	522
219	222
219	220
219	221
219	376
220	476
220	222
221	223
221	539
221	222
221	296
221	520
223	262
223	837
224	228
224	229
224	225
224	829
225	229
225	226
225	712
226	229
226	230
226	856
226	945
226	997
227	229
228	982
229	230
229	669
230	475
230	583
230	978
231	233
231	236
231	349
231	235
231	234
232	233
232	237
232	234
233	236
233	237
234	237
234	235
234	704
234	454
235	236
235	420
238	243
238	239
238	322
238	241
238	242
238	240
238	398
239	243
239	323
239	244
239	240
239	241
240	242
240	243
240	241
240	329
240	398
241	242
241	243
241	244
241	404
241	406
241	410
242	243
243	327
243	244
244	548
245	251
245	250
245	249
246	248
246	247
246	251
246	250
247	248
248	250
248	251
248	249
249	250
249	522
252	254
252	258
252	255
252	483
253	254
253	258
253	255
253	256
253	381
254	258
254	255
254	257
254	472
255	258
255	375
256	257
256	468
256	483
257	258
257	580
257	862
258	431
259	263
259	262
259	261
259	816
260	264
260	585
261	263
261	439
261	998
262	263
262	561
262	668
264	265
266	267
266	273
266	272
266	269
267	270
267	273
267	269
268	270
268	271
268	272
268	897
269	273
269	270
270	273
270	271
270	272
271	272
273	777
274	275
274	516
274	511
274	276
274	518
274	524
274	507
274	525
274	508
275	508
275	278
275	509
275	281
276	281
276	277
276	515
276	517
277	281
277	278
277	280
277	508
277	521
277	674
278	279
278	280
278	509
278	516
278	517
278	708
278	991
279	281
279	513
279	525
279	520
279	704
280	515
280	513
280	520
280	505
280	419
280	523
281	509
281	508
281	516
282	287
282	286
282	285
282	435
283	289
283	284
283	288
284	289
284	288
284	671
285	286
285	287
285	428
286	287
286	435
288	289
288	514
289	996
290	291
290	563
290	294
290	885
291	292
291	294
291	297
292	296
292	297
292	371
292	490
292	609
293	297
293	294
293	295
293	796
294	315
295	296
295	961
295	886
296	297
297	466
297	718
298	301
298	302
298	303
298	533
298	726
299	303
299	302
299	304
300	302
300	304
301	303
302	303
302	305
302	304
302	793
302	355
302	473
302	862
303	305
303	883
303	565
304	305
305	873
305	939
305	774
306	313
306	800
306	309
306	948
307	312
307	841
307	772
307	911
307	310
307	309
308	309
308	313
308	948
308	800
308	311
308	981
309	312
309	310
309	313
309	948
309	974
309	725
309	717
310	312
310	311
311	864
311	313
311	704
312	841
312	313
312	854
313	721
313	996
314	320
314	315
314	318
314	611
315	318
315	320
316	317
316	321
316	319
317	319
317	321
317	582
318	320
318	547
319	321
319	832
322	323
322	327
322	329
323	327
323	329
324	328
324	325
324	326
324	396
325	328
325	326
326	328
327	329
330	332
330	335
330	338
330	333
331	336
331	337
331	334
332	333
332	335
332	338
332	579
333	335
333	338
334	336
334	337
335	338
336	337
336	812
337	730
339	341
339	344
339	342
339	343
339	345
339	340
340	343
340	347
340	346
340	345
341	343
341	345
341	347
341	344
343	344
343	345
344	345
344	346
345	346
346	347
346	903
348	351
348	353
348	352
349	355
349	350
349	356
350	353
350	351
351	356
351	352
353	769
354	356
354	355
354	362
354	543
354	787
356	724
357	364
357	358
357	359
357	362
357	457
357	458
357	589
357	363
358	360
358	363
358	364
358	362
358	454
358	359
358	544
359	364
359	459
359	571
359	360
360	365
360	454
360	457
360	462
360	461
361	362
361	458
361	459
361	946
362	365
362	363
362	454
363	462
363	461
364	365
364	460
364	459
364	778
365	455
365	456
366	367
366	368
366	742
366	478
366	369
367	370
367	368
367	957
367	373
367	938
368	372
368	370
368	818
369	370
369	373
369	372
369	775
370	372
370	374
370	371
371	374
371	603
372	374
372	373
372	439
373	443
374	516
375	378
375	380
375	809
376	381
376	383
376	377
377	383
377	381
377	815
378	379
378	380
378	775
379	382
380	382
381	383
382	505
382	825
383	760
384	388
384	390
384	586
384	620
384	898
385	387
385	392
385	391
385	565
386	390
386	601
386	613
386	388
386	629
387	389
387	391
387	703
388	390
388	586
388	613
389	392
389	391
390	613
390	601
391	392
391	869
392	603
392	479
393	598
393	633
393	610
393	623
393	599
393	631
394	403
394	402
394	399
394	405
394	406
394	397
394	409
395	396
396	411
396	408
397	402
397	404
397	399
397	400
397	415
398	399
398	412
398	404
398	402
399	403
400	403
400	410
400	412
401	413
401	414
402	412
402	415
402	405
402	410
404	407
404	410
405	412
406	409
406	410
406	415
406	412
407	412
407	415
407	409
408	411
409	410
409	412
409	415
412	415
413	414
416	417
416	426
417	426
418	425
418	424
418	422
418	437
418	438
419	427
419	421
420	427
420	421
421	427
421	926
422	423
422	424
422	429
422	425
423	424
423	425
423	437
423	433
424	437
424	433
425	428
425	431
428	439
428	434
428	430
428	429
428	438
429	432
429	430
429	435
429	431
429	437
429	438
430	435
430	434
430	438
430	437
430	439
430	431
430	432
431	437
431	432
431	439
431	433
432	433
432	436
433	434
433	436
434	435
434	437
434	776
435	438
435	437
435	732
436	439
436	438
437	439
438	532
439	986
440	441
440	444
440	453
440	447
440	443
440	442
440	810
440	790
441	446
441	444
441	448
441	453
441	929
441	992
441	926
442	446
442	448
442	453
442	447
442	701
442	827
443	453
443	448
443	447
443	444
443	753
443	843
444	447
444	448
444	810
444	446
444	959
445	792
445	876
445	450
445	858
446	453
446	447
446	448
447	453
447	448
447	856
447	729
448	453
448	763
449	451
449	452
449	840
449	962
449	756
450	820
450	738
450	975
451	452
451	961
451	880
451	846
452	799
452	885
452	709
454	456
454	460
454	464
454	459
454	455
454	457
455	457
455	456
455	466
455	460
455	930
456	466
456	459
456	462
456	458
456	460
456	464
456	461
457	458
457	459
457	464
457	460
458	466
458	462
458	461
458	459
458	464
458	474
459	464
459	460
459	461
460	464
460	466
461	462
461	466
462	466
463	467
463	465
464	466
464	738
464	840
465	467
468	473
468	474
468	470
468	975
469	475
469	478
469	481
469	482
469	476
469	480
469	477
469	863
469	817
470	472
470	473
470	483
471	481
471	480
471	477
471	478
471	479
472	785
473	483
474	483
475	478
475	482
475	481
475	480
475	479
476	480
476	482
476	811
476	710
476	481
476	539
477	479
477	480
477	482
477	478
478	482
478	479
479	480
480	481
480	846
480	902
481	482
481	611
482	944
484	489
484	486
484	499
484	495
484	504
484	492
484	494
484	498
485	503
485	496
485	491
485	486
485	504
486	495
486	492
486	502
486	487
486	716
486	489
487	498
487	503
487	504
487	499
487	711
487	491
488	500
488	490
488	562
489	496
489	492
489	495
490	503
490	504
490	498
490	559
491	494
491	497
491	503
492	493
492	496
492	501
492	502
492	495
493	500
493	499
493	498
493	497
494	497
495	504
495	849
496	501
497	502
497	504
498	504
500	502
502	504
502	532
503	826
505	506
505	523
505	525
505	509
505	522
505	514
505	521
505	507
506	524
506	525
506	518
506	508
506	520
506	521
506	515
507	513
507	509
507	516
507	512
508	510
508	512
508	519
509	513
509	511
509	516
510	522
510	511
510	524
510	516
510	950
511	524
511	513
512	514
512	519
512	857
512	521
513	519
513	522
513	982
513	624
514	518
514	516
514	515
515	524
515	521
515	520
516	521
516	524
517	520
517	522
517	704
518	521
518	524
518	525
518	520
518	523
519	729
519	962
521	523
522	525
522	524
523	951
526	548
526	535
526	540
526	547
527	529
527	533
527	546
527	545
527	539
527	538
528	533
528	542
528	546
528	531
528	541
528	633
529	539
529	530
529	545
529	531
529	549
529	544
529	533
529	537
530	537
530	532
530	539
530	542
530	545
531	536
531	534
531	537
531	541
531	532
532	545
532	534
532	549
533	538
533	546
533	543
534	538
534	544
534	545
534	549
535	548
535	540
536	542
536	538
536	543
536	541
537	543
537	542
537	544
538	549
538	546
539	546
539	541
539	544
540	547
541	546
541	543
541	544
542	546
542	543
542	807
543	549
543	546
545	549
547	548
547	810
547	652
550	565
550	571
550	568
550	580
550	579
550	561
551	560
551	572
551	577
551	576
551	558
551	581
551	569
551	556
552	575
552	576
552	570
552	584
552	560
552	559
552	585
552	577
552	572
553	578
553	582
554	562
554	555
554	579
555	583
555	565
555	562
555	566
555	568
555	911
555	941
555	579
556	576
556	557
556	563
556	564
557	559
557	575
557	564
557	558
557	563
557	560
557	584
557	585
557	572
558	569
558	572
558	575
558	581
558	585
558	584
558	576
558	573
559	563
559	577
559	569
559	564
559	570
560	575
560	569
560	563
560	577
560	864
560	576
561	568
561	580
561	565
561	583
561	567
561	562
562	567
562	583
562	571
562	565
563	581
563	573
563	574
563	575
564	570
564	584
564	577
564	585
564	573
564	574
565	566
565	568
565	571
565	567
565	580
565	579
566	567
566	579
566	580
566	824
567	571
567	580
567	568
567	583
567	579
568	571
568	583
568	580
569	576
569	575
569	581
569	574
570	573
570	574
570	585
570	572
570	723
571	583
572	577
573	577
573	960
573	585
574	584
575	577
575	585
575	584
576	581
577	581
578	582
579	583
579	580
580	813
583	861
584	749
586	601
586	621
587	600
587	588
587	597
587	590
587	627
587	630
587	593
587	605
587	626
587	639
588	619
588	595
588	637
588	628
588	604
588	635
589	636
589	615
589	625
589	609
590	639
590	640
590	608
590	594
590	604
590	628
590	630
590	622
591	635
591	612
591	593
591	626
591	637
591	607
591	632
591	597
591	638
592	614
592	604
592	605
592	627
592	638
592	619
592	602
592	635
592	637
592	820
593	632
593	596
593	628
593	612
593	627
593	630
593	619
593	635
594	637
594	638
594	597
594	630
594	634
594	632
594	607
594	628
595	596
595	635
595	639
595	618
595	632
595	607
595	626
595	619
596	604
596	639
596	640
596	602
596	607
596	635
596	619
597	637
597	604
597	607
597	616
597	640
597	622
597	639
598	623
598	631
598	633
598	610
598	599
599	623
599	631
599	617
599	633
600	607
600	622
600	638
600	604
600	639
600	632
600	605
601	621
601	620
601	613
601	629
601	970
602	618
602	639
602	614
602	604
602	634
602	627
602	616
602	640
603	625
603	624
603	609
603	636
603	611
603	803
603	905
604	632
604	607
605	626
605	614
605	608
605	638
605	618
606	628
606	622
606	630
606	612
606	608
606	616
606	619
606	618
607	627
607	634
608	614
608	632
609	611
609	625
609	636
609	624
610	617
610	631
610	623
610	633
611	636
612	619
612	626
612	639
612	640
613	629
614	638
614	622
614	619
614	634
615	636
615	624
615	625
616	640
616	632
616	639
616	634
617	633
617	974
618	632
618	619
618	640
618	622
619	627
620	621
620	629
621	629
622	634
622	626
622	628
623	631
624	625
624	636
624	679
625	636
625	969
625	977
626	637
626	627
626	630
627	632
627	635
627	639
628	630
628	634
628	638
630	634
631	726
634	640
635	637
635	640
636	966
636	648
637	638
641	659
641	698
641	668
641	643
641	692
641	667
642	670
642	663
642	692
642	679
642	643
642	694
642	661
642	677
643	700
643	697
643	660
643	677
643	694
643	696
643	672
643	651
644	695
644	660
644	671
644	689
644	694
644	654
644	683
644	682
644	692
644	684
645	678
645	673
645	675
645	681
645	652
646	670
646	658
646	653
646	667
646	697
646	663
646	696
646	650
646	689
647	681
647	691
647	648
647	662
647	652
647	686
648	673
648	655
649	677
649	663
649	698
649	682
649	674
649	654
649	665
649	700
649	685
650	671
650	695
650	699
650	679
650	700
650	669
651	683
651	697
651	690
651	684
651	676
652	656
652	691
653	680
653	657
653	661
653	690
653	660
653	685
653	700
653	698
653	668
654	672
654	700
654	667
654	676
654	690
654	689
654	659
654	684
654	671
655	673
655	662
655	675
656	662
656	691
656	687
656	673
656	681
657	677
657	698
657	672
657	670
657	697
657	689
657	671
657	663
657	748
658	696
658	661
658	683
658	663
658	682
658	699
658	676
658	659
658	694
658	677
659	684
659	689
659	696
659	660
659	669
659	690
659	677
660	680
660	698
660	674
660	667
660	677
660	782
661	696
661	688
661	670
661	693
661	668
661	695
661	700
661	699
662	687
663	688
663	696
663	665
663	693
663	680
664	669
664	697
664	677
664	700
664	688
664	683
664	695
665	700
665	682
665	697
665	667
665	674
665	695
665	692
665	699
665	694
666	668
666	684
666	693
666	682
666	676
667	683
667	679
667	685
667	672
668	680
668	698
668	830
668	671
669	683
669	690
669	684
669	689
669	680
669	685
670	672
670	697
671	682
671	693
671	688
671	683
671	747
672	684
672	688
672	696
673	962
673	687
674	692
674	697
674	694
675	678
675	691
675	687
676	680
676	699
676	690
676	682
676	684
676	683
677	696
677	680
677	685
678	691
678	686
678	687
679	684
679	693
679	683
679	690
680	699
680	698
680	688
681	687
682	693
682	695
682	684
683	690
683	693
684	690
685	689
685	697
685	693
689	695
690	699
690	700
693	699
696	698
696	697
696	699
698	909
701	734
701	819
701	919
701	885
701	846
702	823
702	767
702	733
702	990
702	901
702	723
702	896
703	786
703	952
703	778
703	741
703	739
704	948
704	911
704	721
704	737
704	772
705	949
705	935
705	727
705	717
705	759
705	708
705	724
706	998
706	717
706	936
706	968
706	955
706	759
706	949
706	939
706	903
706	989
706	838
707	860
707	953
707	875
707	943
707	722
707	888
708	955
708	762
708	973
708	931
708	939
708	920
708	738
708	720
708	963
708	717
709	846
709	767
709	813
709	756
709	995
709	851
709	954
709	799
709	839
710	873
710	827
710	987
710	856
710	754
710	753
710	810
710	790
710	926
710	930
711	861
711	867
711	729
711	875
711	777
711	908
711	857
711	897
711	760
711	780
711	837
711	798
712	838
712	796
712	870
712	927
712	806
712	778
712	980
712	811
712	825
713	942
713	894
713	766
714	978
714	983
714	878
714	917
714	732
714	859
714	915
714	913
714	900
714	765
714	908
714	893
715	875
715	888
715	722
715	837
715	793
715	804
715	867
715	916
715	755
715	860
716	851
716	849
716	744
716	813
716	880
716	919
716	840
717	855
717	759
717	966
717	738
717	975
717	923
717	965
717	920
718	988
718	768
718	951
718	932
718	774
718	787
718	829
719	838
719	808
719	739
719	877
720	998
720	935
720	909
720	759
720	912
720	750
720	906
720	889
720	795
720	844
720	855
720	818
720	923
720	824
720	955
720	931
720	738
721	772
721	977
721	737
721	948
721	800
722	875
722	897
722	867
722	908
722	752
722	852
722	760
723	733
723	812
723	789
723	845
723	756
724	949
724	923
724	955
724	801
724	788
724	730
724	989
724	858
724	762
724	820
724	875
725	985
725	797
725	984
725	881
725	815
725	900
725	764
725	761
725	732
725	976
726	945
726	807
726	736
727	791
727	844
727	795
727	738
727	973
727	966
727	998
727	965
727	858
727	912
727	949
727	730
727	909
727	876
727	820
728	839
728	819
728	846
728	794
728	896
728	961
728	850
728	776
728	831
728	800
728	789
728	822
728	895
729	821
729	869
729	760
729	943
729	777
729	897
730	762
730	738
730	803
730	920
730	771
730	858
730	944
730	973
730	824
731	825
731	833
731	778
731	877
731	927
731	941
731	910
732	978
732	976
732	890
732	757
732	814
732	914
732	783
732	900
733	749
733	846
733	758
733	850
733	840
734	758
734	840
734	749
734	822
734	904
734	813
734	767
734	896
734	850
734	937
734	990
735	862
735	816
735	981
735	828
736	807
736	892
737	841
737	800
737	772
737	948
737	991
738	889
738	820
738	751
738	965
738	963
738	876
738	855
738	949
738	858
739	879
739	833
739	870
739	811
739	773
739	964
739	941
740	913
740	971
740	802
740	972
740	809
740	976
740	893
740	872
740	757
740	797
740	881
741	811
741	882
741	773
742	922
742	770
742	868
742	847
742	898
742	910
742	991
742	765
743	970
743	997
743	853
743	865
744	849
744	794
744	767
744	850
744	901
744	831
744	962
744	776
744	940
744	904
745	863
745	781
745	888
745	852
745	860
745	837
745	821
745	755
745	826
745	804
745	999
745	760
745	867
745	752
745	953
746	957
746	874
746	974
746	785
746	900
747	782
747	830
747	748
748	782
748	830
749	940
749	919
749	799
749	990
749	845
749	993
749	789
750	824
750	889
750	818
750	876
750	968
750	858
750	820
750	935
750	769
750	989
750	762
751	968
751	935
751	955
751	791
751	801
751	889
751	989
751	876
751	762
751	788
751	923
751	903
752	826
752	798
752	869
752	953
752	821
752	888
753	754
753	827
753	926
753	959
753	832
753	856
753	930
753	987
753	835
753	790
753	810
753	763
754	992
754	996
754	775
754	763
754	929
754	856
754	835
754	827
754	987
755	793
755	897
755	826
755	869
755	837
755	777
755	857
756	789
756	839
756	895
756	880
756	990
756	794
757	956
757	984
757	881
757	802
757	913
757	783
757	917
757	814
758	840
758	937
758	846
758	823
758	767
758	940
758	819
758	901
759	762
759	975
759	968
759	818
759	909
759	946
759	855
759	989
760	999
760	863
760	780
760	793
760	857
760	943
760	860
760	875
760	826
760	897
761	976
761	797
761	815
761	978
761	915
761	859
761	783
761	986
761	985
761	900
761	914
761	972
762	788
762	955
762	949
762	818
762	801
762	920
762	889
762	771
762	876
762	906
762	939
762	973
762	968
763	843
763	832
763	930
763	810
763	987
763	856
763	902
763	992
763	996
763	873
764	986
764	878
764	950
764	765
764	890
764	809
764	913
764	972
764	956
764	802
764	914
765	913
765	881
765	971
765	802
765	950
765	900
765	978
765	983
765	809
766	982
766	836
766	942
766	896
767	776
767	789
767	823
767	940
767	961
767	831
767	840
767	990
767	845
768	932
768	854
768	905
769	795
769	998
769	903
769	818
769	801
769	803
769	955
769	824
769	944
769	989
769	792
769	791
770	991
770	979
770	922
770	847
770	938
770	960
770	833
771	855
771	966
771	931
771	939
771	801
771	968
771	949
771	844
771	975
771	989
771	963
771	935
771	946
772	948
772	800
772	864
772	899
772	911
773	778
773	969
773	924
774	951
774	934
774	988
774	829
774	854
775	790
775	883
775	996
775	902
775	832
775	930
775	992
775	843
776	849
776	823
776	839
776	851
776	846
776	990
776	794
776	901
777	821
777	857
777	793
777	798
777	863
778	964
778	838
778	784
779	922
779	847
779	979
779	960
780	805
780	869
780	916
780	999
780	863
781	863
781	842
781	860
781	852
781	869
781	893
781	943
782	830
783	978
783	814
783	802
783	915
783	985
783	913
783	917
783	872
783	984
783	881
783	878
784	928
784	980
784	866
784	825
784	870
785	921
785	974
785	957
786	887
786	879
786	952
786	924
786	848
787	932
787	951
787	988
787	934
787	854
788	955
788	968
788	818
788	936
788	855
788	791
788	931
789	993
789	919
789	812
789	840
789	937
789	995
789	813
789	850
790	959
790	902
790	926
790	873
790	996
790	929
790	856
791	935
791	955
791	795
791	963
791	931
791	906
792	820
792	803
792	989
792	876
792	801
792	818
792	935
793	821
793	861
793	860
793	852
794	904
794	993
794	849
794	812
795	965
795	920
795	844
795	998
795	936
795	949
795	906
795	820
795	975
795	935
796	833
796	928
796	877
797	917
797	983
797	881
797	913
797	809
797	985
797	972
797	984
797	890
798	863
798	916
798	888
798	861
798	999
798	826
798	908
798	837
798	857
798	804
798	860
798	869
799	895
799	995
799	919
800	899
800	948
800	977
800	841
801	968
801	876
801	955
801	903
801	963
801	998
801	855
801	912
801	920
801	844
802	983
802	986
802	978
802	950
802	985
802	913
802	917
802	809
802	893
802	976
803	903
803	923
803	906
803	855
803	939
803	818
803	858
803	921
804	857
804	916
804	860
804	999
804	821
804	943
804	826
805	999
805	857
805	953
805	821
805	916
805	875
806	838
806	811
806	969
806	833
807	892
807	933
808	825
808	886
808	927
808	925
808	866
809	950
809	900
809	917
809	872
809	985
809	815
809	984
809	893
809	915
810	930
810	929
810	996
810	835
810	902
810	843
810	987
811	866
811	833
811	887
811	969
811	952
812	840
812	904
812	849
813	885
813	896
813	937
813	823
813	846
814	872
814	984
814	917
814	878
814	900
814	976
814	983
814	815
814	914
814	890
815	950
815	956
815	872
815	890
815	917
816	981
816	828
816	817
817	981
817	862
817	828
818	939
818	963
819	995
819	940
820	989
820	909
820	912
820	824
820	920
820	876
820	923
820	935
821	826
821	842
821	916
822	940
822	937
822	846
822	961
823	851
823	896
823	895
823	954
823	880
823	846
823	962
824	966
824	949
824	946
824	998
824	963
824	889
825	879
825	941
825	964
826	999
826	863
827	883
827	929
827	959
827	843
827	902
827	873
827	926
827	856
828	862
828	981
829	934
829	932
829	988
829	854
829	905
831	885
831	895
831	849
831	856
832	835
832	843
832	883
832	926
832	987
833	927
833	866
833	925
833	877
833	952
834	871
834	884
835	992
835	883
835	856
835	926
835	902
835	929
836	942
836	894
837	897
837	875
837	916
838	964
838	877
838	927
838	848
838	879
839	880
839	990
839	901
839	940
839	846
839	919
840	990
840	961
840	851
840	849
840	845
840	937
841	911
841	899
841	917
842	857
842	888
842	863
842	861
843	926
843	902
843	959
843	992
844	965
844	955
844	998
844	876
844	889
844	923
844	968
844	949
845	940
845	846
845	904
845	990
846	940
846	849
846	937
846	851
847	967
847	979
848	980
848	941
848	964
848	887
848	886
849	962
849	937
849	940
849	885
849	995
850	919
852	857
852	869
853	907
853	994
853	997
853	958
853	970
853	865
854	951
854	934
854	988
855	975
855	965
855	989
856	987
856	929
856	883
856	959
856	930
856	926
857	943
857	867
857	916
857	888
857	875
858	966
858	963
858	949
858	955
859	976
859	915
859	890
859	956
859	914
859	917
859	878
859	983
859	950
859	971
859	972
860	875
860	867
860	999
861	897
861	953
861	916
862	981
863	953
863	943
864	977
864	899
864	948
865	997
865	994
865	958
865	907
866	952
866	882
866	879
867	897
868	947
868	922
868	938
868	898
869	999
869	953
870	952
870	980
870	877
870	927
870	928
871	884
872	976
872	878
872	900
872	917
873	992
873	902
873	996
873	930
874	921
875	953
876	973
876	989
876	936
876	998
876	889
876	968
876	965
877	924
877	980
877	941
877	879
877	886
878	976
878	972
878	956
878	913
878	918
878	985
879	928
879	969
881	971
881	972
881	986
882	952
882	941
882	980
883	959
883	987
883	996
883	992
883	913
885	937
885	901
886	941
886	928
886	887
887	941
887	952
887	927
888	908
888	999
889	998
889	944
889	935
889	965
889	906
890	900
890	913
890	971
891	970
891	958
891	997
891	907
891	934
891	942
892	933
893	900
893	985
893	986
893	918
894	942
895	919
896	995
896	990
896	993
897	953
897	999
898	910
899	977
900	986
900	971
900	950
900	914
900	918
901	937
901	993
901	940
902	992
902	996
902	929
902	940
903	975
903	912
903	963
903	973
903	965
903	955
904	995
905	934
905	988
905	932
906	998
906	949
906	912
906	963
907	997
907	994
907	958
907	970
908	943
908	916
909	955
909	939
909	936
909	931
909	963
909	946
910	991
910	922
910	947
911	977
911	948
912	949
912	973
912	998
913	914
913	917
913	976
914	971
914	978
914	918
914	917
914	915
914	956
915	918
915	950
917	985
917	950
918	985
918	972
918	976
918	984
918	986
919	993
919	962
920	975
920	966
920	946
921	974
921	953
922	947
922	967
923	946
923	966
923	963
923	998
923	975
923	935
924	925
924	927
925	941
925	971
926	929
926	959
927	964
927	969
929	930
929	996
929	987
930	987
930	992
930	996
931	944
931	966
931	936
932	934
932	951
932	958
934	988
935	975
936	946
936	968
936	944
937	995
937	990
938	979
938	960
939	989
941	980
944	975
944	949
944	966
946	968
947	960
947	991
949	965
949	998
950	985
950	986
950	978
951	988
954	990
954	993
955	966
955	968
955	989
955	975
956	983
956	985
956	971
956	976
956	978
957	974
958	970
958	997
958	988
959	987
960	979
961	990
963	998
963	973
963	989
965	966
966	973
966	968
967	979
968	973
970	997
971	985
971	978
971	986
972	986
973	998
976	984
978	984
984	985
985	986
987	992
989	998
990	993
990	995
994	997
