0	768
0	849
0	951
0	702
0	706
0	841
0	813
0	823
0	995
0	762
1	951
1	705
1	424
2	942
2	982
2	778
2	866
2	836
2	938
3	711
3	821
3	908
3	780
3	747
4	773
4	778
4	786
4	784
4	894
4	868
5	825
5	770
5	894
5	739
5	952
6	882
6	825
6	848
6	964
6	742
6	163
7	514
7	8
7	9
7	12
7	13
7	840
7	917
8	13
8	9
8	10
8	136
8	173
9	491
9	18
9	512
9	988
10	221
10	883
11	142
11	236
12	39
12	97
12	13
13	433
13	691
13	355
13	874
14	16
14	48
15	88
15	20
15	113
16	609
16	867
17	67
17	275
18	20
18	216
18	290
18	355
18	408
19	247
19	554
19	80
20	557
21	261
21	27
21	24
21	23
22	23
22	264
22	259
22	25
22	27
23	25
23	27
23	265
24	26
24	27
24	261
24	262
25	259
25	261
25	791
27	263
27	261
28	42
28	30
28	29
28	36
28	181
28	400
29	31
29	30
29	171
30	163
30	356
30	34
30	118
31	32
31	621
32	306
32	664
32	497
32	365
33	135
33	188
33	280
33	589
33	575
33	245
33	774
33	863
34	237
34	50
34	669
34	624
35	41
35	37
35	275
36	41
36	40
36	39
36	436
36	592
37	213
37	41
37	718
38	72
38	565
39	530
39	405
40	41
40	239
41	522
41	239
41	436
42	45
42	115
42	150
42	385
42	709
43	241
43	46
43	489
43	441
43	44
43	250
44	48
44	669
44	744
45	354
45	325
45	48
45	215
46	48
46	731
46	732
47	105
47	255
47	880
48	352
48	170
49	266
49	52
49	175
49	345
49	51
50	415
50	473
50	531
50	610
50	54
51	53
51	54
51	655
52	92
53	110
53	67
53	55
54	55
54	963
55	374
55	602
55	821
56	333
56	57
56	58
56	667
56	60
56	535
56	694
57	134
57	228
58	564
58	469
59	62
59	305
60	112
60	557
60	61
61	144
61	307
61	432
61	135
62	215
62	401
63	67
63	128
63	498
63	68
63	66
63	808
64	83
64	69
64	326
64	204
64	493
65	469
65	67
66	229
66	218
66	337
67	324
67	68
68	130
69	177
69	429
70	72
70	71
70	75
71	73
71	626
72	74
72	282
72	521
72	532
73	75
73	653
73	76
74	76
74	327
74	508
75	248
75	692
75	891
76	106
76	431
77	82
77	79
77	537
78	80
78	903
79	133
79	80
79	535
79	298
80	154
80	381
81	288
81	338
81	641
81	358
82	367
82	218
82	573
83	149
83	289
83	949
84	126
84	85
84	87
84	887
85	88
85	299
85	89
86	242
86	87
86	213
86	989
87	375
87	90
87	88
87	374
87	578
88	562
88	570
89	344
89	90
89	503
89	896
90	392
90	190
90	855
91	94
91	422
92	97
92	94
92	96
93	376
93	456
94	95
95	96
95	317
95	97
95	163
96	315
97	696
97	728
98	100
98	102
98	103
98	885
99	162
99	104
100	101
100	370
100	104
101	300
101	103
101	104
101	472
101	935
102	104
102	387
102	182
102	985
103	275
103	651
104	657
105	108
105	109
105	106
106	108
107	252
107	350
107	645
107	464
107	888
109	338
109	609
110	611
110	160
110	308
111	316
112	113
112	253
112	115
112	650
113	116
113	118
114	118
114	410
114	455
115	116
115	117
115	641
115	347
116	551
116	117
118	587
119	125
119	395
119	124
119	176
120	125
120	399
120	403
120	395
120	341
120	398
121	404
121	122
121	124
121	399
122	123
122	512
122	400
122	396
122	399
123	403
123	400
124	401
124	399
124	403
124	394
124	396
125	397
125	394
125	401
126	155
126	541
126	578
126	132
126	247
127	132
127	468
127	128
128	177
128	993
129	341
129	131
129	481
129	749
129	854
129	920
130	159
130	131
130	593
130	398
130	293
132	258
132	199
132	478
132	861
133	134
133	137
134	135
134	390
134	647
134	935
135	136
135	579
136	139
136	641
137	138
137	458
137	697
137	243
137	517
138	224
138	588
138	462
138	139
140	248
140	142
140	813
140	841
141	142
141	146
141	876
142	158
142	146
142	388
143	145
143	144
143	728
144	405
144	178
145	146
147	153
147	151
148	150
148	149
148	197
149	151
149	150
149	153
149	284
149	890
150	151
150	152
150	590
150	850
151	785
152	361
152	153
152	419
152	541
154	168
155	158
155	228
156	518
156	159
156	341
157	295
157	172
158	159
158	359
158	501
158	628
159	399
159	270
160	191
160	837
161	167
161	183
162	167
162	164
162	165
162	519
162	375
162	401
163	176
163	818
164	165
164	166
164	195
164	901
165	310
166	180
166	167
168	179
168	174
169	425
170	171
170	695
170	723
171	174
171	173
172	173
172	174
172	196
172	945
173	774
173	831
174	620
175	177
175	178
175	923
177	317
177	568
177	178
177	180
177	961
177	969
178	179
179	198
179	584
180	366
180	936
181	250
181	984
182	184
182	293
182	183
182	185
182	663
183	186
183	214
183	184
184	187
184	876
185	271
185	187
185	623
186	286
186	188
187	614
187	188
189	194
189	190
189	413
189	191
190	191
190	194
191	194
192	193
192	195
193	248
194	497
196	364
196	200
197	200
197	202
198	274
198	200
198	199
198	528
199	642
199	202
200	202
200	639
200	201
201	202
201	657
201	782
202	275
202	556
203	208
203	207
204	207
204	226
204	441
204	583
204	205
205	207
205	206
205	607
205	465
205	791
205	944
205	871
206	207
207	209
207	263
208	240
208	296
208	348
208	442
208	468
209	333
209	298
210	211
210	214
211	216
211	213
212	216
212	213
212	797
213	304
213	540
213	640
215	216
215	231
215	274
215	947
216	545
216	291
216	598
216	973
217	220
217	223
217	314
217	601
218	411
218	755
219	222
219	220
219	363
219	221
219	825
219	796
220	475
221	223
222	800
222	787
224	387
224	228
224	478
225	229
225	226
225	987
226	229
226	340
227	336
227	454
227	229
228	715
229	346
229	230
230	437
230	913
231	616
231	233
231	236
231	349
231	482
231	717
231	726
232	233
232	237
232	234
232	256
232	989
233	236
233	312
234	237
234	235
234	590
234	241
234	735
235	236
235	432
235	249
236	447
236	937
237	442
238	243
238	239
239	342
240	242
240	243
240	393
241	318
241	242
242	243
242	278
242	279
242	922
243	428
243	679
243	998
244	535
244	430
244	919
245	251
245	727
246	248
246	247
246	251
246	820
247	482
247	252
248	250
248	560
248	251
248	649
249	467
249	250
249	675
249	801
250	454
251	504
252	254
252	258
252	699
252	912
253	254
253	267
253	355
253	631
253	929
255	258
256	405
256	257
256	628
258	631
259	263
260	263
260	264
260	262
260	277
261	263
261	265
262	265
263	265
263	264
264	265
264	338
265	444
265	956
265	761
266	267
266	273
266	272
267	270
267	273
267	773
268	674
268	270
268	271
269	273
269	270
269	427
269	858
270	316
270	522
270	273
272	676
272	627
273	471
273	515
274	275
274	437
275	345
276	281
276	277
276	906
276	859
277	281
277	278
277	280
278	279
278	280
279	281
280	390
281	460
281	982
282	311
282	393
282	283
282	287
283	289
284	613
284	289
285	286
285	288
285	783
286	287
286	289
286	967
287	320
288	289
288	494
288	759
290	291
291	429
291	292
291	294
292	461
292	412
292	880
293	297
293	294
293	396
293	295
294	706
294	757
295	332
295	296
295	856
296	297
296	449
297	535
298	301
298	302
298	991
299	303
299	302
300	544
300	665
300	302
301	303
301	394
302	533
302	303
302	305
302	304
303	305
303	819
304	849
304	898
304	921
305	577
305	611
306	313
306	499
307	312
307	320
308	314
308	419
308	309
308	313
309	312
309	310
309	313
310	312
311	372
311	594
311	717
311	914
312	321
312	463
313	792
314	319
315	319
315	318
315	662
316	404
317	320
317	319
317	321
318	321
318	320
318	660
318	918
319	493
319	321
320	342
321	457
321	435
321	692
321	799
322	323
322	327
322	329
322	772
323	327
323	329
323	434
324	328
324	325
324	326
325	328
325	326
326	328
327	329
329	961
330	337
330	331
330	332
330	361
330	990
331	336
331	426
331	338
332	572
333	337
333	336
334	336
334	335
334	542
334	350
335	337
335	338
336	519
338	638
339	341
339	344
339	342
339	443
340	343
340	418
340	786
341	343
341	345
341	347
342	404
343	344
343	345
343	939
344	636
344	345
345	502
345	673
348	351
348	353
349	355
350	353
350	351
351	356
351	926
352	725
354	356
354	467
354	355
354	889
357	364
357	358
357	359
357	583
357	362
358	360
358	363
358	364
358	362
358	750
359	364
359	912
360	365
360	635
361	362
361	810
362	365
362	363
364	365
365	704
366	367
366	368
367	370
367	368
368	372
369	370
369	373
369	372
370	372
370	374
370	371
371	471
371	374
371	559
372	374
372	373
375	477
375	377
376	519
376	500
376	506
376	381
376	489
377	380
377	379
378	379
378	380
378	600
379	383
379	382
380	382
381	383
381	382
382	749
383	606
384	391
384	385
384	388
384	393
385	390
385	924
386	387
386	391
386	392
387	750
388	646
388	674
388	389
388	391
388	392
389	393
390	903
391	517
392	403
392	393
394	403
394	402
394	619
395	397
395	404
395	398
395	399
396	397
396	398
396	402
396	521
397	402
397	404
397	399
397	400
398	401
398	399
399	403
400	403
401	403
402	563
402	570
403	700
403	766
405	571
405	413
405	543
406	409
406	414
406	410
407	412
407	496
408	471
409	410
409	412
409	507
409	440
410	413
411	729
412	563
412	981
413	414
414	630
414	675
415	679
416	417
416	421
416	426
416	420
416	992
417	419
417	421
417	427
417	426
417	420
417	998
417	848
418	425
418	424
418	422
418	523
419	427
419	421
419	554
419	925
420	427
421	427
421	426
421	769
422	423
422	424
422	908
423	424
423	425
423	471
423	868
426	479
428	439
428	643
428	674
428	544
429	432
429	906
430	668
430	435
430	434
430	438
430	944
431	437
432	682
432	433
432	792
433	434
433	822
434	435
434	437
435	438
436	561
437	439
439	627
439	659
440	451
440	471
440	995
441	446
441	444
441	448
442	446
443	452
443	453
445	452
446	453
446	451
446	501
447	521
447	453
448	453
449	450
450	451
450	569
451	452
452	592
453	685
454	456
454	460
455	605
455	457
456	466
456	459
456	467
457	458
458	607
459	464
460	464
461	462
462	467
462	463
462	465
462	466
465	466
467	621
469	475
469	478
469	481
469	483
469	482
469	470
469	476
470	472
470	471
471	473
472	475
473	497
474	475
474	528
474	483
475	483
475	478
476	483
476	534
477	479
478	612
480	483
481	707
484	489
484	486
484	499
484	495
484	504
485	503
485	496
485	491
485	575
486	495
486	492
487	498
487	503
488	500
488	490
489	496
489	977
490	503
490	504
490	498
491	494
491	497
492	493
493	500
496	501
502	504
502	878
504	776
505	506
505	523
505	525
506	524
507	513
507	509
507	516
508	510
508	512
508	519
509	513
510	522
511	524
511	513
512	514
513	519
514	518
514	516
515	524
515	521
515	520
516	521
516	962
517	520
518	521
518	524
521	523
522	525
525	686
525	576
526	538
526	534
526	531
526	539
527	548
527	529
527	533
528	533
529	539
529	530
530	548
531	548
532	545
532	534
535	598
536	542
536	538
538	540
538	549
538	650
538	547
539	546
539	547
540	544
541	546
543	549
544	550
545	549
545	721
547	679
547	549
550	552
550	574
550	565
550	983
551	571
552	575
552	576
553	555
553	557
553	562
554	574
554	585
555	577
556	576
557	559
558	569
558	566
558	572
558	575
558	571
559	563
560	568
560	895
561	568
561	580
561	622
562	567
562	572
564	571
564	605
565	566
566	567
566	581
567	571
568	576
568	578
568	581
569	576
570	573
572	767
573	583
573	591
574	583
574	582
575	577
576	844
579	584
580	585
580	584
581	833
582	585
582	968
583	645
586	590
586	594
587	600
587	588
589	630
589	607
590	639
590	640
591	609
592	614
592	599
593	632
593	596
593	615
594	598
595	596
595	635
595	639
596	604
597	637
598	608
599	628
600	607
600	622
600	617
601	640
601	610
601	621
602	615
602	625
602	618
603	625
603	632
604	610
604	633
605	626
606	631
606	628
607	627
608	614
609	620
609	629
611	623
612	615
613	628
613	629
613	616
614	638
617	637
618	632
619	627
619	624
621	632
622	629
622	634
624	626
625	638
626	637
628	630
628	634
629	633
637	638
641	659
642	670
642	663
643	700
643	697
644	681
644	695
644	660
644	671
644	689
646	673
647	649
647	682
647	681
647	690
647	691
647	699
648	668
648	689
648	669
649	677
649	663
649	698
650	671
651	683
652	684
652	658
652	666
652	664
653	680
653	657
653	661
654	662
654	672
655	694
656	663
656	694
656	662
657	677
657	698
657	672
658	696
658	687
660	662
661	696
661	688
661	670
661	693
662	687
664	681
665	700
665	682
666	668
667	683
668	680
668	687
668	960
669	683
669	690
673	685
674	692
676	691
676	680
677	696
678	697
678	682
679	684
679	693
681	700
682	686
686	700
687	689
689	979
701	734
701	951
701	864
701	768
701	955
701	819
701	919
702	823
702	767
703	910
703	982
703	786
703	952
704	961
704	854
704	845
704	822
704	767
704	993
704	948
704	896
704	889
705	949
705	935
705	794
705	954
705	727
705	744
705	895
706	998
706	717
706	936
706	880
706	968
706	899
706	822
706	955
707	860
707	953
707	875
707	891
707	943
708	955
708	885
708	762
708	973
708	734
708	988
708	904
708	895
708	931
708	939
708	920
709	846
709	767
709	813
709	963
709	906
709	756
709	951
709	995
710	797
710	978
710	736
710	815
710	873
710	764
710	884
710	827
710	945
711	861
711	865
711	867
711	729
712	838
712	967
712	796
712	847
712	870
712	927
713	964
713	833
713	928
713	778
713	806
714	775
714	856
714	978
714	883
714	983
714	930
714	878
715	875
715	970
715	888
715	722
716	977
716	989
716	720
716	841
716	851
716	792
716	912
717	733
717	864
717	855
717	759
717	966
717	823
717	738
717	899
718	963
718	988
718	919
719	847
719	898
719	838
719	979
719	808
719	742
720	840
720	813
720	723
720	901
720	919
720	998
720	935
720	909
720	928
721	995
721	904
721	771
721	973
722	874
722	875
723	949
723	803
723	939
723	965
723	772
723	800
723	733
724	949
724	728
724	923
724	812
724	813
724	955
724	801
724	948
724	995
724	794
725	930
725	985
725	797
725	984
725	884
726	828
726	862
726	945
726	902
726	959
726	802
727	791
727	911
727	937
727	905
727	901
727	800
727	844
727	795
727	738
728	889
728	965
728	839
728	876
728	819
728	846
728	803
728	794
729	974
729	865
729	821
729	782
729	869
730	904
730	772
730	762
730	733
730	841
730	839
730	880
730	988
730	823
731	825
731	833
731	778
731	979
731	877
732	978
732	992
733	955
733	968
733	800
733	854
733	965
733	749
733	751
733	738
733	768
733	966
733	846
734	758
734	840
734	858
734	855
734	989
734	935
734	820
734	749
734	951
734	822
734	904
734	813
734	795
734	854
735	918
735	862
735	783
735	740
735	926
736	986
736	883
736	917
736	992
736	981
736	971
736	893
736	984
736	790
736	807
736	978
736	775
736	976
737	831
737	845
737	841
737	965
737	880
737	961
737	759
737	803
737	889
737	844
738	889
738	911
738	919
738	820
738	751
738	954
738	965
738	776
738	800
739	960
739	879
739	836
739	833
739	870
739	811
740	871
740	883
740	913
740	971
740	802
740	972
740	754
741	811
741	898
741	922
741	882
742	922
742	924
742	770
742	882
743	748
743	852
743	785
743	970
743	997
744	955
744	849
744	855
744	794
744	795
744	858
744	767
744	791
744	935
744	903
744	932
744	850
745	863
745	994
745	781
745	997
745	888
745	852
745	891
745	860
745	830
745	837
746	805
746	957
746	821
746	916
746	852
747	857
747	852
747	777
748	752
748	897
748	957
748	921
748	943
748	861
749	774
749	989
749	968
749	771
749	934
749	940
750	845
750	824
750	889
750	818
750	876
750	968
750	858
750	820
750	839
751	951
751	968
751	772
751	823
751	935
751	813
751	955
751	791
751	801
751	919
751	889
752	826
752	798
752	782
752	869
752	957
753	872
753	834
754	765
754	797
754	981
754	992
754	900
755	957
755	793
755	897
755	907
755	891
755	826
756	789
756	839
756	787
756	824
756	895
757	981
757	930
757	956
757	984
757	827
757	881
757	802
758	840
758	968
758	989
758	937
758	932
758	846
758	823
758	767
759	813
759	822
759	789
759	880
759	841
759	849
759	901
759	812
760	865
760	999
760	863
760	780
760	957
760	958
760	793
760	857
761	987
761	976
761	945
761	797
761	862
761	815
762	854
762	788
762	940
762	768
762	772
762	990
762	850
762	812
762	899
762	955
762	840
762	949
762	818
762	801
762	920
762	889
762	771
762	937
762	954
763	976
763	843
763	832
763	890
763	892
764	986
764	878
764	950
764	765
764	890
764	809
764	913
765	816
765	913
765	881
765	971
766	879
766	928
766	784
767	768
767	776
767	789
767	823
767	940
767	975
767	955
767	824
767	961
768	844
768	946
768	920
768	906
768	896
768	989
768	792
768	803
768	919
768	776
769	995
769	904
769	795
769	998
769	903
769	818
769	988
769	896
770	925
770	980
770	887
770	991
770	784
770	979
771	831
771	855
771	932
771	966
771	931
771	939
771	801
772	961
772	948
772	936
772	975
772	774
772	962
772	850
773	778
773	868
773	969
774	949
774	968
774	849
774	919
774	839
774	901
775	790
775	985
776	849
776	905
776	903
776	820
776	823
777	821
777	857
777	907
777	793
777	970
777	891
777	798
777	958
779	784
779	922
779	806
779	886
780	785
780	805
780	869
780	782
781	874
781	865
781	863
781	842
781	860
781	852
783	978
783	814
783	802
783	915
784	928
784	942
784	967
784	980
786	887
786	879
787	919
787	820
787	920
787	931
787	889
787	932
788	955
788	831
788	968
788	905
788	818
789	899
789	993
789	919
789	812
789	840
789	937
789	951
789	905
790	884
790	807
790	959
790	936
790	881
791	935
791	899
792	819
792	812
792	829
792	820
793	821
793	861
793	874
793	860
794	844
794	965
794	824
794	904
794	899
794	911
794	973
794	932
795	951
795	965
795	841
795	920
795	844
795	948
795	845
795	998
795	995
796	979
796	833
797	917
797	817
797	983
797	871
797	892
798	863
798	958
798	916
798	970
799	936
799	946
799	934
799	955
799	895
800	973
800	912
800	876
801	968
801	901
801	876
801	988
801	955
801	903
801	963
801	839
802	827
802	983
802	986
802	978
802	871
802	817
802	950
803	903
803	923
803	846
803	995
803	813
803	906
803	855
803	954
803	845
804	857
804	874
804	916
804	970
805	999
805	857
805	953
805	821
806	910
806	838
806	811
807	959
807	986
807	918
807	810
807	984
808	825
808	910
808	898
808	982
808	886
808	836
809	816
809	950
809	900
809	981
809	929
809	917
810	814
810	983
810	930
810	945
811	866
811	833
811	960
812	948
812	876
812	840
812	855
812	977
812	820
812	923
812	904
813	820
813	844
813	905
813	966
813	932
813	963
814	959
814	872
814	984
814	917
814	884
814	996
814	878
814	817
815	883
815	832
815	817
815	950
815	827
815	956
815	872
816	881
816	827
816	959
816	859
817	914
817	933
817	871
817	987
817	827
817	884
818	988
818	932
818	840
819	855
819	824
819	995
819	939
819	934
820	919
820	989
820	911
820	909
821	997
821	891
821	826
821	874
822	963
822	920
823	946
823	851
823	824
823	858
824	831
824	966
824	846
824	845
824	864
825	836
825	879
826	970
826	957
826	999
827	893
827	933
827	884
827	883
828	881
828	890
828	862
829	934
829	989
829	931
829	901
829	896
829	845
829	975
829	944
830	994
830	908
831	885
831	975
831	895
831	998
832	972
832	835
832	872
832	843
833	894
833	927
834	862
834	985
834	872
834	883
834	981
834	971
834	835
835	978
835	971
835	992
835	878
836	942
836	838
836	882
836	910
837	891
837	970
837	897
838	964
838	877
838	991
839	880
839	990
839	901
839	944
839	940
839	846
839	903
839	919
840	990
840	961
840	946
840	851
840	849
840	864
841	965
841	851
841	962
841	880
842	874
842	958
842	974
843	933
843	978
843	926
843	976
843	983
844	846
844	993
844	965
844	854
844	955
844	998
845	909
845	988
845	977
845	940
845	864
845	846
845	998
846	948
846	998
846	940
846	849
847	969
848	980
848	947
848	941
848	964
849	855
849	923
849	962
849	937
849	934
849	939
850	977
850	965
851	889
851	973
851	934
853	888
853	907
853	861
853	974
854	911
854	904
854	951
855	995
855	975
855	948
856	987
856	983
856	915
856	929
857	943
857	867
857	916
858	966
858	963
858	911
859	976
859	915
860	875
860	867
860	970
861	897
861	957
862	978
862	984
862	890
863	891
863	957
863	953
864	968
864	912
864	962
864	990
865	997
866	952
866	882
867	921
868	947
868	982
868	894
869	974
869	999
870	952
870	942
870	980
870	877
870	927
871	929
871	872
871	918
871	956
872	976
872	878
873	976
873	992
873	884
873	902
873	981
873	985
873	945
874	908
874	997
875	957
875	994
875	953
876	973
876	895
876	989
876	936
877	960
878	976
878	972
878	996
879	928
879	969
879	991
879	922
879	947
880	968
880	935
880	899
881	930
882	960
882	952
882	991
882	941
883	959
883	986
883	987
884	996
885	906
885	937
885	973
886	941
886	928
887	898
888	908
889	998
889	944
889	948
889	935
889	896
890	900
891	970
893	900
893	981
894	922
895	919
896	995
896	968
896	951
897	970
897	953
897	999
898	982
898	942
899	990
900	986
900	971
900	959
901	937
901	955
901	993
902	914
902	992
902	985
903	919
903	975
904	905
904	998
904	963
904	975
904	934
904	948
905	973
905	940
905	949
905	934
906	961
906	998
906	949
907	908
908	958
908	943
909	990
909	955
910	969
910	941
910	924
911	993
911	931
911	936
912	949
913	930
913	914
913	996
913	929
913	959
913	917
914	926
915	918
915	992
916	997
917	985
918	992
918	985
918	930
918	972
919	966
919	993
919	989
919	965
920	975
921	999
922	952
922	947
922	924
923	946
923	966
923	963
923	998
924	925
924	982
924	947
925	941
925	942
926	986
927	947
927	964
927	969
928	938
929	930
929	972
929	956
929	996
929	986
929	933
930	987
930	956
931	990
932	966
932	998
934	944
934	937
934	968
935	954
935	975
936	946
936	968
937	988
937	995
937	990
938	969
938	952
940	968
940	951
940	955
941	960
942	980
944	990
944	975
945	985
945	950
946	962
946	968
947	952
947	980
948	995
949	965
950	981
950	987
951	973
951	977
954	990
954	998
954	966
955	962
955	966
955	968
956	983
958	970
959	987
960	969
962	977
962	989
962	966
967	980
968	995
969	982
971	981
971	992
973	988
973	998
979	982
985	986
986	987
988	993
