0	936
0	814
0	808
0	767
0	841
0	620
0	251
0	625
0	707
0	575
1	885
1	590
1	895
1	615
1	694
1	194
1	189
1	191
1	463
1	713
2	991
2	560
2	738
2	688
2	181
2	581
2	910
2	81
2	711
2	83
3	552
3	741
3	633
3	621
3	618
3	876
3	590
3	772
3	414
4	996
4	572
4	782
4	635
4	739
4	559
4	921
4	555
4	60
4	354
4	109
4	746
4	73
4	502
4	491
4	500
5	886
5	670
5	126
5	128
5	242
5	316
5	122
6	757
6	197
6	200
6	254
6	870
6	644
6	661
6	397
6	208
6	656
7	87
7	85
7	50
7	55
7	53
7	52
7	49
7	235
7	478
7	225
7	486
7	963
7	930
7	736
8	51
8	89
8	90
8	10
9	10
9	90
9	11
9	88
9	86
9	54
9	95
9	303
9	307
9	51
9	114
9	118
10	90
10	11
10	86
10	89
10	54
10	88
10	51
10	94
10	112
10	526
11	86
11	90
11	89
11	51
11	54
11	88
11	112
11	307
11	69
11	114
12	490
12	234
12	487
12	484
13	84
13	52
13	85
13	235
14	16
14	405
14	407
14	924
14	618
15	660
15	697
15	508
15	366
15	914
15	996
15	369
16	407
16	405
16	766
16	737
17	42
17	245
17	601
17	830
18	351
18	803
18	557
18	903
19	411
19	442
19	327
19	91
20	409
20	439
20	341
20	435
20	338
20	337
20	340
20	489
20	247
21	121
21	922
22	185
22	186
22	510
22	474
23	244
23	242
23	238
23	139
23	210
23	126
23	315
23	122
24	187
24	241
24	350
24	567
25	292
25	289
26	239
26	184
26	182
26	143
27	861
27	733
27	619
27	649
27	683
28	32
28	425
28	428
28	427
28	430
28	29
28	33
28	282
28	280
28	457
29	34
29	33
29	427
29	423
29	431
29	428
29	30
29	284
29	429
30	31
30	427
30	33
30	428
30	174
30	285
30	423
30	691
30	284
31	423
31	425
31	431
31	34
31	33
31	284
31	429
31	285
31	280
32	423
32	431
32	426
32	430
32	428
32	425
32	280
32	282
32	329
33	426
33	432
33	424
33	425
33	430
33	428
34	432
34	430
34	429
34	424
34	281
34	675
34	979
34	874
35	38
35	440
35	57
35	532
35	151
36	334
36	39
36	394
36	764
37	389
37	392
37	388
37	823
37	64
38	57
38	440
38	322
38	193
39	334
39	394
39	735
40	41
40	339
40	335
40	554
41	335
41	339
41	714
42	601
42	245
42	134
43	48
43	294
43	105
43	46
43	106
43	109
43	385
43	384
43	108
43	60
43	782
44	111
44	47
44	477
45	268
45	272
45	267
45	923
45	992
45	277
45	96
45	624
46	105
46	106
46	109
46	108
46	48
46	294
46	299
46	491
46	60
46	635
47	111
48	299
48	105
48	294
48	106
48	109
48	108
48	494
48	588
49	53
49	52
49	85
49	55
49	87
49	84
49	486
49	488
49	483
49	50
49	736
49	596
49	554
50	55
50	87
50	52
50	85
50	53
50	492
50	554
50	707
50	865
50	736
50	235
50	714
51	54
51	89
51	88
51	114
51	118
51	323
51	90
51	86
52	85
52	55
52	53
52	87
52	865
52	483
52	995
52	401
52	806
52	226
53	85
53	87
53	230
53	483
53	485
53	714
53	894
53	736
53	236
53	224
54	88
54	89
54	303
54	86
54	114
54	95
54	449
54	388
55	85
55	84
55	87
55	232
55	865
55	230
55	486
55	821
55	596
55	714
56	293
56	172
56	505
56	476
56	475
56	729
57	440
57	348
57	718
58	893
58	537
58	630
58	814
59	289
59	292
59	437
59	525
59	245
60	491
60	354
60	511
60	494
60	500
60	572
60	635
60	780
60	861
60	921
60	739
60	976
60	555
60	838
60	845
61	62
61	82
61	79
61	255
61	353
61	493
61	257
61	468
61	465
62	353
62	496
62	82
62	257
62	253
62	510
62	493
62	466
62	445
62	472
63	66
63	93
63	321
63	64
63	537
63	539
63	319
63	522
63	718
63	151
64	66
64	522
64	532
64	91
64	151
64	519
64	984
64	630
65	69
65	94
65	147
65	97
65	307
65	518
65	114
65	112
65	118
65	95
66	537
66	519
66	91
66	161
66	532
66	515
66	347
66	823
67	521
67	414
67	418
67	535
67	543
67	530
67	92
67	421
67	520
67	325
67	529
67	667
67	307
67	831
68	152
68	542
68	306
68	528
68	165
68	523
68	593
68	919
68	116
68	536
68	909
68	764
68	278
68	735
68	654
68	778
68	848
68	666
68	308
69	94
69	97
69	95
69	518
69	413
69	526
69	524
69	113
70	349
70	935
70	903
70	557
70	390
70	556
70	905
70	819
70	759
70	192
70	351
70	367
71	459
71	368
71	73
71	75
71	795
71	546
71	178
71	634
71	454
71	966
71	763
72	455
72	456
72	373
72	131
72	703
72	616
72	369
72	656
72	266
72	269
72	129
72	747
72	372
72	954
72	167
73	454
73	459
73	795
73	634
73	368
73	546
73	75
73	839
73	998
73	697
73	682
74	460
74	573
74	904
74	223
74	219
74	218
74	746
75	902
75	795
75	178
75	925
75	634
75	459
75	658
75	784
75	454
75	368
76	457
76	969
76	137
76	464
76	670
76	210
76	124
76	122
76	886
76	371
76	238
76	448
76	315
76	447
76	450
76	313
76	452
76	374
76	303
76	317
76	113
76	139
76	851
76	712
76	694
76	650
76	277
76	961
76	286
76	283
76	624
76	856
76	920
77	82
77	258
77	253
77	252
77	80
77	353
77	496
77	255
77	466
77	453
78	170
78	467
78	470
79	82
79	258
79	80
79	510
79	353
79	252
79	253
79	474
79	314
80	258
80	82
80	498
80	257
80	290
80	353
80	466
80	451
81	83
81	357
81	155
81	578
81	549
81	673
82	257
82	255
82	466
82	443
82	252
83	673
83	688
83	560
83	549
83	910
84	422
85	87
85	230
85	483
85	232
85	420
85	714
85	554
86	89
86	88
86	90
86	113
86	114
86	118
86	303
87	225
87	232
87	485
87	492
87	596
87	729
87	482
88	90
88	89
88	113
88	323
88	307
88	97
89	90
89	307
89	118
89	413
89	448
90	541
90	114
90	303
90	112
91	319
91	161
91	519
91	321
91	93
91	515
91	551
92	530
92	520
92	543
92	521
92	535
92	421
92	529
92	418
92	414
92	325
92	744
92	774
92	697
92	885
93	522
93	537
93	322
93	519
93	532
93	718
93	347
93	319
94	97
94	147
94	112
94	541
94	118
94	518
94	114
95	97
95	518
95	303
95	114
95	307
95	113
96	540
96	422
96	408
96	415
96	814
96	647
96	630
96	595
96	908
96	347
96	885
96	825
96	895
96	984
96	840
97	323
97	524
97	112
97	114
97	118
98	99
98	268
99	272
100	104
100	101
100	103
100	944
101	103
101	104
101	487
102	269
102	270
103	104
103	628
104	489
105	299
105	108
105	109
105	294
105	106
105	491
105	966
105	921
106	299
106	109
106	108
106	294
106	383
106	783
106	996
107	300
107	297
107	301
107	296
107	145
108	109
108	294
108	299
108	494
108	220
108	739
109	299
109	294
109	611
109	491
110	576
110	943
110	159
110	915
110	378
112	303
112	307
112	113
112	518
112	114
112	524
112	147
112	541
112	118
112	374
112	916
112	277
112	786
112	457
112	855
112	721
112	824
113	307
113	518
113	541
113	413
113	118
113	147
113	526
113	114
113	303
113	132
113	464
113	374
113	389
113	137
113	851
113	457
113	754
114	118
114	303
114	307
114	526
114	413
114	524
114	147
114	374
114	457
114	897
114	371
115	309
115	305
115	302
115	285
116	117
116	308
116	304
116	523
116	536
116	528
116	166
116	542
116	152
116	533
116	306
116	848
116	909
116	588
116	654
116	666
116	889
116	686
117	306
117	166
117	308
117	533
117	152
117	523
117	653
117	764
117	726
117	666
117	654
117	528
117	831
117	848
117	919
117	304
117	909
117	765
118	303
118	323
118	526
118	524
118	518
118	307
118	147
118	139
118	371
118	773
118	137
118	595
118	283
119	120
119	455
119	131
119	747
119	456
119	373
119	616
119	298
119	212
119	435
120	455
120	656
120	269
120	373
120	862
120	703
120	369
120	870
121	922
122	139
122	374
122	243
122	130
122	886
122	317
122	371
123	462
123	606
123	708
123	852
123	134
123	802
123	489
123	593
123	628
124	238
124	457
124	137
124	244
124	139
124	374
124	316
124	128
124	315
125	138
125	215
125	960
125	372
125	662
125	570
125	508
125	787
125	685
125	809
126	128
126	210
126	130
126	132
126	374
126	457
126	139
126	312
127	818
127	676
127	350
128	132
128	130
128	464
128	180
128	670
128	313
128	317
129	131
129	747
129	656
129	455
129	369
129	456
129	266
129	212
129	661
130	132
130	886
130	969
130	374
130	312
130	464
130	315
131	616
131	369
131	703
131	455
131	656
131	862
131	295
132	670
132	243
132	371
132	374
132	313
132	447
133	852
133	708
133	606
133	134
133	462
133	628
133	489
133	479
133	896
134	606
134	708
134	852
134	462
134	234
134	944
135	375
135	857
135	897
135	659
136	370
136	964
136	959
136	743
137	374
137	464
137	180
137	238
137	450
137	452
137	311
137	312
137	371
137	457
137	317
137	313
137	139
137	914
137	869
137	307
137	832
137	650
137	754
137	281
137	920
137	429
137	343
137	799
137	877
137	992
137	788
137	826
138	372
138	376
138	793
138	662
138	787
138	809
138	177
138	215
138	605
138	607
138	664
138	705
138	561
139	374
139	371
139	464
139	670
139	242
139	886
139	244
139	449
139	316
139	317
139	312
139	457
139	311
139	859
139	712
139	277
139	633
139	282
139	303
139	761
139	973
139	890
139	877
139	938
140	143
140	146
140	141
140	142
140	145
140	296
140	568
140	614
140	913
140	594
141	146
141	143
141	142
141	144
141	145
141	296
141	568
141	913
141	930
142	143
142	144
142	145
142	146
142	667
142	614
142	813
142	798
143	146
143	145
143	668
143	594
143	743
143	614
144	146
144	145
144	184
144	300
144	824
144	667
144	614
144	744
145	146
145	300
145	798
145	568
146	239
146	301
146	966
146	913
147	541
147	323
147	518
147	303
148	166
148	523
148	533
148	304
148	848
148	909
148	306
148	889
148	152
148	831
148	653
148	698
148	778
148	919
148	588
148	735
148	726
148	933
148	686
149	516
149	538
149	805
149	998
149	937
149	774
149	847
150	534
150	416
150	341
151	161
151	515
151	324
151	319
151	348
151	347
151	575
152	165
152	523
152	533
152	653
152	166
152	666
152	764
152	726
152	831
152	848
152	919
152	889
152	735
152	755
152	654
153	399
153	205
154	949
154	631
154	287
154	356
155	598
155	560
155	915
155	738
155	888
155	740
155	929
155	982
155	711
156	918
156	958
156	541
157	158
157	160
157	199
157	553
157	965
157	913
157	798
157	567
157	813
157	966
158	667
158	948
158	899
158	913
158	198
158	798
158	668
158	743
158	959
159	576
159	943
159	586
159	565
160	959
160	743
160	964
160	899
160	667
160	568
160	948
160	835
160	913
161	322
161	519
161	563
161	324
161	348
161	515
161	781
162	318
162	320
162	516
162	538
162	911
162	765
162	999
163	925
163	178
164	896
164	487
164	490
164	836
165	166
165	536
165	533
165	542
165	778
165	593
165	528
165	666
165	817
165	909
165	588
165	831
165	933
165	889
165	653
165	698
165	725
166	528
166	536
166	542
166	308
166	304
166	276
166	686
166	666
166	306
166	735
166	593
166	831
166	778
166	848
167	417
167	203
167	397
167	644
167	403
167	208
167	661
167	797
167	757
167	870
167	579
167	747
167	376
168	173
168	174
168	169
168	426
169	173
169	174
169	427
170	470
171	465
171	473
172	472
173	174
173	425
175	178
175	795
175	546
175	902
176	396
176	204
177	376
177	809
177	990
179	213
179	197
180	452
180	448
181	419
182	184
182	239
182	614
183	188
183	355
183	404
184	239
185	186
185	240
185	443
186	240
186	473
187	241
187	350
187	951
188	355
189	191
189	194
189	840
189	879
189	694
189	908
189	590
189	885
189	550
190	627
190	981
190	941
190	222
191	194
191	610
191	825
191	895
191	885
191	908
191	780
191	659
192	935
192	557
192	195
192	903
192	952
192	349
192	391
192	905
192	900
192	589
192	362
193	984
193	347
193	968
193	458
193	700
193	348
193	823
193	342
193	388
193	522
193	322
193	440
193	539
193	392
193	423
193	983
193	415
193	724
194	345
194	885
194	694
194	463
194	344
194	908
194	590
195	903
195	349
195	935
195	952
195	557
195	390
195	328
195	819
195	833
195	759
195	701
196	959
196	743
196	801
196	966
196	668
196	835
196	899
196	594
196	913
196	813
197	907
197	661
197	797
197	200
197	951
197	757
197	834
197	201
198	199
198	567
198	668
198	568
198	614
198	835
198	643
198	667
198	948
199	668
199	948
199	614
199	813
199	965
199	966
199	202
199	964
200	641
200	661
200	951
200	644
200	564
200	208
200	379
200	397
201	564
201	644
201	954
201	661
201	907
201	397
201	579
201	254
201	870
202	965
202	966
202	798
202	913
202	568
202	668
202	948
202	835
202	959
203	208
203	397
203	834
203	661
203	263
203	402
203	256
203	644
203	907
203	870
203	797
203	641
203	414
204	396
205	399
206	361
206	343
207	727
207	674
207	843
208	417
208	402
208	397
208	579
208	564
208	381
208	834
208	907
208	954
208	951
209	400
209	560
209	688
209	971
209	639
209	740
209	578
209	598
209	711
209	982
209	915
209	929
210	449
211	213
211	579
212	616
212	369
213	263
214	215
214	787
214	662
214	960
215	787
216	929
216	738
217	229
217	873
217	770
218	221
218	931
218	222
218	220
218	227
218	884
218	904
218	219
218	939
219	223
219	221
219	460
219	720
219	829
219	220
219	931
219	746
220	221
220	222
220	904
220	223
220	720
220	884
220	680
221	222
221	904
221	720
221	746
221	680
221	665
221	569
222	573
222	223
222	931
222	746
222	227
222	460
223	931
223	904
223	829
223	460
223	884
223	227
224	228
224	729
224	963
224	995
224	821
224	854
224	987
224	714
224	495
225	942
225	230
225	499
225	930
225	714
226	671
226	806
226	796
227	829
227	931
227	884
227	680
227	939
227	771
228	854
228	554
228	736
228	963
228	796
228	930
228	987
228	729
228	972
229	873
230	894
230	942
230	865
231	235
231	237
231	480
231	486
231	477
231	497
231	482
231	478
231	339
231	950
232	235
232	485
232	236
232	483
232	729
232	894
232	237
233	234
233	479
233	487
233	489
233	896
233	944
233	628
233	462
233	606
233	830
234	479
234	490
234	944
234	462
234	896
234	802
234	628
235	481
235	495
235	236
235	499
235	729
236	237
236	478
236	477
236	501
236	481
236	485
236	884
237	483
237	481
237	482
237	485
237	488
237	894
237	478
238	244
238	243
238	242
238	457
240	466
241	350
241	398
242	244
242	243
242	912
242	886
243	244
243	371
243	912
243	457
244	912
244	374
245	601
246	250
246	332
246	327
246	363
246	509
246	330
246	251
246	261
246	936
246	566
246	329
246	841
246	869
246	881
246	945
246	504
246	878
246	620
246	837
246	707
246	767
246	990
247	359
247	648
247	637
247	924
247	766
247	932
247	264
247	737
247	845
247	964
247	998
247	879
247	556
248	260
248	364
249	251
249	329
249	514
249	327
249	262
249	265
249	332
249	250
249	707
249	625
249	566
249	881
249	261
249	767
249	841
249	869
249	808
249	647
249	814
249	779
249	820
249	857
250	329
250	514
250	332
250	509
250	261
250	513
250	327
250	262
250	570
250	625
250	330
250	265
250	990
250	620
250	808
250	575
250	504
250	442
250	869
250	898
251	265
251	504
251	513
251	509
251	262
251	514
251	327
251	620
251	259
251	767
251	332
251	878
251	945
251	363
251	808
251	881
251	936
251	871
251	827
252	255
252	253
252	258
252	498
252	257
252	446
253	257
253	496
253	255
253	353
253	469
253	864
254	256
254	507
254	641
254	954
254	417
255	353
255	257
255	498
255	258
255	626
256	379
256	579
256	402
256	870
256	661
257	258
257	493
257	443
258	496
258	493
258	465
258	896
259	261
259	504
259	327
259	330
259	265
259	514
259	329
259	566
259	332
259	936
259	513
259	509
259	945
259	570
259	620
259	841
259	878
259	923
259	647
259	808
259	990
260	364
261	262
261	509
261	265
261	330
261	514
261	363
261	990
261	595
261	898
261	625
261	513
261	575
261	620
261	837
261	841
261	647
261	707
261	566
262	265
262	509
262	514
262	330
262	504
262	327
262	595
262	841
262	881
262	869
262	363
262	814
262	707
262	575
262	332
262	878
262	570
262	647
263	360
263	512
263	361
264	637
264	932
264	766
264	845
264	924
264	359
264	479
264	800
264	840
264	600
265	332
265	329
265	504
265	509
265	327
265	923
265	330
265	898
265	936
265	841
265	767
265	595
265	620
265	570
265	808
265	540
266	270
266	269
266	298
266	455
266	747
266	812
267	271
267	272
267	268
267	761
267	570
267	679
267	611
268	272
268	271
268	684
268	530
268	766
269	270
269	298
269	917
269	373
270	917
270	298
270	456
270	373
270	527
271	272
271	682
271	717
271	909
271	944
271	637
272	554
272	700
273	274
273	755
273	685
273	655
273	279
273	756
273	723
273	681
273	773
273	613
274	962
274	657
274	675
274	655
274	811
274	721
274	665
274	744
274	983
275	848
275	909
275	831
275	778
275	276
275	278
275	919
275	523
275	933
275	654
276	698
276	831
276	909
276	666
276	588
276	528
276	308
276	306
277	851
277	650
277	371
277	286
277	992
278	889
278	764
278	831
278	536
278	308
278	593
278	666
278	755
279	665
279	784
279	962
279	717
279	993
279	681
279	548
279	685
279	887
280	284
280	286
280	285
280	281
280	282
280	305
280	423
281	284
281	282
281	283
281	285
281	427
281	424
281	832
282	284
282	286
282	283
282	309
282	424
283	284
283	286
283	285
283	585
283	427
283	555
284	302
284	285
284	625
285	286
285	427
285	430
286	428
286	424
286	430
286	731
287	949
287	631
287	352
288	578
288	991
289	292
289	459
289	521
290	353
290	880
290	493
291	635
291	921
292	437
292	562
293	776
293	476
294	299
294	377
294	500
294	651
295	602
295	863
295	815
296	301
296	297
297	301
297	300
297	667
298	917
298	747
298	862
298	369
299	572
299	635
299	776
299	782
300	301
302	309
302	305
303	307
303	323
303	541
303	526
303	524
303	413
303	457
303	450
303	374
303	700
303	312
304	308
304	306
304	528
304	831
304	523
304	653
304	919
304	778
304	536
304	588
304	848
304	889
304	735
304	654
304	680
305	309
305	358
306	308
306	536
306	528
306	654
306	764
306	831
306	542
306	686
306	933
306	735
306	817
306	919
307	524
307	413
307	526
307	447
307	776
307	311
307	832
307	712
307	799
307	590
308	528
308	542
308	533
308	698
308	654
308	686
308	735
308	933
308	764
308	653
308	778
310	471
310	467
311	316
311	447
311	452
311	313
311	450
311	464
311	457
311	449
311	754
311	950
311	704
312	317
312	315
312	450
312	447
312	452
312	449
312	316
312	448
312	313
313	316
313	448
313	315
313	452
313	449
313	450
313	447
313	374
314	446
314	453
314	445
314	451
314	510
314	473
314	474
314	868
315	316
315	452
315	450
315	317
315	447
315	448
315	464
315	457
316	452
316	448
316	447
316	317
316	371
316	464
316	374
317	449
317	447
317	450
317	448
317	464
317	912
318	538
318	516
318	577
318	805
318	999
318	961
319	519
319	532
319	515
319	324
319	968
319	630
320	516
320	763
320	856
320	842
320	961
320	722
321	322
321	539
321	532
321	537
321	519
321	718
321	584
321	823
322	522
322	539
322	532
322	968
322	657
323	413
323	524
323	526
323	541
324	532
324	537
324	539
324	515
324	718
324	563
324	458
325	529
325	421
325	414
325	418
325	520
325	530
325	543
325	535
325	521
325	597
325	932
326	800
326	692
326	640
326	333
326	701
327	329
327	514
327	330
327	332
327	509
327	513
327	625
327	923
327	945
327	595
327	570
327	936
327	363
327	990
328	331
328	506
328	362
328	701
328	905
328	556
328	557
328	589
329	330
329	513
329	509
329	363
329	841
329	595
329	570
329	808
329	936
329	504
329	923
329	707
329	647
329	837
329	408
330	332
330	509
330	363
330	514
330	513
330	575
330	881
330	990
330	570
330	620
330	707
330	625
330	898
330	878
331	362
331	367
331	905
331	833
331	819
331	701
331	589
331	693
332	513
332	514
332	707
332	647
332	595
332	625
332	575
332	878
332	923
332	898
332	620
332	434
332	837
333	640
333	800
333	692
333	661
334	394
334	831
335	339
335	364
336	820
336	871
336	540
336	422
336	415
337	341
337	338
337	439
337	340
337	409
337	689
337	597
337	435
338	340
338	341
338	435
338	409
338	439
338	908
338	719
340	341
340	435
340	439
340	409
340	696
340	371
341	439
341	435
341	409
341	358
342	348
342	968
342	458
342	984
342	347
342	823
342	700
342	388
342	519
342	620
342	945
342	846
342	871
342	840
342	540
342	908
342	694
342	617
343	660
343	508
343	366
343	804
343	784
344	346
344	694
344	550
344	780
344	610
344	895
344	760
344	713
344	825
345	760
345	885
345	908
345	610
345	780
345	463
345	846
345	615
345	700
346	610
346	840
346	694
346	846
346	908
346	781
346	785
346	659
346	857
347	348
347	823
347	984
347	630
347	968
347	700
347	532
347	515
347	718
347	650
347	547
347	898
347	825
348	984
348	968
348	823
348	700
348	630
348	392
348	668
348	724
348	885
348	547
348	814
348	705
348	372
349	935
349	952
349	903
349	557
349	391
349	759
349	693
349	900
349	701
351	803
351	396
352	356
352	358
352	410
353	445
353	453
353	468
354	500
354	559
354	511
354	491
354	635
354	555
354	572
354	996
355	651
355	494
355	845
356	358
356	410
357	991
357	639
357	578
357	565
357	549
357	560
358	410
359	637
359	737
359	648
359	766
359	845
359	924
359	603
359	769
359	706
359	403
360	361
360	512
360	417
360	870
361	512
361	951
362	367
362	506
362	391
362	556
362	693
362	903
363	514
363	513
363	509
363	504
363	841
363	707
363	837
363	767
363	647
363	566
363	808
363	878
363	620
363	570
363	881
365	581
365	549
365	982
365	590
366	508
366	697
366	660
366	618
366	834
367	506
367	693
367	759
367	819
367	654
367	556
368	454
368	459
368	546
368	634
368	795
368	862
369	373
369	456
369	656
369	616
369	862
369	747
369	917
369	455
369	397
370	567
370	614
370	964
371	457
371	464
371	374
371	452
371	450
371	449
371	832
371	777
371	938
371	663
371	828
372	376
372	793
372	960
372	809
372	787
372	849
372	852
372	438
373	455
373	656
373	747
373	917
373	862
373	703
373	954
373	797
374	464
374	457
374	448
374	449
374	712
374	851
374	926
374	754
374	876
374	686
374	811
374	725
374	608
374	636
375	770
375	807
375	781
376	793
376	809
376	503
376	663
376	960
376	774
376	787
377	384
377	383
377	385
378	382
378	598
378	929
378	400
379	380
379	797
379	402
380	381
380	661
380	564
380	747
381	564
381	403
381	641
382	740
382	910
382	915
382	639
383	384
383	385
384	385
386	412
386	438
386	436
386	414
387	724
387	408
387	871
387	415
388	389
389	392
389	893
390	391
390	557
392	630
393	550
393	879
393	908
393	694
394	889
395	420
395	401
395	865
395	987
397	402
397	403
397	417
397	757
397	954
397	641
397	704
398	400
398	578
398	971
398	927
398	549
398	888
398	581
398	639
398	688
398	943
399	843
400	915
400	549
400	927
400	581
400	740
400	888
400	994
400	738
400	673
400	688
401	420
401	821
402	403
402	907
402	954
402	797
402	757
402	507
402	656
402	455
403	870
403	907
403	757
403	797
403	417
403	951
403	579
403	644
403	656
404	651
405	407
405	932
405	766
406	433
406	441
407	648
407	845
408	551
408	415
409	439
409	435
409	783
409	833
410	949
411	442
411	434
411	814
412	438
412	436
412	543
413	541
413	526
413	524
414	543
414	535
414	421
414	520
414	418
414	521
414	529
414	530
414	665
415	820
415	540
415	871
415	724
415	767
415	551
415	837
415	694
415	807
415	630
415	879
416	534
417	870
417	564
417	641
417	797
417	907
417	512
417	760
418	421
418	520
418	530
418	543
418	535
418	529
418	521
418	775
419	927
420	987
421	530
421	543
421	520
421	529
421	521
421	535
422	551
422	724
422	547
422	921
422	820
422	945
422	990
422	767
422	770
422	936
422	630
422	823
422	760
423	429
423	428
423	426
423	424
424	426
424	432
424	429
424	655
425	432
425	428
425	430
425	426
425	431
426	432
426	429
426	431
426	428
427	431
427	432
427	430
428	431
429	432
429	431
429	542
430	432
430	431
431	432
432	941
433	441
434	442
434	595
435	439
435	701
436	438
436	521
439	743
439	768
440	968
441	450
443	445
443	446
443	451
443	600
443	468
444	505
444	475
444	596
444	799
445	453
445	451
445	446
445	868
445	863
446	451
446	453
446	469
446	473
447	450
447	448
447	464
447	452
447	457
448	452
448	450
448	449
448	457
449	452
449	450
449	969
449	464
450	452
450	464
451	844
451	955
451	469
451	496
452	457
453	466
453	955
453	468
453	868
454	546
454	634
454	795
454	902
454	682
454	698
454	484
454	459
455	456
455	747
455	656
455	661
455	870
455	896
455	907
456	747
456	616
456	862
456	703
456	870
456	829
456	640
456	917
456	954
457	464
457	670
457	926
457	832
457	634
457	851
457	813
457	964
457	791
457	979
457	753
457	613
457	733
458	700
458	984
458	539
458	936
459	902
459	546
459	790
459	776
459	634
459	795
459	796
460	720
460	829
460	746
461	760
461	879
461	590
461	825
461	694
461	885
461	610
462	708
462	944
462	484
462	606
463	825
463	885
463	590
463	895
464	670
464	950
464	550
464	926
464	650
464	686
464	658
464	646
464	648
464	763
464	856
465	474
465	469
465	466
465	955
465	468
465	473
466	468
466	762
466	474
467	470
467	471
468	474
468	473
468	880
468	626
469	473
469	844
469	626
469	955
470	471
472	475
472	476
472	505
473	474
473	762
473	578
474	762
474	693
475	476
475	505
475	752
475	790
476	561
476	627
477	481
477	480
477	486
477	482
477	483
477	777
477	999
478	492
478	480
478	495
478	488
478	497
478	482
479	487
479	489
479	490
479	628
479	830
479	896
480	483
480	485
480	942
480	987
480	481
480	777
480	554
481	488
481	486
481	561
481	854
481	497
482	486
482	499
482	501
482	497
482	894
483	995
483	492
484	487
484	628
484	944
484	896
484	601
484	742
484	610
485	501
485	942
485	995
485	596
486	488
486	492
486	729
487	896
487	836
487	606
487	852
488	671
488	854
488	930
488	987
488	796
489	490
489	628
490	628
490	836
490	852
491	494
491	500
491	511
491	572
491	739
491	921
491	635
491	996
491	745
491	782
491	936
491	559
492	495
492	499
492	501
493	498
493	496
494	500
494	635
494	921
494	572
494	996
494	559
494	821
494	561
494	722
494	697
495	501
495	497
495	499
495	554
496	498
497	499
497	995
497	821
498	510
498	880
499	501
499	995
500	555
500	739
500	635
500	782
500	996
500	993
500	543
500	572
501	729
501	561
502	503
502	699
502	617
502	860
502	786
502	846
503	786
503	617
503	822
503	624
503	835
503	825
504	514
504	509
504	513
504	945
504	808
504	566
504	869
504	881
504	814
504	647
504	923
504	878
504	707
504	713
506	792
506	935
506	900
506	759
506	819
507	661
507	579
507	641
507	870
507	703
508	660
508	597
508	776
509	514
509	575
509	767
509	945
509	625
509	808
509	814
509	837
509	513
509	881
511	739
512	954
513	514
513	878
513	625
513	923
513	869
513	647
513	841
513	898
513	767
513	837
513	808
514	945
514	808
514	990
514	841
514	898
514	869
514	881
514	923
514	837
515	537
515	522
515	563
516	538
516	847
516	985
517	582
517	527
517	587
517	822
518	526
518	541
519	522
519	539
520	529
520	530
520	521
520	535
520	543
520	921
520	962
520	710
521	530
521	543
521	535
521	529
522	537
522	718
522	823
523	542
523	528
523	536
523	593
523	666
523	588
523	919
523	817
523	533
523	726
523	653
523	654
524	541
525	531
525	562
525	864
527	587
527	582
528	542
528	533
528	536
528	726
528	933
528	848
528	593
528	559
528	735
529	543
529	535
529	530
529	872
529	940
529	996
530	535
530	543
530	782
531	864
531	562
531	696
532	539
533	542
533	653
533	735
533	889
533	848
533	909
533	726
533	933
533	698
533	593
533	654
535	543
535	643
535	691
535	749
535	914
536	542
536	686
536	919
536	653
536	593
536	817
536	909
536	726
536	933
536	735
537	563
537	893
538	577
538	914
538	956
539	718
539	984
540	820
540	931
540	566
540	881
540	898
540	694
540	785
540	547
540	570
540	869
540	986
542	919
542	889
542	909
542	735
542	653
542	686
542	588
542	593
543	669
543	981
544	704
544	799
544	890
544	715
544	779
544	776
544	604
545	655
545	646
545	605
545	548
545	592
545	970
545	744
545	856
546	902
547	724
547	871
547	827
547	551
547	950
547	625
547	984
547	898
547	630
547	814
547	840
547	705
548	755
548	744
548	928
548	613
548	992
548	979
548	970
548	721
548	585
549	565
549	639
549	971
549	740
549	688
549	560
550	840
550	825
550	846
550	879
550	615
550	908
550	760
550	780
550	895
551	820
551	871
551	898
551	990
551	878
551	837
551	814
551	647
551	821
551	827
551	869
552	591
552	633
552	663
552	695
552	978
552	618
552	791
552	823
552	678
552	669
552	816
552	696
553	798
553	567
553	966
553	668
553	743
553	964
553	594
553	801
553	959
553	899
553	667
553	813
553	835
553	913
553	965
554	963
554	930
554	796
554	854
554	714
554	729
554	995
554	596
554	736
554	561
554	821
554	987
554	777
554	567
554	822
554	735
555	739
555	782
555	572
555	996
555	559
555	921
555	891
555	652
556	759
556	905
556	900
556	701
556	819
556	792
556	693
556	589
556	833
556	935
556	557
556	952
556	803
557	952
557	935
557	903
557	905
558	977
558	689
558	629
558	906
558	789
558	761
558	742
558	855
558	706
558	853
558	664
558	997
558	609
558	989
558	702
558	758
558	593
559	635
559	921
559	739
559	996
559	782
559	572
559	823
559	592
559	848
559	847
559	779
560	991
560	565
560	673
560	929
560	711
560	688
560	994
560	578
560	915
560	598
560	982
560	639
560	740
560	888
561	714
561	821
561	854
561	987
561	777
561	736
561	796
561	963
561	930
561	671
561	729
561	596
561	995
561	884
561	865
561	928
561	709
562	864
563	718
563	823
563	700
563	984
563	968
564	757
564	644
564	834
564	661
564	907
564	951
564	870
564	641
564	954
564	797
565	927
565	598
565	578
565	711
565	991
565	982
565	910
565	738
565	888
565	994
565	929
565	971
566	990
566	570
566	923
566	878
566	625
566	936
566	575
566	707
566	881
566	837
566	841
566	595
566	647
566	808
566	620
566	945
566	820
566	724
566	807
566	588
566	823
566	871
567	614
567	891
567	965
567	643
567	743
567	668
567	594
567	667
567	959
567	813
567	568
567	835
567	966
567	948
567	801
567	913
567	828
567	964
567	998
567	899
568	965
568	891
568	743
568	913
568	801
568	594
568	899
568	813
568	959
568	835
568	668
568	948
568	667
568	614
568	964
568	643
568	798
568	749
569	680
569	771
569	939
569	573
569	829
569	751
570	814
570	647
570	625
570	945
570	990
570	878
570	595
570	841
570	575
570	881
570	923
570	936
570	808
570	807
570	968
570	840
570	908
571	753
571	875
571	824
571	828
571	847
571	622
571	682
571	604
571	687
571	580
571	608
571	774
571	938
571	866
571	645
571	804
571	999
571	779
571	783
571	623
571	748
571	956
571	632
571	998
571	872
571	763
571	675
571	973
571	811
571	725
571	839
571	877
571	985
571	790
572	996
572	782
572	635
572	921
572	739
572	700
572	967
572	689
572	795
572	960
573	904
573	720
573	829
573	799
574	822
574	623
574	916
574	608
574	839
574	828
574	859
574	599
574	920
574	722
574	632
574	804
574	824
574	730
574	734
574	961
574	914
574	883
574	642
574	665
574	646
574	799
574	774
574	675
574	715
574	679
574	721
574	756
574	605
574	592
574	622
574	611
574	820
574	973
574	937
574	974
574	976
575	869
575	837
575	990
575	945
575	620
575	707
575	814
575	936
575	881
575	923
575	841
575	767
575	625
575	808
575	588
575	659
575	595
575	615
575	908
576	943
576	586
576	639
577	842
577	805
577	672
577	765
577	810
577	911
578	910
578	915
578	982
578	971
578	688
578	673
578	740
578	888
578	581
578	991
578	927
578	639
578	929
578	598
578	711
579	870
579	797
579	951
579	907
579	834
579	757
579	644
579	641
579	954
579	661
580	916
580	682
580	914
580	632
580	645
580	683
580	599
580	983
580	961
580	998
580	690
580	748
580	957
580	679
580	999
580	681
580	973
580	856
580	755
580	882
580	877
580	892
580	938
580	775
580	956
580	822
580	758
580	613
580	611
580	960
580	665
580	734
581	971
581	740
581	915
581	910
581	888
581	991
581	688
581	929
581	927
581	711
581	673
582	587
582	979
583	681
583	723
583	721
583	675
583	605
583	755
583	613
583	877
583	776
583	646
583	645
583	734
583	856
583	682
583	838
583	611
583	974
583	998
583	744
583	779
583	999
583	892
583	937
583	847
583	828
583	957
583	887
583	716
583	784
583	704
583	983
583	774
583	684
583	882
583	883
583	585
583	634
583	970
583	709
583	849
583	725
583	692
583	731
584	874
584	750
584	947
585	790
585	749
585	783
585	734
585	804
585	612
585	709
585	890
585	599
585	632
585	683
585	753
585	976
585	779
585	682
585	715
585	763
585	883
585	636
585	847
585	657
585	892
585	875
585	748
585	985
585	758
585	725
585	704
585	744
585	849
585	685
585	691
585	882
585	752
585	775
585	839
585	824
585	872
585	937
585	716
585	979
585	622
586	943
586	740
587	721
588	933
588	909
588	919
588	889
588	817
588	848
588	686
588	778
588	831
588	764
588	735
588	653
588	742
588	726
588	678
589	759
589	792
589	833
589	905
589	701
589	819
589	952
589	693
589	900
590	694
590	825
590	760
590	610
590	895
590	615
590	879
590	840
590	780
590	908
590	846
590	897
590	885
590	980
591	791
591	677
591	669
591	772
591	741
591	678
591	695
591	633
591	618
591	621
591	663
591	696
591	652
591	913
591	905
591	869
592	946
592	887
592	744
592	970
592	928
592	993
592	721
592	657
592	679
592	756
592	612
592	973
592	773
592	931
592	622
592	783
592	859
592	914
592	919
592	764
592	890
592	850
592	632
592	730
592	998
592	774
592	916
592	882
592	849
592	866
592	752
592	856
592	892
592	976
592	690
592	817
592	675
593	654
593	817
593	735
593	686
593	933
593	909
593	653
593	778
593	698
593	764
593	889
593	831
593	848
593	995
593	726
593	648
594	899
594	614
594	891
594	835
594	948
594	667
594	801
594	668
594	965
594	913
594	964
594	959
594	798
594	643
595	647
595	869
595	881
595	936
595	898
595	923
595	841
595	767
595	837
595	814
595	707
595	945
595	871
595	700
595	908
595	781
596	854
596	777
596	821
596	995
596	736
596	987
596	729
596	930
596	796
596	714
596	746
596	963
596	679
597	791
597	695
597	741
597	663
597	816
597	696
597	978
597	652
597	782
597	678
598	915
598	888
598	971
598	738
598	688
598	673
598	910
598	639
598	982
598	994
598	929
598	711
599	973
599	788
599	883
599	790
599	687
599	804
599	985
599	622
599	684
599	999
599	956
599	758
599	632
599	749
599	839
599	847
599	709
599	721
599	887
599	822
599	655
599	838
599	704
599	691
599	679
599	681
599	682
599	665
599	623
599	636
599	755
599	961
599	685
600	955
600	626
600	844
600	880
600	762
600	868
602	863
602	815
603	769
603	972
603	845
603	932
604	752
604	632
604	608
604	788
604	890
604	779
604	730
604	753
604	916
604	645
604	734
604	775
604	612
604	859
604	749
604	799
604	983
604	804
604	691
604	920
604	622
604	992
604	970
604	937
604	956
604	979
604	642
604	847
604	883
604	850
604	681
604	655
604	611
604	716
604	646
604	824
604	685
604	828
604	961
604	758
604	776
604	783
604	665
604	636
604	723
604	717
605	887
605	992
605	646
605	611
605	723
605	675
605	776
605	755
605	655
605	613
605	877
605	850
605	784
605	928
605	970
605	687
605	623
605	824
605	883
605	734
605	973
605	779
605	849
605	748
605	722
605	961
605	974
605	632
605	937
605	788
605	731
605	804
605	642
605	790
605	875
605	679
605	956
606	708
606	852
606	830
607	719
607	853
607	989
607	710
607	855
607	812
607	967
607	768
607	867
607	977
607	751
607	906
607	742
607	638
607	702
607	794
607	732
607	609
607	953
607	809
608	838
608	632
608	883
608	622
608	790
608	658
608	645
608	763
608	687
608	704
608	890
608	734
608	683
608	715
608	723
608	684
608	725
608	962
608	882
608	774
608	946
608	730
608	623
608	758
608	655
608	752
608	749
608	892
608	936
608	760
608	611
608	799
608	856
608	681
608	983
608	679
608	675
609	853
609	867
609	794
609	732
609	638
609	728
609	975
609	629
609	826
609	719
609	989
609	768
609	967
609	751
609	901
609	885
610	885
610	760
610	846
610	895
610	840
610	825
610	694
610	780
610	879
610	908
610	857
610	659
610	898
610	630
610	837
610	986
610	789
611	685
611	993
611	979
611	636
611	850
611	756
611	962
611	748
611	784
611	877
611	681
611	657
611	675
611	938
611	799
611	928
611	658
611	716
611	731
611	655
611	847
611	866
611	856
611	983
611	914
611	758
611	773
611	622
611	790
612	763
612	824
612	892
612	999
612	682
612	779
612	985
612	622
612	774
612	642
612	847
612	790
612	822
612	882
612	749
612	632
612	916
612	970
612	983
612	715
612	717
612	937
612	723
612	752
612	804
612	866
612	993
612	658
612	613
612	811
612	998
612	773
612	690
612	973
612	691
612	914
612	704
612	788
612	755
612	838
612	645
613	811
613	992
613	657
613	721
613	979
613	877
613	962
613	646
613	744
613	776
613	731
613	850
613	715
613	914
613	783
613	748
613	655
613	822
613	622
613	665
613	866
613	645
613	838
613	790
613	716
613	799
613	849
613	682
613	749
613	756
613	998
613	938
613	687
614	948
614	899
614	743
614	813
614	913
614	835
614	891
614	798
614	965
614	667
614	643
614	964
614	801
614	755
615	908
615	879
615	760
615	825
615	885
615	895
615	694
615	840
615	986
615	897
615	745
615	923
615	767
615	990
615	816
615	932
616	862
617	860
617	786
617	624
617	699
618	741
618	663
618	621
618	791
618	669
618	816
618	652
618	772
618	695
618	978
618	876
618	633
619	861
619	649
619	733
620	814
620	878
620	707
620	767
620	945
620	837
620	841
620	990
620	898
620	647
620	625
620	881
620	808
620	827
620	984
620	840
621	940
621	678
621	696
621	978
621	816
621	959
621	809
621	859
621	847
621	996
622	790
622	883
622	753
622	763
622	890
622	687
622	783
622	916
622	716
622	956
622	704
622	775
622	892
622	658
622	730
622	999
622	752
622	682
622	872
622	983
622	970
622	799
622	715
622	928
622	946
622	744
622	691
622	681
622	657
622	655
622	623
622	636
622	875
622	632
623	790
623	804
623	849
623	758
623	985
623	976
623	632
623	938
623	683
623	725
623	998
623	763
623	716
623	974
623	682
623	882
623	657
623	691
623	824
623	961
623	704
623	979
623	875
623	937
623	645
623	721
623	788
623	957
623	962
623	850
623	655
623	779
623	717
623	715
623	999
623	687
623	866
623	752
623	799
623	783
624	786
624	860
624	699
625	923
625	869
625	814
625	707
625	898
625	841
625	945
625	808
625	837
625	990
625	767
625	881
625	878
625	630
626	844
626	880
626	762
626	868
627	941
627	981
628	944
628	896
628	836
628	636
628	846
628	910
629	975
629	906
629	751
629	853
629	732
629	989
629	812
629	742
629	761
629	794
629	977
629	997
629	789
629	702
629	967
629	901
629	867
629	934
629	826
629	719
629	780
629	988
630	968
630	700
630	823
630	984
630	837
630	869
630	879
631	949
632	875
632	998
632	709
632	859
632	683
632	956
632	658
632	892
632	784
632	824
632	684
632	723
632	687
632	679
632	839
632	788
632	983
632	882
632	749
632	887
632	866
632	665
632	973
632	758
632	783
632	755
632	776
632	691
632	999
632	811
632	974
632	877
632	682
632	838
632	804
632	773
632	849
633	695
633	772
633	652
633	663
633	677
633	791
633	669
633	876
633	696
634	795
634	940
634	992
634	948
635	921
635	782
635	739
635	996
635	666
635	960
635	758
636	850
636	992
636	681
636	731
636	993
636	979
636	811
636	683
636	920
636	962
636	776
636	822
636	877
636	753
636	973
636	828
636	658
636	725
636	773
636	985
636	866
636	779
636	679
636	775
636	709
636	723
636	715
636	790
637	766
637	845
637	648
637	737
637	924
637	932
638	664
638	710
638	728
638	742
638	901
638	794
638	761
638	934
638	689
638	732
638	812
638	953
638	706
638	855
638	853
638	989
638	826
638	975
638	906
638	858
638	751
638	977
639	673
639	994
639	740
639	688
639	738
639	910
639	888
639	927
640	800
640	692
641	834
641	951
641	661
641	870
641	797
641	907
641	954
641	644
641	750
641	966
642	985
642	683
642	938
642	783
642	658
642	847
642	779
642	890
642	749
642	957
642	822
642	758
642	776
642	690
642	722
642	872
642	748
642	682
642	828
642	992
642	788
642	685
642	962
642	811
642	859
642	999
642	970
642	731
642	755
642	675
642	774
642	804
642	875
643	798
643	667
643	668
643	835
643	891
643	964
643	801
643	913
643	959
643	966
643	716
643	948
643	965
643	809
643	691
644	797
644	907
644	870
644	951
644	834
644	757
644	954
644	747
645	682
645	704
645	730
645	709
645	824
645	847
645	822
645	961
645	938
645	914
645	976
645	838
645	866
645	788
645	882
645	983
645	790
645	962
645	731
645	856
645	675
645	916
645	734
645	970
645	883
645	690
645	646
645	849
645	684
645	691
645	890
645	729
646	681
646	928
646	748
646	979
646	679
646	657
646	811
646	993
646	715
646	773
646	709
646	725
646	946
646	788
646	976
646	856
646	898
646	684
646	824
646	914
646	730
646	872
646	850
646	956
646	682
646	846
647	990
647	898
647	767
647	707
647	841
647	814
647	923
647	945
647	936
647	808
647	878
647	745
647	724
647	879
648	932
648	924
648	737
648	766
648	845
648	769
648	972
648	977
648	888
649	733
649	861
649	799
650	926
650	950
650	832
650	712
651	658
651	728
652	741
652	678
652	669
652	772
652	663
652	940
652	876
652	792
652	978
652	816
653	666
653	764
653	831
653	919
653	726
653	686
653	817
653	698
653	735
653	909
653	933
653	654
653	889
653	979
653	963
653	702
654	698
654	848
654	778
654	666
654	909
654	735
654	686
654	919
654	764
654	933
654	889
654	667
654	883
654	828
655	946
655	721
655	731
655	811
655	962
655	744
655	657
655	755
655	717
655	974
655	993
655	684
655	828
655	920
655	859
655	839
655	752
655	992
655	675
655	715
655	804
655	679
655	822
655	983
655	723
655	704
655	970
655	895
656	862
656	703
656	917
656	951
656	759
657	850
657	665
657	962
657	721
657	877
657	748
657	717
657	992
657	928
657	970
657	731
657	882
657	773
657	824
657	723
657	715
657	799
657	883
657	690
657	847
657	685
657	957
657	985
657	828
657	998
657	763
657	755
657	758
657	775
657	734
657	684
657	956
657	946
657	938
657	760
657	725
657	784
658	961
658	828
658	859
658	938
658	716
658	956
658	790
658	752
658	753
658	775
658	973
658	758
658	725
658	799
658	783
658	974
658	999
658	916
658	704
658	682
658	883
658	882
658	776
658	875
658	822
658	849
658	730
658	970
658	811
658	920
658	892
658	962
658	690
658	964
658	983
658	847
658	979
659	781
659	745
659	807
659	986
659	705
659	785
659	770
659	857
659	897
659	980
659	713
659	895
659	820
660	697
660	694
660	689
661	907
661	757
661	797
661	954
661	951
661	877
662	793
662	787
663	678
663	695
663	669
663	940
663	677
663	816
663	741
663	791
663	696
664	977
664	689
664	761
664	719
664	702
664	751
664	967
664	710
664	906
664	934
664	855
664	732
664	768
664	826
664	706
664	858
664	794
664	812
664	901
664	975
665	679
665	946
665	877
665	723
665	731
665	811
665	776
665	962
665	748
665	722
665	744
665	916
665	882
665	687
665	685
665	993
665	928
665	875
665	937
665	749
665	957
665	859
665	675
665	709
665	681
665	985
665	889
665	730
665	849
665	824
665	706
666	889
666	698
666	909
666	919
666	778
666	726
666	764
666	735
666	817
666	686
666	848
667	891
667	966
667	835
667	959
667	743
667	913
667	965
667	798
667	668
667	964
667	813
667	948
668	813
668	801
668	965
668	835
668	798
668	964
668	966
668	913
668	948
668	743
668	959
668	899
669	741
669	791
669	978
669	876
669	696
671	806
672	842
672	810
672	805
672	765
672	752
672	723
672	965
673	994
673	929
673	738
673	971
673	910
673	711
673	991
673	688
673	888
673	982
673	740
673	844
674	843
674	727
675	993
675	717
675	723
675	679
675	756
675	850
675	731
675	755
675	744
675	828
675	734
675	748
675	749
675	721
675	938
675	962
675	920
675	704
675	763
675	788
675	690
675	916
675	783
675	684
675	683
676	818
677	695
677	678
677	741
677	772
677	696
677	743
678	772
678	978
678	816
678	696
678	766
678	944
678	756
679	877
679	744
679	946
679	731
679	721
679	756
679	928
679	887
679	992
679	998
679	763
679	758
679	716
679	804
679	957
679	687
679	725
679	779
679	875
679	784
679	681
679	704
679	821
679	799
679	974
679	839
680	939
680	771
681	717
681	993
681	979
681	685
681	709
681	716
681	892
681	962
681	683
681	776
681	682
681	850
681	985
681	928
681	779
681	749
681	725
681	774
681	998
681	946
681	999
681	882
681	859
681	973
681	744
681	938
682	838
682	753
682	938
682	752
682	957
682	758
682	709
682	999
682	998
682	882
682	976
682	783
682	779
682	883
682	937
682	804
682	725
682	887
682	850
682	684
682	839
682	811
682	717
682	985
682	914
682	773
682	946
682	775
682	731
682	824
682	788
683	985
683	882
683	722
683	716
683	838
683	799
683	883
683	763
683	752
683	872
683	976
683	856
683	804
683	790
683	690
683	709
683	937
683	866
683	859
683	892
683	973
683	914
683	850
683	998
683	721
683	946
683	916
683	839
683	731
683	992
684	763
684	753
684	730
684	956
684	691
684	822
684	709
684	804
684	774
684	976
684	999
684	892
684	799
684	985
684	783
684	842
684	849
684	775
684	938
684	776
684	704
684	744
684	914
684	887
684	847
684	828
684	877
684	872
684	973
684	717
684	788
685	755
685	993
685	721
685	946
685	723
685	717
685	748
685	992
685	776
685	756
685	784
685	691
685	744
685	866
685	749
685	709
685	999
685	811
685	725
685	763
685	687
685	730
686	933
686	889
686	764
686	909
686	848
686	726
686	817
686	831
686	778
686	930
686	816
687	859
687	866
687	956
687	691
687	790
687	957
687	725
687	856
687	920
687	999
687	983
687	839
687	850
687	877
687	890
687	722
687	752
687	962
687	734
687	822
687	993
687	992
687	709
687	938
687	811
687	715
687	775
687	690
687	828
687	773
687	882
687	788
687	928
687	979
688	982
688	971
688	991
688	740
688	738
688	711
688	927
688	888
688	910
688	915
688	929
688	994
689	812
689	710
689	867
689	953
689	794
689	761
689	728
689	768
689	997
689	719
689	853
689	742
689	826
689	975
689	988
689	977
689	906
689	901
689	732
689	749
690	775
690	847
690	799
690	838
690	704
690	709
690	856
690	725
690	973
690	976
690	811
690	748
690	763
690	992
690	892
690	788
690	790
690	849
690	872
690	993
690	999
690	755
690	875
690	822
690	877
690	938
690	756
690	883
691	882
691	974
691	804
691	920
691	911
691	890
691	722
691	883
691	998
691	916
691	999
691	962
691	799
691	839
691	849
691	956
691	755
691	957
691	872
691	892
691	763
691	970
691	866
692	800
693	833
693	819
693	792
693	900
693	701
693	952
693	905
693	759
693	963
694	908
694	885
694	846
694	760
694	840
694	780
694	705
694	770
694	745
694	825
694	933
694	895
694	984
694	767
694	845
695	940
695	741
695	772
695	696
695	791
695	816
696	940
696	791
696	772
696	978
696	741
696	876
697	708
698	889
698	735
698	831
698	817
698	933
698	919
698	755
698	891
698	848
698	699
698	726
698	795
699	860
699	786
699	775
699	885
700	823
700	984
700	968
700	869
700	841
700	923
700	780
701	792
701	900
701	819
701	759
701	833
701	903
701	935
701	952
702	906
702	761
702	867
702	855
702	728
702	858
702	901
702	768
702	977
702	812
702	751
702	742
702	853
703	747
703	862
703	995
704	730
704	709
704	974
704	804
704	716
704	849
704	828
704	822
704	961
704	722
704	998
704	756
704	919
704	850
704	847
704	979
704	970
704	985
704	875
704	937
704	882
704	839
704	983
704	897
704	724
704	773
704	824
704	753
704	859
705	713
705	897
705	857
705	770
705	785
705	986
705	807
705	745
705	980
705	781
705	823
705	964
705	885
706	794
706	855
706	934
706	977
706	710
706	906
706	858
706	967
706	751
706	761
706	953
706	732
706	867
706	831
707	923
707	898
707	837
707	841
707	869
707	814
707	767
707	945
707	808
707	990
707	936
707	984
708	852
708	830
708	896
709	722
709	799
709	974
709	783
709	774
709	847
709	734
709	914
709	753
709	788
709	752
709	962
709	973
709	961
709	776
709	717
709	882
709	872
709	890
709	983
709	916
709	839
709	721
710	997
710	953
710	853
710	768
710	728
710	967
710	812
710	901
710	742
710	989
710	988
710	855
710	867
710	934
710	794
710	858
710	940
711	971
711	740
711	915
711	994
711	927
711	929
711	738
711	910
711	888
711	982
711	944
712	851
712	754
712	832
712	856
713	986
713	781
713	980
713	770
713	785
713	807
713	857
713	745
713	897
713	780
713	825
713	760
713	871
714	729
714	796
714	777
714	963
714	930
714	987
714	736
714	821
714	788
714	995
715	753
715	937
715	976
715	775
715	734
715	765
715	847
715	822
715	828
715	892
715	725
715	983
715	744
715	856
715	985
715	962
715	788
715	721
715	824
715	992
715	799
715	920
715	758
715	996
715	774
715	859
715	850
715	716
716	956
716	883
716	828
716	822
716	892
716	890
716	838
716	758
716	973
716	755
716	717
716	763
716	999
716	753
716	974
716	887
716	783
716	983
716	938
716	723
716	785
716	916
716	752
716	804
716	889
717	970
717	887
717	721
717	962
717	744
717	723
717	773
717	992
717	985
717	722
717	875
717	872
717	993
717	774
717	734
717	856
717	920
717	755
717	784
717	838
717	775
717	776
717	819
719	761
719	975
719	901
719	826
719	997
719	728
719	977
719	789
719	989
719	934
719	967
719	812
719	732
719	794
719	906
719	964
719	853
720	904
720	771
721	887
721	756
721	946
721	877
721	970
721	773
721	928
721	731
721	992
721	993
721	849
721	976
721	776
721	744
721	788
721	799
721	856
721	866
721	890
721	938
721	804
721	730
721	775
721	983
721	973
721	839
721	728
721	999
722	822
722	866
722	838
722	985
722	730
722	983
722	976
722	804
722	783
722	749
722	890
722	998
722	914
722	992
722	799
722	849
722	883
722	957
722	877
722	784
722	744
722	753
722	743
722	774
723	731
723	748
723	993
723	979
723	887
723	756
723	850
723	755
723	962
723	744
723	773
723	928
723	838
723	753
723	749
723	725
723	985
723	779
723	992
723	824
723	914
723	811
724	871
724	827
724	936
724	885
724	745
724	820
724	807
725	872
725	753
725	774
725	783
725	973
725	890
725	856
725	838
725	998
725	938
725	961
725	866
725	849
725	937
725	804
725	776
725	811
725	755
725	928
725	883
725	756
725	968
725	875
726	778
726	735
726	848
726	909
726	919
726	889
726	764
727	843
728	934
728	867
728	906
728	761
728	855
728	988
728	789
728	858
728	967
728	751
728	768
728	853
729	736
729	777
729	854
729	995
729	930
729	796
729	963
729	987
729	821
729	783
729	812
730	875
730	916
730	783
730	961
730	983
730	822
730	824
730	753
730	838
730	828
730	775
730	788
730	973
730	974
730	920
730	892
730	985
730	790
730	962
730	774
730	883
730	882
730	872
730	804
730	887
730	734
730	811
730	970
730	866
730	752
730	731
730	992
730	993
730	999
730	784
730	859
730	744
730	851
731	784
731	755
731	979
731	748
731	776
731	970
731	985
731	752
731	758
731	882
731	850
731	916
731	962
731	961
731	956
731	773
731	813
732	867
732	858
732	975
732	988
732	812
732	761
732	901
732	768
732	977
732	742
732	934
733	861
734	882
734	998
734	916
734	753
734	938
734	824
734	838
734	758
734	752
734	872
734	920
734	775
734	776
734	744
734	849
734	963
734	749
734	970
734	983
734	879
734	804
734	754
735	848
735	778
735	919
735	764
735	817
735	933
735	889
735	909
736	854
736	995
736	987
736	777
736	796
736	963
736	930
737	924
737	766
737	932
737	845
738	971
738	888
738	994
738	991
738	982
738	929
738	780
739	782
739	921
739	996
739	796
739	961
740	994
740	915
740	927
740	982
740	888
740	971
740	929
741	816
741	791
741	772
741	996
741	940
742	988
742	751
742	975
742	858
742	906
742	901
742	953
742	826
742	853
742	855
742	867
742	768
742	967
742	934
742	794
743	959
743	835
743	965
743	913
743	966
743	964
743	798
743	813
743	850
743	948
743	891
744	755
744	970
744	946
744	962
744	992
744	887
744	877
744	776
744	784
744	748
744	824
744	914
744	775
744	882
744	839
744	985
744	928
744	804
744	872
744	822
744	956
744	983
745	986
745	980
745	897
745	770
745	857
745	807
745	785
745	879
745	840
745	878
746	884
746	939
747	862
747	907
748	776
748	979
748	850
748	970
748	992
748	788
748	822
748	779
748	872
748	828
748	775
748	946
748	749
748	985
748	790
748	921
748	961
748	916
748	891
748	778
749	783
749	824
749	890
749	839
749	859
749	985
749	753
749	775
749	992
749	973
749	790
749	799
749	822
749	755
749	773
749	998
749	757
750	947
750	874
751	812
751	967
751	906
751	934
751	858
751	901
751	855
751	953
751	867
751	989
751	789
752	892
752	998
752	859
752	916
752	822
752	985
752	866
752	957
752	872
752	974
752	882
752	962
752	774
752	799
752	914
752	976
752	784
752	856
752	811
752	887
752	973
752	839
752	995
752	992
752	758
752	850
753	872
753	938
753	779
753	985
753	957
753	783
753	790
753	824
753	883
753	914
753	983
753	847
753	890
753	828
753	859
753	937
753	776
753	758
753	804
753	882
753	755
753	763
753	838
753	773
753	774
754	950
754	926
754	821
755	992
755	773
755	979
755	790
755	783
755	847
755	866
755	849
755	758
755	920
755	824
755	928
756	784
756	877
756	850
756	779
756	775
756	811
756	839
756	887
756	956
756	983
756	985
756	804
756	938
756	773
756	883
756	914
757	797
757	834
757	870
757	951
757	907
757	847
758	938
758	957
758	839
758	774
758	956
758	892
758	973
758	875
758	974
758	970
758	799
758	992
758	775
758	828
758	946
758	790
758	773
758	821
759	833
759	905
759	819
759	900
759	792
759	957
759	974
760	885
760	895
760	879
760	825
760	780
760	840
760	785
760	980
760	846
760	770
760	820
760	827
760	859
760	860
761	794
761	934
761	989
761	789
761	768
761	906
761	858
761	975
761	867
761	988
761	967
761	853
762	880
762	955
762	868
763	838
763	937
763	828
763	916
763	804
763	784
763	859
763	914
763	872
763	875
763	824
763	979
763	961
763	887
763	774
764	919
764	909
764	831
764	778
764	889
764	933
764	766
765	842
765	810
765	911
766	924
766	845
766	932
766	769
767	841
767	936
767	814
767	898
767	881
767	869
767	945
767	837
767	785
767	968
767	980
768	858
768	988
768	975
768	789
768	901
768	867
768	812
768	967
768	953
768	906
768	997
768	855
768	989
769	972
770	781
770	986
770	980
770	897
770	807
770	857
770	785
770	885
770	878
771	939
771	884
771	914
772	791
772	876
772	826
772	816
772	978
773	992
773	979
773	877
773	887
773	890
773	828
773	839
773	774
773	985
773	866
773	838
773	961
773	790
773	993
773	882
773	799
774	839
774	892
774	973
774	956
774	998
774	779
774	804
774	824
774	822
774	784
774	970
774	916
774	992
774	914
774	877
775	799
775	957
775	956
775	839
775	976
775	856
775	914
775	998
775	847
775	779
775	937
775	822
775	811
775	828
775	999
775	849
775	968
775	784
775	962
776	928
776	992
776	962
776	946
776	916
776	877
776	872
776	890
776	805
776	937
776	993
776	811
776	783
776	824
776	964
777	995
777	930
777	963
777	796
777	821
777	854
777	825
778	919
778	933
778	889
778	817
778	909
778	831
778	921
778	848
779	973
779	847
779	804
779	961
779	872
779	957
779	914
779	998
779	916
779	892
779	790
779	824
779	875
779	810
779	928
779	887
779	990
779	822
779	882
779	983
779	937
780	846
780	840
780	825
780	885
780	879
780	908
780	945
780	957
781	986
781	857
781	980
781	897
781	785
781	807
781	879
781	846
781	945
781	820
782	921
782	996
783	799
783	961
783	937
783	938
783	866
783	911
783	839
783	999
783	973
783	928
783	804
783	920
783	847
783	992
783	974
783	890
783	788
783	956
783	996
783	887
783	892
784	811
784	850
784	914
784	890
784	961
784	856
784	928
784	974
784	849
784	887
784	976
784	828
784	920
784	866
784	938
784	999
784	847
785	857
785	807
785	897
785	980
785	895
785	986
785	849
786	860
786	997
787	960
787	809
788	849
788	983
788	937
788	973
788	974
788	961
788	916
788	859
788	999
788	872
788	957
788	956
788	985
788	979
788	828
788	839
788	993
788	822
789	853
789	867
789	988
789	858
789	953
789	975
789	794
789	989
789	977
789	906
789	826
789	812
790	859
790	890
790	973
790	983
790	914
790	839
790	916
790	956
790	962
790	957
790	856
790	937
790	828
790	849
790	976
790	974
790	872
790	946
790	811
791	978
791	816
792	900
792	819
792	833
792	903
792	803
793	954
794	989
794	812
794	858
794	853
794	975
796	930
796	821
796	995
796	963
796	854
796	817
797	907
797	834
797	954
797	951
797	870
797	917
798	948
798	965
798	966
798	891
798	959
798	899
798	835
798	801
798	813
798	957
799	822
799	937
799	838
799	914
799	916
799	859
799	957
799	866
799	970
799	811
799	804
799	890
799	877
799	962
799	887
801	913
801	959
801	891
801	964
801	835
801	966
801	948
801	899
801	919
801	896
801	965
804	883
804	920
804	872
804	849
804	822
804	938
804	983
804	970
804	916
804	887
804	956
804	962
805	911
805	810
805	842
806	963
807	980
807	986
807	897
807	857
807	898
807	968
808	898
808	990
808	837
808	869
808	841
808	881
808	878
808	814
808	923
808	945
809	944
810	842
810	911
810	998
811	992
811	962
811	928
811	946
811	850
811	970
811	849
811	890
811	892
811	957
811	875
811	872
811	914
811	916
811	976
811	856
811	822
812	934
812	953
812	858
812	906
812	977
812	901
812	947
812	967
812	988
813	964
813	948
813	899
813	891
813	835
813	965
813	959
813	916
814	990
814	898
814	936
814	878
814	869
814	945
814	841
814	881
814	923
815	863
816	940
817	933
817	889
817	848
817	831
817	909
817	990
819	900
819	833
819	905
819	935
820	871
820	963
820	881
820	923
821	995
821	854
821	930
821	963
821	987
821	916
822	828
822	875
822	883
822	973
822	976
822	916
822	856
822	824
822	872
822	914
822	993
822	928
822	983
822	962
822	866
822	849
822	938
822	877
822	920
822	974
823	984
823	968
823	840
824	882
824	875
824	914
824	957
824	859
824	920
824	938
824	998
824	937
824	928
824	956
824	890
824	985
824	856
824	838
825	840
825	908
825	879
825	885
825	895
825	846
825	897
825	998
825	869
825	990
825	871
825	987
825	932
826	967
826	988
826	989
826	977
826	906
826	858
826	853
826	934
827	871
827	839
827	945
827	878
827	841
827	923
827	968
827	869
827	986
827	846
828	866
828	875
828	920
828	839
828	872
828	856
828	849
828	938
828	961
828	887
828	976
828	957
828	999
828	847
828	838
829	931
829	957
830	896
830	944
830	852
831	919
831	889
831	909
831	933
831	959
832	950
832	926
833	900
833	905
833	935
833	903
834	870
834	954
834	907
834	951
835	964
835	965
835	899
835	948
835	959
835	966
837	898
837	923
837	936
837	945
837	878
837	990
837	995
837	871
837	908
838	920
838	872
838	859
838	937
838	983
838	976
838	979
838	973
838	956
838	889
838	999
838	962
838	850
838	914
838	847
838	923
838	932
838	908
839	957
839	920
839	875
839	974
839	866
839	849
839	916
839	892
839	938
839	859
839	899
839	887
840	846
840	895
840	908
840	885
840	857
840	869
840	876
841	881
841	936
841	869
841	919
841	885
842	875
844	880
844	955
845	924
845	932
846	908
846	895
846	879
846	885
847	983
847	956
847	892
847	985
847	946
847	974
847	973
847	877
847	938
847	962
847	916
847	850
847	928
847	937
847	855
848	889
848	919
848	933
849	875
849	957
849	916
849	938
849	883
849	856
849	872
849	866
849	936
849	985
849	882
850	979
850	859
850	920
850	872
850	974
850	937
850	916
850	938
850	973
850	962
850	976
850	970
851	950
851	926
853	967
853	855
853	977
853	988
853	997
853	867
853	858
853	989
853	895
854	930
854	987
854	963
854	995
855	858
855	953
855	934
855	975
855	977
855	989
855	997
855	928
856	976
856	920
856	914
856	892
856	890
856	992
856	998
856	877
856	859
856	961
856	985
856	866
857	897
857	986
857	980
857	879
857	908
858	975
858	997
858	901
858	934
858	989
858	967
858	867
858	906
859	999
859	983
859	938
859	985
859	916
859	970
859	957
859	882
859	961
859	877
859	973
860	890
860	934
862	951
865	942
866	999
866	882
866	920
866	883
866	998
866	890
866	928
866	956
866	962
866	914
866	878
866	957
867	977
867	988
867	967
867	934
867	953
867	997
867	989
868	880
868	955
869	878
869	990
869	881
869	923
869	898
870	951
870	954
871	879
872	956
872	937
872	920
872	985
872	999
872	892
872	882
872	976
872	946
872	983
872	916
872	970
872	993
872	973
872	974
872	957
874	947
875	998
875	916
875	890
875	920
875	914
875	992
875	970
875	985
875	877
875	993
875	928
875	937
875	924
875	973
875	974
876	978
877	993
877	928
877	887
877	999
877	973
877	894
877	992
878	990
878	898
878	923
878	881
878	936
878	897
879	885
879	895
879	908
879	986
879	980
879	999
881	898
881	923
881	945
881	990
881	936
881	933
882	956
882	974
882	998
882	957
882	911
882	890
882	983
882	916
882	985
882	914
882	896
882	937
883	892
883	974
883	914
883	973
883	909
883	979
884	931
885	895
885	986
886	969
887	970
887	957
887	961
887	892
887	992
887	983
887	928
887	974
887	962
887	890
887	998
887	914
887	979
887	956
887	999
888	994
888	971
888	982
888	991
888	910
888	915
888	927
888	929
889	933
889	909
890	985
890	976
890	973
890	956
890	998
891	948
891	899
891	966
891	964
891	913
891	959
891	965
892	974
892	914
892	976
892	983
892	998
892	970
892	961
892	973
892	956
892	962
892	963
892	920
892	957
892	993
893	968
894	942
895	908
895	980
895	920
896	944
897	986
897	980
898	945
898	936
898	980
899	913
899	964
899	966
899	948
899	959
900	905
900	952
901	989
901	977
901	953
901	988
901	967
901	975
903	952
903	935
905	952
905	971
906	989
906	934
906	975
906	977
906	997
907	954
908	984
909	919
909	933
909	990
910	991
910	927
910	929
910	915
910	971
910	994
912	969
913	966
913	948
913	964
913	959
913	965
913	924
914	956
914	998
914	974
914	961
914	983
914	962
915	982
915	971
915	994
916	985
916	999
916	962
916	920
916	928
916	979
916	946
916	983
918	958
919	933
919	926
920	983
920	961
920	938
920	976
920	979
920	999
921	996
923	936
923	945
924	932
924	972
926	950
927	994
927	929
928	946
928	970
928	962
928	983
928	974
928	979
928	937
928	945
928	938
928	992
929	982
929	971
929	991
929	994
930	963
930	995
930	987
934	967
934	975
934	989
935	952
936	945
937	998
937	999
937	956
937	938
937	973
937	993
937	985
937	961
937	974
937	946
937	979
938	983
938	985
938	979
938	992
938	998
938	946
939	976
941	981
942	995
946	970
946	993
946	976
946	983
946	992
946	957
946	999
946	961
946	998
946	974
948	966
948	959
948	965
948	985
951	954
953	989
953	988
953	975
953	967
953	977
956	957
956	985
956	970
957	961
957	973
957	999
957	985
957	976
959	964
959	965
959	997
961	999
961	973
961	998
961	970
961	983
962	979
962	973
962	999
962	976
963	987
963	995
964	966
965	966
967	977
967	988
968	984
970	979
971	991
971	982
971	994
973	979
974	985
974	976
974	993
975	989
975	988
975	977
976	998
976	992
977	997
977	989
979	992
979	993
979	998
979	999
980	986
980	984
983	998
983	993
985	999
985	998
986	990
987	995
988	989
988	997
989	997
991	994
992	999
992	993
993	998